1	80.40413440980122
2	107.4650161968187
1	120.13571707896806
2	131.40718931867562
2	131.44493857257083
2	131.46648809188375
2	131.51657698505693
2	131.5617838264695
2	131.60530003727976
2	131.6934396285918
2	131.75838307778056
2	131.80320598086246
2	131.83469128546096
2	131.93351261944858
2	132.02895448386326
2	132.08956200458337
2	132.13986100976356
1	150.56030850597548
1	150.64708981641135
1	150.66531618722263
2	155.4462206964641
2	155.63805970346905
2	155.69224605171297
2	155.73377027563018
1	160.38503674130556
2	179.22625399986563
2	179.27294093381042
2	179.30145540006814
2	179.40040092630892
1	180.21192411979558
1	200.43211857290345
1	200.48733362976935
1	200.60191955703488
1	200.77471949350232
2	203.18341238134636
2	203.3164705159059
2	227.03818986076365
2	227.05185192004407
1	250.1653807832596
1	250.77787299261408
2	274.9587397477868
2	275.02776834454954
