2	133.92832050620697
2	220.7498550606755
2	278.62813438902566
1	509.6860705030281
1	511.40183829751254
1	539.9604692939956
2	568.0860291962941
1	669.7515839336114
2	1118.0283236968505
1	1160.8715692978224
1	1172.2086838935295
1	1389.7640948775584
1	1429.8676803534358
2	1667.8927657188137
1	1706.0236230551977
1	1721.7744556436328
1	1834.8804282081016
1	1972.814948794424
2	2333.60941374543
2	2420.479067776218
2	2449.3852247698655
2	2449.472268881542
1	2542.510176036072
1	2543.5555034023714
1	2551.7154035631206
1	2931.9346112122107
1	2944.6078969927917
1	3023.891740493712
1	3054.0330421445683
1	3161.968904421647
1	3189.9314232960905
2	3201.8981291673294
1	3340.0159030386285
2	3462.422911523917
1	3515.1421516147548
2	3578.2164495454113
1	3642.156739303037
1	3787.006584971007
2	3809.740274795375
2	3838.6968399253033
2	4041.271144000398
1	4240.7833789776705
1	4340.925288651838
1	4398.763712948954
2	4446.529108766232
2	4475.37918907306
1	4637.170391426216
1	4656.760431174973
1	4765.025690764163
1	4780.882889431218
