1	80.24779017158717
2	126.72893481277836
2	126.76200697291094
2	126.82892740473967
2	126.83473276000049
2	126.90899516660305
2	126.93155943224626
2	127.027011189622
2	127.05849777581166
2	127.0718403678217
2	127.09328433316226
2	150.13967889091322
2	150.27801763883792
2	150.33238859068442
2	150.3772044261436
2	150.43040276177473
2	150.51081772276694
2	150.55687098931776
1	150.63441429262534
1	150.67083987909544
1	150.695434488363
1	160.711773907442
2	173.2052301351841
2	173.2689903032787
2	173.3585129590107
2	173.37943995902754
2	173.41987797879017
1	180.662315439219
2	196.5108816969681
2	196.67500765316515
2	196.78401895566955
1	200.23971082785988
1	200.32348519800638
2	219.78702159014145
2	219.83729672082606
1	230.72879225972898
2	242.96634658974878
1	250.14689663428507
1	250.38608819348136
1	251.01415964080027
1	251.14579182056931
2	266.1823266179018
2	266.264858544516
2	289.4415697695001
