1	80.7237899749371
2	121.51108685215263
2	121.54242908010285
2	121.62740221494398
2	121.67067076539486
2	121.74034604127729
2	121.79471449125587
2	121.82798382755719
2	121.87892754981563
2	144.26957762929223
2	144.31039381025943
2	144.31385897074168
2	144.31993426377568
2	144.48660149740203
2	144.55441615605008
2	144.56600250723167
2	144.62078094680535
2	144.62241611358712
1	151.35269870017783
1	151.40352044269125
1	151.47042259472684
1	160.65554273214192
2	167.1434572183999
2	167.167147413568
2	167.2538144803551
2	167.494252824531
1	180.89814664589017
2	189.80180427673508
2	189.86298698040162
2	189.95790238248668
2	190.06391380834967
1	200.1734669265092
1	200.94200071549528
2	212.71109244108112
2	212.74725248179442
1	230.7442525694303
2	235.41741607651713
1	250.27398566827995
1	250.55712290265092
1	251.06503667110098
1	251.3050898045151
2	258.1371487105221
2	280.91530971610064
2	280.98398019544976
