1	80.22397065629715
1	80.30389623910705
1	80.3876028836243
2	99.72806481121536
2	99.75339639018648
2	106.40481996731663
2	110.23298991028389
2	110.31863454918287
2	110.34914702847314
2	110.35068927634563
2	110.44684451870707
2	110.51944852359162
2	110.6189210978832
1	110.67048218707177
1	120.16389079927818
1	120.23621732083663
1	120.27887511886705
1	120.52349425355442
2	123.57851866241839
2	123.73466566954848
2	123.83180002594077
2	123.9124300417694
2	123.9623326892074
2	123.97244337133783
2	124.00749355261812
2	124.0265167753849
2	124.12221635082796
2	124.12861022936089
2	130.20362306743255
2	130.20605103802828
2	130.26073943522562
2	130.32436331165678
2	130.32933226306392
2	130.34856630877562
2	130.3900029115989
2	130.4122776090283
2	130.45012989341248
2	130.53794974982108
2	130.54372506117585
2	130.5575410297855
2	130.62862211561475
2	130.6408332001272
2	130.68678776228728
2	133.70776332801182
2	133.76778490781183
2	133.77991388652273
2	133.8401789868345
2	133.8600667599305
2	133.95961827441192
2	134.00241492388818
2	134.044941649367
2	134.1211473005513
2	137.9333342137135
2	147.38893191439294
2	147.61942638707893
2	147.67784369025748
2	147.6981822345427
1	150.1681435492172
1	150.25527936058634
1	150.3812354515954
1	150.3949716810199
1	150.42115180446217
1	150.5340916204465
1	150.61363490519767
1	150.67114964336264
2	153.98728317027337
2	154.09423957208386
2	154.19182175111987
2	154.2659407601593
2	154.38451478044328
2	154.42577358181197
2	154.47592681885212
2	157.07729995723466
2	157.13509479020146
2	157.14739572188876
2	157.25647950909186
2	157.26320747631706
2	157.3544079633943
1	160.37278538063816
1	160.47048414305186
1	160.50626934814727
2	171.24254177621842
2	171.26610354597608
2	171.35010026988033
2	171.64566956133356
2	171.68243482554092
2	177.78771076671302
2	177.9594999951819
2	178.05695176457917
1	180.37072287784267
2	180.48374694524819
2	180.54821953641274
2	180.55563295669577
1	180.65082210390187
1	180.72667293541656
2	195.11360442813447
2	195.14632507181483
2	195.15501752190255
2	195.19254709172068
2	195.23628667740516
1	200.0968327393301
1	200.31427682027208
1	200.36993901952846
1	200.45744126277623
1	200.47048729119683
1	200.6706918703708
1	200.9261081606846
1	201.2663877648856
2	201.68528442111614
2	203.97969295124508
2	204.0675544958547
2	225.68867531833064
2	227.39290211994307
1	230.57733553304564
2	242.86203567974007
2	249.36432913840676
1	250.13105551984788
1	250.40983362348334
1	250.46181738287868
1	250.54905713522885
1	250.6426940622099
1	250.90338239969537
1	251.0804185687317
2	266.7496269989523
2	266.78002054336247
2	273.1439029283621
2	274.2632206885845
2	274.2925039324515
2	274.3429147668385
