1	80.48537106092988
2	102.69655590869897
2	130.85796963799785
2	130.94453605726963
2	130.9941276324152
2	131.07554860689564
2	131.21801113396145
2	131.26025032026243
2	131.26110793999953
2	131.30710810264597
2	131.3208604620683
2	131.3455799550569
2	131.38625046242316
2	131.39213476805355
1	150.60161333968972
1	150.62104427243764
1	150.73492709437178
2	159.0376362167094
2	159.116671408608
2	159.1860607548513
2	159.28539685900708
2	159.4163687928023
2	159.54073848188685
2	159.5742545212612
1	160.43388001865614
1	180.73785220305848
2	187.15251090041977
2	187.26169207417917
2	187.33432085486658
2	187.40998232432278
1	200.56645325713058
1	200.83496660820984
1	200.985853138961
1	201.29547975533532
2	215.2900876842683
2	243.29976761541195
2	243.32294219282872
2	243.42614398859948
1	250.40886560837046
1	250.79815937077115
2	271.38281520135286
2	299.66754014552095
