2	112.88743820256639
2	230.34042224600847
2	259.6357011484786
1	459.36792374722864
1	461.15862515954035
1	489.7211884475855
2	553.1480585971692
1	619.5825399488936
1	1110.4207771799518
1	1121.8979610167846
2	1140.007551620138
1	1379.3850433739324
1	1389.2396242612579
2	1638.935653288513
1	1671.4369425037098
1	1705.3001019115288
1	1784.5357120535018
1	1922.6205337428105
2	2343.2416480438264
2	2401.9898930678064
2	2402.0028193737
2	2431.2765248610135
1	2492.677760432943
1	2493.224076769728
1	2501.3786478760708
1	2881.617566253635
1	2894.4317783959123
1	2973.639618993013
1	3003.9590545398364
1	3111.710098919014
1	3189.3691267389872
2	3194.3371993124447
1	3289.8503986812066
1	3464.828960565054
2	3487.794024625596
2	3575.7774465314747
1	3591.876704898313
1	3736.6594344420273
2	3810.531135394563
2	3839.9172097137143
2	4045.3972131185265
1	4190.520156984758
1	4290.641611413505
1	4398.219339160504
2	4456.2222132196675
2	4485.596197637851
1	4586.859115883914
1	4606.558532862908
1	4714.601456660447
1	4730.612310717173
