1	80.37107181157243
1	80.41863676751747
2	104.9239956925594
2	108.64305136865973
2	108.66523945996936
2	108.68500779487171
1	120.22744525648595
2	128.15989850915759
2	128.24634430883384
2	128.2495064186804
2	128.26195752192558
2	128.34763551118212
2	128.39365293282015
2	128.48779793816922
2	128.54604820580698
2	128.5549444469753
2	128.64279633433213
2	128.7125811206253
2	136.74767302078695
2	136.8433241969654
2	136.93851179015408
2	136.94104254573327
2	137.0742627317084
2	137.102559747589
2	137.15791771419765
2	137.19578386902472
2	137.26630204394792
2	137.29225405364704
2	137.3217008153569
2	137.41175852784576
2	137.45129181255297
1	150.3229202454075
1	150.34127259200716
1	150.4023576464381
1	150.6072843657295
1	150.80204078871608
2	151.5171120785747
2	151.56939383947156
2	151.64263428344768
2	151.77114818430087
2	152.03484838359404
2	152.07091283158505
2	152.0732092702865
2	152.1281763400536
1	160.63930725750916
1	160.66263070920067
2	164.7924079152758
2	165.12866806259797
2	165.17686094969167
2	165.19966999354335
2	165.32314208354245
2	165.3459757213835
2	174.74273733335843
2	174.74858589610818
2	174.82274448126523
1	180.8987383133752
1	180.9195303031302
2	192.89093174735328
2	192.9501569869059
2	193.0443892347817
2	198.02815077977934
2	198.04270699206927
1	200.16962218912585
1	200.29273323889984
1	200.46835546155702
1	200.55572557727172
2	220.89763084782084
2	220.90404990234518
2	221.1582259877791
2	221.18438430037176
1	230.64539178286935
1	230.73334244301947
2	244.28468245798155
2	244.3438670195104
2	249.0095240959909
2	249.08486060223652
1	250.1730419106368
1	250.27444428968494
1	250.53113830078894
1	250.62878478377567
1	251.0076012728978
1	251.0753605528196
1	251.25022199008987
1	251.31889130114175
2	277.0289453774673
2	277.0520641528801
2	290.7528257694431
2	290.75722026793954
