1	80.13698198513522
1	80.19683105914284
1	80.45936624168394
2	105.40644933081707
2	107.17078151435977
2	107.20150180500399
2	107.27634140804
2	107.35660517863172
2	107.35901374819024
2	118.17048181585004
2	118.1793055471584
2	118.24432151368944
1	120.43773976217362
1	120.53254774993795
2	129.31733068690502
2	129.3302102300155
2	129.3647097269082
2	131.15423963880278
2	131.2042166588669
2	131.26025548846806
2	131.3853491865884
2	131.4467687104623
2	131.52747829122504
2	131.59581110143324
2	131.68181420239372
2	131.7560758820162
2	142.0460222981689
2	142.06962764679614
2	142.11020115305809
2	142.11489261207748
2	142.12613782229457
2	142.16461385644666
2	142.30361939106558
2	142.30704609789507
2	142.3913002194968
2	142.47431749051
2	142.5309969055804
2	142.60889694642182
1	150.04255645183864
1	150.17352260258951
1	150.58681420125595
1	150.7122368654908
2	153.16071216070927
2	153.20429565754694
2	153.29704255313885
2	153.38982823414284
2	153.51850277709747
2	153.54431116888796
2	153.56649448668773
2	153.65585235346921
2	153.69846572721355
2	155.1857539825915
2	155.29439784802372
2	155.43279228030946
2	155.51465310279968
2	155.64699221963792
2	155.66901628637197
2	155.68067578266573
1	160.28406246885703
1	160.29041964484807
1	160.43134490715613
2	165.9010059208476
2	165.94147075943454
2	166.03197629710405
2	166.07471013786258
2	166.1490735884591
2	166.26937095984675
2	166.36688625589764
1	170.1976092531081
2	177.11655734268524
2	177.20752983426524
2	177.21108116061293
2	177.34655308305528
2	179.1363886850318
2	179.14330125296004
1	180.6303942054867
1	180.6569665940524
1	180.74660903439553
2	189.8249816883724
2	189.87114163882563
2	189.88515793732162
1	200.12954409498192
1	200.2107788769011
1	200.24600655543202
1	200.5010153073199
1	200.70894694985606
2	201.01760626030776
2	201.11284720639892
1	201.23774526612314
1	201.30117835772268
1	201.33402523053525
2	203.01408076318043
2	203.09610811681992
2	224.93020676363946
2	227.0186568922182
2	237.49353041465596
2	237.5284945138614
2	237.59314428689896
2	248.79129353549249
2	248.8439040239734
1	250.38735889493242
1	250.41207049616972
1	250.51098933843005
1	250.56059759969318
1	250.6095096159936
1	250.70678771663594
1	250.7715175774552
2	261.4000231533694
2	272.7610979741723
2	274.87135324228353
2	274.8908168052547
2	274.9058558470429
2	285.25249688975146
2	285.3317500633853
2	296.6848229265665
2	296.750351938589
