2	143.02191169014716
2	195.72882740468197
2	214.5055313965523
2	224.59900535678406
2	253.46966778294257
2	262.1360532672619
1	509.2966956906553
1	509.4142167613848
1	511.14442641486767
1	511.17902178282736
1	539.741925641549
1	539.7667838610208
2	547.8234031760527
2	570.8859991494819
1	669.5407125722462
1	669.6388034643785
2	1095.350769992067
1	1110.4821255565344
2	1119.091381235295
1	1121.464742011947
2	1142.9540439769712
1	1160.5291981720384
1	1171.8701576354617
1	1172.0120348694234
1	1389.301121694186
1	1389.3683350273227
1	1429.3357575508398
1	1429.3958271905453
2	1666.667860072528
2	1667.3270628706803
1	1705.3415831651155
1	1705.6032615617144
1	1721.411849745503
1	1721.4184359076178
1	1834.5545405891476
1	1834.6339959158145
1	1972.653249788817
1	1972.7461040854184
2	2330.964172745437
2	2333.30482796078
2	2404.6888507961603
2	2404.698098340183
2	2417.5340701459827
2	2446.3753911075078
2	2452.2989909402118
2	2475.2571329677844
1	2542.6914532123783
1	2542.755656013936
1	2543.2244902611733
1	2543.2563238616635
1	2551.2774745032016
1	2551.338295121448
1	2931.615764198159
1	2931.682505556006
1	2944.308970765562
1	2944.3760180146633
1	3003.3876230721944
1	3023.5644776325917
1	3023.5988273307166
2	3023.700370928067
1	3053.816892297675
1	3053.8358923874157
1	3161.7582010671713
1	3161.8475666996605
1	3189.4304591753757
1	3189.583182063313
2	3190.343029818628
2	3225.4645304799437
1	3289.409948819869
2	3309.3916698599223
1	3339.823907656349
1	3339.827700003489
1	3464.260325204969
2	3476.0847368406758
2	3476.1484759109367
2	3485.180502961119
1	3514.7953330877936
1	3514.884764009431
2	3547.418454149982
2	3571.694666267304
1	3591.3771818347004
2	3595.1056882571343
1	3641.8681343514354
1	3641.908568970173
1	3736.206299422082
2	3761.679192841112
1	3786.593016491683
1	3786.638352346481
2	3802.4919070337537
2	3809.3482750098233
2	3831.377503291062
2	3833.1017390652596
2	4023.5904246715627
2	4033.3360878924345
1	4240.5430412431815
1	4240.642211930291
1	4290.297607107359
2	4309.317946827774
1	4340.690712825713
1	4340.703057946283
1	4398.299808256648
1	4398.618671405631
2	4452.083591578974
2	4466.163987622568
2	4466.253491351275
2	4475.947278784784
1	4586.378300308129
2	4594.981993953825
1	4636.83735354871
1	4636.863254691239
1	4656.53453695104
1	4656.617635566281
1	4764.659744563605
1	4764.689427164217
1	4780.551401832073
1	4780.650574190819
