1	80.52786011166103
2	114.15333785834031
2	114.2072862579906
2	114.29821769680896
2	114.32129523282329
2	114.38471518766433
1	120.43713013583117
2	138.25536975366512
2	138.38114167721972
2	138.47327914500633
2	138.5564909514906
2	138.63619292923556
2	138.72649848670278
2	138.81583630163922
2	138.87107026048565
2	138.8855632293346
2	138.89079564245736
2	138.9188065230379
2	138.99021048078384
1	150.67337969180613
1	150.87445379613177
1	150.89643517507068
1	160.5881536570356
2	162.1446513860304
2	162.20193335445992
2	162.28232782418152
2	162.44090743620015
2	162.52234568427517
2	162.56439390936794
2	162.6454564927379
1	180.7860083005167
2	186.4666041061126
1	200.5651973241485
1	200.89772471169664
1	201.38692585757985
2	210.31589854745656
2	234.28030015953323
1	250.56166394113114
1	250.8103800901915
2	258.1569938241091
2	282.15058825038176
2	282.1958795815066
