1	80.18873157805159
1	80.54470841456919
2	101.58009012704696
2	101.59487292470585
2	101.59534745018344
2	101.63779076604801
2	101.64213459144658
1	110.54193860105421
1	120.38104343173981
2	125.40553062958296
2	125.4106935873124
2	125.47976316470906
2	125.50881064491443
2	125.54910124840384
2	125.57750983060076
2	125.59670754844153
2	125.61139619813352
2	135.95663252874724
2	135.9685513536237
2	136.02277033636588
2	136.0924945622645
2	136.12663824402796
2	136.17672677705082
2	136.24716002111012
2	136.3412422125852
2	136.43168339728055
2	136.47210730742285
2	136.4780453258661
2	136.55367446837008
2	136.61586362007594
2	136.70000327229775
2	136.7571665638281
2	136.78877319691816
2	149.13794266346363
2	149.35044936313236
2	149.5089217403078
2	149.57479445118344
2	149.609534314768
2	149.77208327141318
2	149.79243047776333
2	149.86398160493363
1	150.0518174069834
1	150.17586924910285
1	150.18905804731685
1	150.2673358931314
1	150.62396200475231
1	150.74979490738505
1	160.6968478474711
2	164.1334435835173
2	164.21608145869473
2	164.28121509455076
2	173.04564902600453
2	173.10935194553898
1	180.59846750534734
1	180.79248692744454
2	192.33569723727473
2	192.3415098103387
2	192.39908340158595
2	192.44375699811417
2	192.6010959259553
2	192.656956764483
2	196.95345386664036
1	200.03715695595187
1	200.21982098265832
1	200.93022532547351
1	201.05433667726268
1	201.15963767862348
2	220.5865397947484
2	220.7074491803861
2	220.91730603133792
1	230.71942836885185
2	244.55530505556618
2	248.72603541510261
1	250.2159730962204
1	250.41332959127567
1	250.42485287422798
1	251.05325937282103
1	251.31209371183886
2	268.24234085347484
2	276.8875257540815
2	276.9544806930747
2	276.9941225073852
2	292.07901807641423
