1	80.19971652363037
1	110.18283488563448
1	110.66232147021337
2	110.98774122420726
2	111.02521535011442
2	111.11208338443349
2	111.13177452692955
2	111.14972399884115
2	111.15121565882205
2	111.22771837348974
2	111.32540247387308
2	111.37445873261598
2	111.44645188514633
2	111.44693998964756
1	120.25140879533926
1	120.32931131136195
2	129.16341770104228
2	134.87037612470078
2	134.99807846297747
2	135.02924597804017
2	135.05582137983035
2	135.08179066644917
1	150.09202612065434
1	150.2664545046692
1	150.3092042649456
2	152.962626344565
2	158.75999395436818
2	158.79792732393662
2	158.82877759173329
2	158.91034405790114
2	159.00680163834662
2	159.0577968992489
2	176.7709854318411
2	176.8635585793431
1	180.63258588719881
2	182.55875545604914
2	182.63387980136736
2	182.68069522623588
1	200.1911347295872
1	200.3657435484119
1	200.39874634390426
2	200.56814874952883
1	200.91096992928945
1	201.2491588486912
2	206.3528386293093
2	230.24609647004425
1	250.2796959860907
2	254.06607934267478
2	254.07882553978396
2	277.9385527999013
2	295.7323673441123
