1	80.16308142222024
2	87.86822049582602
2	111.69357898473744
2	111.7566349901152
1	120.1779729388102
2	135.5892690957326
2	135.60906340900067
2	135.61125352399029
2	135.6390266232638
2	135.65384686698027
2	135.69922306757735
2	135.70893151298662
2	135.732305305903
2	135.73868741967541
2	135.79690030494748
2	135.8268031127017
2	135.90295178222235
1	150.07058690017544
1	150.18378564009555
2	159.4316882020165
2	159.47044309252885
1	160.48367696376323
1	180.58772120435785
2	183.21869219357623
2	183.22495813347317
2	183.42536417167003
2	183.51484302412396
2	183.59109712089497
2	183.66433863804488
1	200.12080575647406
2	207.14017472344636
2	207.1577832318878
2	207.17336520822158
1	230.64553847454516
1	250.1161388366874
1	250.89891963759345
1	251.12501505976832
2	254.86563943345482
2	278.6849800843144
2	278.75075089004935
