1	80.561480554869
2	110.06113837982113
2	110.14414071404457
2	110.17499987664041
2	110.18309793579469
1	120.88410648756367
2	133.26357804262335
2	133.34195354474627
2	133.3637509202231
2	133.4326022670751
2	133.5023639389337
2	133.69229614888314
2	133.8813276061514
2	133.91616903680045
2	133.99508708317333
2	134.0440463757292
1	150.7275923295177
1	151.516168081024
1	151.59158407800643
2	156.5041002665262
2	156.74449808468796
2	156.7870986453575
2	156.91223811664906
2	157.07121575503191
2	157.15606818490346
2	157.21287976330723
2	157.253508498533
1	160.64819553489636
2	179.68831531219806
2	179.81507934745554
2	179.98960489852433
1	180.90695723910588
1	201.16732789982177
2	202.8044759893077
2	226.13279043178176
2	226.1623038987392
1	230.83641221119103
2	249.21748844519522
1	250.34378283846945
1	250.7089879468694
1	251.07525564076576
1	251.34177983017776
2	272.410424517756
2	272.46201110201343
