2	128.28002522260397
2	243.8387170500134
2	243.86465384384397
1	509.32830430363487
1	511.1832097455827
2	520.9880391502954
1	539.7659882155473
1	669.6865633709841
2	1121.6290518903038
1	1160.3248101869729
1	1171.8581674656987
1	1389.3592605136982
1	1429.4824897357123
2	1652.9981706753651
1	1705.4489004427164
1	1721.389802981994
1	1834.5997159724136
1	1972.6444056249125
2	2346.079382939029
2	2415.3880012307404
2	2415.4718915381063
2	2438.505780255811
1	2542.7979749234955
1	2543.2899367599102
1	2551.322372035887
1	2931.632745301802
1	2944.300301726148
1	3023.669557726001
1	3053.895303237464
1	3161.8107856452425
1	3189.527361209543
2	3200.8107744822455
1	3339.9569327253184
2	3454.894194474901
1	3514.8551581674724
2	3547.3073291838864
1	3641.8822631604153
1	3786.6489255820666
2	3801.4957241192838
2	3847.687280810515
2	4032.4247679727946
1	4240.619294831444
1	4340.669976977198
1	4398.439734769499
2	4448.286017698225
2	4471.458606813968
1	4636.925150388648
1	4656.589538347198
1	4764.691378184579
1	4780.51943753334
