2	107.8855586579479
2	147.5233152416327
2	227.24072609235853
2	231.77627336215156
2	251.16929583443826
2	259.8115004057042
1	509.44309367365577
1	509.49141959470796
1	511.20622707267546
1	511.24404111267563
2	537.6555185894686
1	539.7770290937332
1	539.8674930227821
2	568.3551509966084
1	669.586489845842
1	669.64568086756
2	1110.728109644316
1	1121.4309897780504
2	1129.422827750516
2	1158.5337362544997
1	1160.4915815998368
1	1160.6397879898823
1	1171.9843250471777
1	1172.0158317317625
1	1389.4863601360455
1	1389.5391708458305
1	1429.4207918131235
1	1429.5352943390988
2	1659.8183986212548
2	1662.4679651809586
1	1705.4960525634272
1	1705.6712168548431
1	1721.5023453852912
1	1721.5490481726574
1	1834.6446400099862
1	1834.6468707225852
1	1972.5905768068983
1	1972.7405455300989
2	2328.3797381723584
2	2335.738383723041
2	2400.0103025542066
2	2400.0679418112877
2	2419.8572321217534
2	2419.8879684791746
2	2423.90316003142
2	2447.898767020177
1	2492.7766166261486
2	2519.410707486517
1	2542.764145816579
1	2542.89876501512
1	2543.3784390701635
1	2543.453447512547
1	2551.383484986325
1	2551.4173953018303
1	2931.671629358015
1	2931.7260429102416
1	2944.426917834299
1	2944.475824002888
1	3003.3427353179554
1	3023.6571667841617
1	3023.75392982966
2	3044.640245625648
1	3053.8668947142864
1	3053.86973635771
1	3161.756187505459
1	3161.848487259553
2	3187.894936519116
1	3189.4794162050594
1	3189.63434155211
2	3205.3996090987403
1	3289.8141414169236
2	3331.192839751741
1	3339.9117101429697
1	3339.9201086946864
1	3464.926525160614
2	3474.4235179341435
2	3485.859340710134
2	3498.2755963731406
1	3514.9020913998215
1	3514.92064651587
2	3542.058141924602
2	3569.9449686963576
1	3591.929622191591
2	3617.7215594187273
1	3641.934989658621
1	3641.9419213205038
1	3736.1324853780907
2	3760.9328245269367
2	3784.8271960357565
1	3786.6762889439083
1	3786.689779359973
2	3794.4541144264763
2	3832.554186185818
2	3850.6187395092156
2	4023.570274158884
2	4046.9918005334216
1	4240.5974823779625
1	4240.678862237906
1	4290.197059805581
2	4310.088347312127
1	4340.683033122975
1	4340.703727154653
1	4398.4517328061565
1	4398.611894753048
2	4453.333974796417
2	4467.806581531378
2	4477.282013087453
2	4495.827918906804
1	4586.289155524618
2	4596.598257531295
1	4606.1461556082795
2	4636.029556751729
1	4636.866954869815
1	4636.8733703446915
1	4656.633267980232
1	4656.70041703849
1	4764.687495328506
1	4764.738806594771
1	4780.596620838032
1	4780.713643079175
