2	127.2639697764429
2	219.6692880895061
2	242.81215425553097
1	509.6475902656215
1	511.2945580607342
1	539.9104786813717
2	543.2113472251997
1	669.6501581795889
2	1121.0123486614605
1	1160.6321345311026
1	1172.050062921491
1	1389.5983641004375
1	1429.6869408333907
2	1652.5518139467654
1	1705.7617239252218
1	1721.5844570499796
1	1834.7240555488813
1	1972.759540399614
2	2322.680884383726
2	2392.025856423181
2	2415.190036252054
2	2438.2616566697097
1	2542.948420002503
1	2543.42421162137
1	2551.4645160367127
1	2931.8073362716764
1	2944.5559794978617
1	3023.7099944347797
1	3053.885917144553
1	3161.9278724995843
1	3189.8203748988176
2	3200.8793025146833
1	3340.0399479693056
2	3455.1123745194805
1	3515.028287461047
2	3570.6289510724923
1	3641.9804801625887
2	3778.624102209552
1	3786.745559193969
2	3824.9281312995518
2	4055.9921808453055
1	4240.785746048164
1	4340.908616462541
1	4398.82482871772
2	4448.879704533828
2	4472.017109973371
1	4636.989157766786
1	4656.682598781197
1	4764.913663233923
1	4780.678636947361
