1	80.33920293450232
2	114.34287758637316
2	114.4361619524975
2	114.51292359961268
1	120.19834342112003
2	137.596489271598
2	137.65479592070136
2	137.6702940133702
2	137.7430067170452
2	137.7603325026476
2	137.8445849934067
2	137.93465966587675
2	138.03387918144713
2	138.10043832343737
2	138.13616890803334
2	138.1860446119501
2	138.23345257799176
2	138.28389841012975
1	150.14233162623302
1	150.2235335179858
1	150.31012301400497
1	160.5172484148541
2	160.93016738263339
2	161.01763523104972
2	161.0856314618989
2	161.1570290671809
2	161.21474408214013
1	180.62497984185447
2	184.15847117713227
2	184.16441185804905
2	184.29917457961156
2	184.32511413471337
1	200.2259223638573
2	207.32822079294445
2	207.37918530333235
1	230.67438487279512
1	250.2416772279059
1	250.91091322699802
1	251.1362332673214
2	253.78639493758646
2	277.0493524485878
2	277.06643235304585
