2	141.99500867778596
2	233.04366038313654
2	255.91229957585784
1	509.60004830552623
1	511.23359143603705
1	539.7326444925129
2	552.0493963102099
1	669.6038232029659
2	1098.7965370483878
1	1160.6618087168915
1	1172.1496075078044
1	1389.6366685286332
1	1429.6701382120734
2	1645.4903856495735
1	1705.6894377584888
1	1721.5794546013803
1	1834.785670215168
1	1922.7028892200558
2	2351.675985170323
2	2420.1031894709313
2	2420.175276502979
2	2442.8642565279383
1	2492.268991645463
2	2533.9234538182286
1	2542.86388911221
1	2543.244975475995
1	2551.332427387431
1	2931.6829028911966
1	2944.4266183906416
1	3023.754771149949
1	3053.972190782759
1	3161.8007673151596
1	3189.704720574158
2	3194.618680150025
1	3339.879950012746
2	3445.2294052866278
1	3514.8523947626754
2	3559.14742295964
1	3642.0089487083997
1	3786.78267266099
2	3786.8975416946737
2	3832.4694518405613
2	4037.5583233397915
1	4240.624615729239
1	4340.773056573611
1	4398.632022540902
2	4470.359498738983
2	4493.206698149274
1	4637.069885476856
1	4656.59731319346
1	4764.6801981057815
1	4780.630845369936
