1	80.42082319297265
2	96.50790350734046
1	110.43959216916939
1	120.14230227203674
2	120.35385437906632
2	120.39786798939731
2	120.43093654445603
2	120.50052223277547
2	120.58096549782981
2	120.66922138778729
2	120.6978472574855
2	120.79763853459022
2	120.82831204107612
2	120.84286918228578
2	120.93665201671816
2	144.18935906368452
2	144.20321356019622
2	144.31045336830576
2	144.40906986480246
2	144.61467960365513
2	144.72389605729774
2	144.81469579075244
1	150.51555515701156
1	150.6473254227782
1	150.72646752417728
1	160.411199469944
2	167.99379943935054
2	168.06320653463254
2	168.15304779560793
2	168.22348641470754
2	168.2998020004844
2	168.36010952035744
1	180.35969243768494
2	191.87988957049802
1	200.42051137678553
1	200.68542332847994
1	200.9114954796488
2	215.6676576250886
2	239.63496172617798
1	250.41721590449845
1	250.6034566025278
2	263.2356809260435
2	263.2571525606087
