1	80.36339719840825
1	80.51269463623933
2	127.83385593751738
2	127.89598008288807
2	132.01351313079837
2	132.10609747756016
2	132.14762399230722
2	132.22134208833492
2	132.23232532989732
2	132.3029109687629
2	132.3961575121782
2	132.430918402152
2	132.49642428001692
2	132.579493771021
2	132.66902516229763
2	132.70700933317076
2	132.73626613340312
1	150.234540975481
1	150.3513397155094
2	150.79033895738343
2	150.86802516670303
2	150.9225560820087
2	150.94517670838886
2	151.00256969715167
2	151.0300966376721
2	151.11311456016094
2	151.15626796341635
2	151.3018775859433
2	151.37719575542275
2	151.44156296701877
2	151.5338354681352
2	151.62339511738637
2	151.6880021383976
2	151.78164998218756
1	152.11666036169044
1	152.18071476001163
1	152.19820999807257
2	154.95736273563864
2	155.1254499847783
2	155.28330965425536
2	155.4538462445779
2	155.4925005801241
2	155.53889607843465
1	160.28165031920048
1	160.44458551162674
2	173.67870941483258
2	173.73071872713047
2	173.77446446676947
2	173.85948262970516
2	174.00492682883223
2	178.1694333216031
2	178.2311309806547
2	178.2320136757165
1	180.6999889189693
1	180.82994597914578
2	196.59425074800922
2	196.635315302157
1	200.1621396670338
1	200.25695471879104
1	200.62142105171282
1	200.7992648568781
2	201.03475968912642
2	201.06361806255796
1	201.2870817948495
1	201.34096649035516
2	219.64807805418909
2	224.0611366394296
2	242.56337908768828
2	242.58725550376965
1	250.43924956067386
1	250.53322141839206
1	250.61086906220876
1	250.6721532781712
1	250.69530102556672
2	265.4136294255591
2	270.09579156056645
2	288.2971045725943
2	288.3898544967868
2	293.21443212380956
2	293.29432605530803
