1	80.42872052808896
2	110.66599639979387
1	120.47886848741427
2	133.82566848380566
2	133.88559334805086
2	134.04476595066902
2	134.09402290760826
2	134.14180946717096
2	134.22646228988202
2	134.29520909508943
2	134.3059872582379
2	134.37687277784582
2	134.38131065354153
2	134.38477220984586
2	134.44544163753162
2	134.5324121454358
2	134.59562277574545
1	150.56949675614544
1	150.5705090817629
1	150.75375417615203
2	157.15358690142645
2	157.17127522899884
2	157.26238387090558
2	157.33891289000582
1	160.4158493907066
2	180.23085093438627
2	180.31826246387138
2	180.32319201649048
2	180.40553143602423
2	180.42194604916494
1	180.72982397499163
1	200.5999317286723
1	200.76737283595887
1	201.353089636613
2	203.44473190824047
2	203.50960857961917
2	226.67290865807837
1	250.49006238324853
1	250.657938642305
2	273.00535959253006
2	273.0296558702677
2	273.0769037658006
