1	80.2408372224796
2	112.86281028601981
2	112.87069705382933
2	112.93830225229661
1	120.14398714080244
2	136.029054469295
2	136.07127259187496
2	136.10271860444618
2	136.19492436006203
2	136.27602058827716
2	136.32702978894656
2	136.36592976097236
2	136.46330940176173
2	136.5106346792226
2	136.5490950186154
2	136.63482342657534
2	136.67240818454877
1	150.19038619383736
1	150.2786787643917
2	159.13331513539
2	159.19081119181106
1	160.6313241974963
1	180.6683900981451
2	182.29463987942134
2	182.33487565986616
2	182.45613827511326
2	182.532737038585
2	182.53698849896105
2	182.63515145134033
1	200.18416970023264
2	205.43701755594472
2	205.51486800263933
2	205.53875924356916
1	230.65633990702574
1	250.19931170309897
1	250.99400965162837
1	251.07157351866695
2	274.86929459826615
2	298.09424473549035
2	298.1333664558909
