2	103.81712139151502
2	223.07869813127948
2	246.91774973224562
1	459.3127576024506
1	461.0748760967453
1	489.6343186150418
2	533.1319581516187
1	619.538598442326
2	1105.5107298045398
1	1110.3259404499415
1	1121.8392560191294
1	1379.2957100097876
1	1389.1872152249841
2	1654.1320994400144
1	1671.444415040099
1	1705.2760652203779
1	1784.518344575055
1	1922.5518198541772
2	2321.9070792444018
2	2393.4724511960453
2	2393.5619715376356
2	2417.347670082726
1	2492.6560559865466
1	2493.2329662964507
1	2501.2769955492086
1	2881.555176978391
1	2894.3325549783385
1	2973.5533610958037
1	3003.9080354054654
1	3111.215262029033
1	3111.6332328947606
2	3180.5746539666475
1	3189.3105025834147
1	3289.798689433925
1	3464.84718066641
2	3466.7298298991486
2	3562.159659033584
1	3591.867949861605
1	3736.5735907281187
2	3776.774344053327
2	3824.47064536607
2	4015.3034746141475
1	4190.504615533254
1	4290.6138151437735
1	4398.142778354429
2	4444.633023906961
2	4468.468290204975
1	4586.813469547352
1	4606.481548416746
1	4714.552359150083
1	4730.136420245183
1	4730.556779303001
