2	130.89860408001707
2	201.870560049114
2	249.17462024771538
1	461.45801150474693
1	489.6925549070878
1	509.4001054822902
2	556.6334096385463
1	619.7133299253567
2	1124.2395494083014
1	1160.492951356017
1	1171.904057356434
1	1389.388231580144
1	1429.476570786846
2	1668.1387987906871
1	1705.5699460989035
1	1721.4209399393226
1	1834.6136776262747
1	1972.5200734616215
2	2353.932913686147
2	2424.883948940561
2	2424.9732693198907
2	2448.5351276675524
1	2493.5723068631037
1	2501.5745452557635
1	2542.709311069974
1	2881.7422383063918
1	2894.6183170397585
1	2973.7485343085864
1	3053.634671811148
1	3111.822424344934
1	3189.5347001513587
2	3205.325946444425
1	3339.7994242396967
2	3465.4875356732455
1	3514.6733075353554
2	3560.099847980141
1	3641.7497115774704
1	3786.4125938847965
2	3796.5468924582356
2	3843.822573763161
2	4009.4024370850534
1	4190.59773675224
1	4340.546930986287
1	4398.6190985380435
2	4435.0724711576395
2	4482.429219340676
1	4636.664751376354
1	4656.5264539179325
1	4714.189835611161
1	4730.669088531464
