1	80.14786164715854
2	117.39578548254062
2	117.45769064646903
2	117.51386850113272
2	117.58297912020144
2	117.60392776236571
2	117.72840499788298
2	117.7472166963677
2	117.80743756123381
1	120.1642151731383
1	120.36364916371788
2	141.38151047260044
2	141.38653883449496
2	141.42083820610824
2	141.48943464458245
2	141.52701125492803
2	141.5286181400855
2	141.61704727158562
2	141.7158975307385
1	150.12345673278745
1	150.18316831313817
1	160.2061107012234
2	165.13314607092525
2	165.2226699273146
2	165.4118690371136
2	165.44086868855993
2	165.50051267672703
2	165.56475895871174
1	180.5838854546744
2	188.95921450252666
2	188.98154215504036
1	200.04345439179863
1	200.18865211008128
1	201.2465640699481
2	212.7449855089346
2	212.90451663058195
2	213.0272188934701
1	250.33980500036043
1	250.41028962723757
2	260.4178899912929
2	260.4199259017404
2	284.28947669640934
