2	123.70890503349081
2	237.14685293014452
2	265.57699086856775
1	509.47774846723166
1	511.1958875389217
1	539.726332370413
2	549.1410159054644
1	669.6150296770073
2	1116.2994493013612
1	1160.5356685491724
1	1171.987506898595
1	1389.429594890336
1	1429.5556941816774
2	1683.5586120882983
1	1705.6588749573275
1	1721.426205428056
1	1834.6315586623818
1	1972.6666600531496
2	2335.7742432712084
2	2392.4609438876505
2	2420.869576311146
2	2449.2355282978415
1	2542.8679135637467
1	2543.3605535127485
1	2551.3322881420922
1	2931.7277559432737
1	2944.436701980874
1	3023.633885614513
1	3053.826627898437
1	3161.8479837931204
2	3186.590672440354
1	3189.7103858392343
1	3339.9296789431755
2	3470.1999384973506
1	3514.8706745007926
2	3555.2496198652343
1	3641.896854697932
1	3786.648425204295
2	3810.5125275832715
2	3838.8584874516223
2	4037.391261637154
1	4240.574476661319
1	4340.77796960336
1	4398.6513617513165
2	4434.406085907368
2	4491.074000306958
1	4636.917214769642
1	4656.610177200796
1	4764.722103151443
1	4780.600101776234
