1	80.35962222239084
2	106.14141219553251
2	106.1652067662062
2	106.18891327206029
2	106.24783698102708
2	106.26925861851322
2	106.340656669295
2	106.35674852375061
1	120.24611367558119
1	120.45538541672593
2	129.61066448147764
2	129.69707148919002
2	129.75243141773737
2	129.75936698120086
2	129.80042094649664
2	129.8158869904146
2	129.8801042102506
2	129.9263444396148
2	130.01765889577254
1	150.3099598883856
1	150.44545307514983
1	150.46562393266026
2	152.9588548715441
2	152.96430832316565
2	152.99946620695664
2	153.0550291057008
2	153.075564986095
2	153.12955290782787
1	160.41894063719604
2	176.429722608372
2	176.48512298475555
2	176.55792697874006
1	180.69706223954765
2	199.85746900995724
2	199.9259875759266
1	200.3504581038686
1	200.4475194857818
1	201.240358641706
2	223.33271940868318
1	250.54714461950093
1	250.64308620874266
2	270.1498795783979
2	270.20026334865094
2	270.2062742440849
