1	80.4126517371581
2	112.21306720528224
2	112.28801811194934
2	112.30111312141536
2	112.32330697969091
1	120.55288899908338
2	140.58079400491678
2	140.59362936156197
2	140.63348332908387
2	140.6968933019338
2	140.70326150981307
2	140.77469398484612
2	140.8640380210292
2	140.93812890763405
2	140.9767134748505
2	141.00883131573846
2	141.01242924064033
1	150.7024472701948
1	150.73480219010892
1	160.696767460185
2	168.96592600754533
2	169.04493332497458
2	169.1823376052549
2	169.24378012387044
2	169.26742800083818
2	169.30636570582763
2	169.36237089230784
2	169.45692882454327
1	170.2026633482301
1	180.88689445698432
2	197.64000263487293
2	197.67583154727933
2	197.78778301093854
2	197.802461866682
1	200.22263489447477
1	200.2878910367954
2	225.6784274067208
1	230.7108995224842
1	250.1972136707099
1	251.0803657541581
1	251.3058260980963
2	253.9417446659968
2	282.4551883283218
2	282.5097125960099
