1	80.43628267351207
2	122.95314322922052
2	122.97347260263663
2	123.01954465566816
2	123.04718805104834
2	123.08361217039062
2	123.12826209847874
2	123.1386973174348
2	123.13937961278043
2	123.19977359629307
1	150.629320788461
1	150.75191761543994
2	151.01865645689736
2	151.09636267105725
2	151.13265846136503
2	151.2175356758893
2	151.26893059535692
2	151.30872308563275
2	151.40548796723755
2	151.56067906754205
1	160.66741911866353
2	179.12057017324878
2	179.18619079009062
2	179.35596203885106
2	179.43279015600604
2	179.50438091953635
2	179.6012309869429
2	179.72618120180783
1	180.90821597364985
1	200.27854746163737
1	200.4742518542826
2	207.33030755533335
2	207.34121463362416
1	230.77738872238882
2	235.30800626384607
1	250.22146141539108
1	250.63083261281852
1	251.09175695347741
1	251.2600803375701
2	263.2467765988493
2	291.3056240329685
2	291.35171148862247
