1	80.57336543873467
2	107.48094115847043
2	136.53761571159683
2	136.58196622054808
2	136.62450587948553
2	136.72132488941816
2	136.75944484329446
2	136.78437490425466
2	136.87393341791758
2	136.9128242349097
2	136.96079441697003
2	137.00451345829973
2	137.01874248095942
2	137.04129405143118
2	137.09227698719926
2	137.10176919783538
2	137.1356176371511
2	137.1415900985229
1	151.2111256006986
1	151.32303536195917
1	151.3484148918137
1	160.5745938707265
2	165.68791684816597
2	165.75125757703591
2	165.75287404998136
2	165.75740645191988
1	180.91797515268453
2	194.7646658762911
2	194.9281954582779
2	195.00543910884278
2	195.0435677456511
1	200.25540943450076
1	200.74427612629677
2	223.83688148757344
2	223.84050596441912
1	230.717497134063
1	250.23232995846539
1	251.07038656931687
1	251.13998597535397
2	252.94471941750828
2	281.9741865194347
2	281.9957321044721
