1	80.88731021282914
2	114.69095551493508
2	114.76823926264754
2	114.79777284225669
2	114.87002782228613
2	114.87631140572981
2	114.90588353454568
2	114.93882818291479
2	114.95240844089528
2	114.99005389189567
1	120.66575617120701
2	143.80735145867186
2	143.86535693473408
2	144.07078674725915
2	144.15613475371583
2	144.18039628379876
2	144.19037804978618
2	144.24900163776908
2	144.28717511056118
2	144.3107874608473
2	144.35235979157983
1	151.47370599154658
1	151.47750026456154
1	151.65979249100127
1	160.79742013894779
2	172.79549332767834
2	172.84086522743644
2	172.9461120134387
2	172.954004819343
2	173.01137692703702
1	180.9833595154967
1	201.077835489948
2	201.60836034723667
2	230.60220475191454
2	230.6098791078495
2	230.69941510046004
1	230.87056342988456
1	250.34471957471715
1	250.65144500426783
1	251.1695283189863
1	251.44007697330932
2	259.42544703608405
2	288.43927570652903
2	288.53752679097414
