1	80.19618274889126
2	112.39206965270282
2	112.4776594070312
1	120.2656303913649
2	135.81340726250016
2	135.96325417038423
2	136.05395527449377
1	150.1241260903305
2	159.3903828738221
2	159.43587564869185
2	159.48183909734087
2	159.50935292618266
2	159.54902381390792
2	159.58142146404572
2	159.649806968959
2	159.7303584375924
2	159.77691535943347
2	159.83705094362796
1	160.58606957358114
1	180.65931844201037
2	182.91528934486524
2	206.30465582162728
2	206.37485215079906
2	206.52935971106794
2	206.61834488004638
2	206.63709251533302
2	229.80142409915632
2	229.8730934480669
2	229.90821971474367
1	230.6588656819556
1	250.2210743081712
1	251.00450585408342
1	251.16233102896302
2	276.72568809814163
2	300.27308656864113
2	300.309053667009
