1	80.16438873742811
2	107.14264554863253
2	107.2418353277839
2	107.29313724826119
2	107.33919939513649
2	107.43419924841339
1	110.51966431761328
1	120.24893247480595
2	130.9264988210639
2	130.93994328707882
2	131.02812079708872
2	131.18751402925452
2	131.23009063494942
2	131.3115584070607
2	131.38922746862957
2	131.41003993091033
2	131.4553505249414
1	150.11123337984083
1	150.21088468917722
2	154.94286519536877
2	155.08239900050572
2	155.17583224893184
2	155.3081174391767
2	155.39909084272173
2	155.52458699166655
1	160.28802741712605
2	178.7021384125931
2	178.74772725131893
2	178.75961972550652
1	180.50275440888464
1	200.27595010674273
1	200.36673307526797
1	200.83669998709004
1	201.11407695794577
2	202.5021329363985
2	202.51559676255872
2	202.59633235822898
2	226.3874887796048
2	226.41875641775448
2	250.11947215834567
1	250.37892679301447
1	250.53484249112242
1	250.56377624888665
2	273.92258459294817
2	274.0203951736724
2	274.08933119371864
