2	194.40418401402735
2	222.93882278088915
2	251.25168065566325
1	509.2755249535768
1	511.2650753485575
1	539.7643937737668
2	563.7534322049928
1	669.5707277049712
1	1110.5720381652402
2	1131.978512447797
1	1172.0548318636322
1	1389.3753605029683
1	1429.3895640353635
2	1671.757157517068
1	1705.4038643568713
1	1721.390268971031
1	1834.6163371082773
1	1972.7149633564864
2	2325.1938227461224
2	2410.383742076486
2	2467.248573973155
2	2467.315255540273
1	2542.88435469656
1	2543.385461489643
1	2551.2775109838376
1	2931.678113342955
1	2944.370101950406
1	3023.6088559162195
1	3053.9261923220915
1	3161.7699497014587
1	3189.443424045662
2	3205.858511163804
1	3339.8844436267836
2	3461.582184498328
1	3514.9362183898425
2	3575.2595003355286
1	3641.912691348504
1	3786.559533366801
2	3802.528632373694
2	3830.9110584866876
2	4058.1733296547454
1	4240.572903632328
1	4340.753680818539
1	4398.343936425341
2	4455.920659166107
2	4484.307559282128
1	4636.8960932179525
1	4656.696253094263
1	4764.763576549561
1	4780.621965913903
