2	207.22348009348732
2	229.96332739494983
2	252.68090753526724
1	509.2485025891079
1	511.14191357677174
1	539.6779446922404
2	571.0459482851908
1	669.6182801836011
1	1110.4499066521992
2	1116.921768833937
1	1171.821091101416
1	1389.2001791356774
1	1429.3087670386114
2	1662.777453905239
1	1705.3651751391553
1	1721.463310858192
1	1834.6270440467422
1	1972.6399227224802
2	2322.30974368761
2	2413.2603162489004
2	2436.0060139746006
2	2458.7605885738344
1	2542.7372841736487
1	2543.200632111906
1	2551.3170226689945
1	2931.640572593728
1	2944.3540653737073
1	3023.5352367786763
1	3053.8622469772363
1	3161.730401363347
1	3189.3685169850305
2	3209.3206691920404
1	3339.82659641853
2	3505.021741628555
1	3514.8572278041265
2	3573.204929861779
1	3641.9703371577984
1	3786.6323689180344
2	3800.5988402383614
2	3823.426409136122
2	4050.8168582630497
1	4240.554065615982
1	4340.654729292886
1	4398.367424099868
2	4460.239303461069
2	4482.9921879323965
1	4636.852473781093
1	4656.5675944456925
1	4764.719222591815
1	4780.504395816577
