2	126.51772062709809
2	203.9397287738916
2	222.50399915812307
2	227.81553976349971
2	251.67158596373855
2	270.57245677265604
1	461.54156921199444
1	489.7500623120254
1	509.19820939589454
1	509.52078402189244
1	511.0984605542514
1	539.6219750406283
2	558.6220060488478
2	561.7232359938254
1	619.6895770023508
1	669.5740171744792
1	1110.3833887203966
2	1110.4816816402335
2	1110.7083710978013
1	1160.6210182960817
1	1171.7883451869225
1	1171.9424592500625
1	1389.1628554668957
1	1389.4482006412989
1	1429.3322057572702
1	1429.541203044268
2	1659.1376783816845
2	1662.8392590498036
1	1705.3356732255709
1	1705.591751383649
1	1721.3268798134902
1	1721.4425932101897
1	1834.5250190380461
1	1834.5265137195345
1	1922.2565834158179
2	1926.8608523750352
1	1972.500259029508
1	1972.5240666078428
2	2327.0844411637795
2	2334.914736747681
2	2398.5691380416656
2	2406.9436673739765
2	2407.0199087973874
2	2431.0161407123446
2	2446.3444475487686
2	2446.347813246103
1	2493.498442368
1	2501.660828125185
1	2542.695396386723
1	2542.8055865120973
1	2543.2661055911653
1	2551.2814285789414
1	2881.8310895641
1	2894.75393237649
1	2931.6433111770893
1	2944.348694226847
1	2973.639591994702
1	3023.517390082832
1	3053.6975844306667
1	3053.8196325085205
1	3111.2255386701813
1	3161.664480348048
1	3189.2884725058107
1	3189.6076467403664
2	3199.0998336892135
2	3209.6958611505315
1	3289.4922053884225
2	3319.1167892762314
1	3339.703766538119
1	3339.7571895408723
2	3439.0839812271242
2	3495.9312780415817
1	3514.832297934885
1	3514.9008965914654
2	3543.699162641175
2	3583.170950251129
1	3641.746013044029
1	3641.880888046933
1	3786.6321272208793
1	3786.676795777612
2	3799.2184018016274
2	3806.0413619019723
2	3829.9735958616857
2	3847.161516497067
2	4039.252982161105
2	4044.6156858058384
1	4190.628018118359
1	4240.484167699898
1	4340.5764582238535
1	4340.59609807006
1	4398.2668835334325
1	4398.5733323048
2	4447.363021747496
2	4450.1973613847385
2	4474.034789448576
2	4495.294747929687
1	4636.79937148746
1	4636.802543187996
1	4656.514457142975
1	4656.5682524269405
1	4714.189278556949
1	4730.754248471283
1	4764.645274458781
1	4780.493766300384
