1	80.48432267667258
2	107.56687708346273
2	107.60722245831107
2	107.64489771133992
1	120.32848030695394
1	120.48151603008591
2	130.47604786974028
2	130.54208364014312
2	130.555341733078
2	130.66519536664555
1	150.78164460827986
2	153.34752258980703
2	153.41150310598343
2	153.48238915009424
2	153.5275155464362
2	153.73453106777131
2	153.79367964910514
2	153.89087335556687
2	153.94203018821273
2	153.97030338955054
2	154.03167733612997
2	154.03671556230867
2	154.1407494241797
2	154.20239627254438
1	160.62299513163458
2	176.27875457432555
2	176.3131485967781
2	176.31570533442812
1	180.79177576945014
2	199.01562235055695
2	199.3248457859322
2	199.40174577761744
2	199.48885446938203
1	200.251649662244
1	200.91985049885588
2	222.23704621627522
1	230.81842092289202
2	244.8194476527168
1	250.28018191768743
1	250.50116488199714
1	251.10521156825962
1	251.178779418777
2	267.7261892622455
2	267.76462140043077
