2	108.37227621149661
2	128.97697131735407
2	137.61600267987302
2	227.5722510772952
2	230.7313175608062
2	242.6535173762932
2	251.46578538493802
2	254.07583150115428
2	288.1055088760358
1	459.29572184445334
1	461.0602811010126
1	461.17487888308807
1	461.4720721488737
1	489.6741272010831
1	489.68013004037573
1	489.7315742863842
1	509.30214087480294
1	509.5033600918839
2	537.6626528979257
2	538.0968985519249
2	556.7931492969154
1	619.5544948376833
1	619.6014096806664
1	619.7070394602983
2	1106.1996003397994
2	1110.1321263963214
1	1110.345216212251
2	1115.5766756420574
1	1121.2829384877239
1	1121.7690511129613
1	1160.382779948735
1	1160.5139891111974
1	1171.6356853309371
1	1171.9715886526906
1	1379.3132074887733
1	1389.2034418250294
1	1389.2042984202817
1	1389.4915476115357
1	1429.3948305981594
1	1429.434699124363
2	1634.8590650641663
2	1651.2292863227576
1	1671.4201594593608
2	1674.42829538577
1	1705.2299492080479
1	1705.3501959925798
1	1705.5418915599657
1	1721.2404116006062
1	1721.4114080946933
1	1784.5423181539254
1	1834.5259949954766
1	1834.5626668462808
1	1922.4761583758666
1	1972.3066026442339
1	1972.5141215382732
2	2326.4718502168334
2	2326.5259479979813
2	2333.433290079164
2	2396.4079840528702
2	2398.075866622307
2	2398.096678939273
2	2401.690275121635
2	2419.6487627547635
2	2421.8511149504416
2	2424.3402188812006
2	2442.942168335815
2	2447.13312687369
1	2492.6658846943146
1	2493.1940559291156
1	2493.2841540376476
1	2493.5078059297207
1	2501.340227025538
1	2501.3969859273225
1	2501.604942893249
1	2542.5487953036227
1	2542.685371573652
1	2881.585608517872
1	2881.624225900613
1	2881.764504989986
1	2894.2800588120176
1	2894.370854712194
1	2894.600213644255
1	2973.5249518847572
1	2973.6197503792673
1	2973.7410382925445
1	3003.905929834963
1	3053.415721432222
1	3053.681982622691
1	3111.6312274267766
1	3111.690246138176
1	3111.8396890354916
2	3185.133760537251
2	3188.1279262442868
1	3189.3246613227307
1	3189.378852235553
1	3189.6749272789843
2	3197.039218468195
1	3289.7614844290556
1	3339.560280951318
1	3339.6223350312944
1	3464.81177518948
2	3467.4979352183896
2	3469.834952836241
2	3471.2680462525227
1	3514.458524311309
1	3514.6444591987856
2	3560.660033462429
2	3566.681757824251
1	3591.8847061206484
2	3628.9046676036915
1	3641.6405695536
1	3641.7042762133847
1	3736.553961385882
2	3781.3801016512616
1	3786.2935510044304
1	3786.423781864351
2	3793.5572670303095
2	3810.705185509075
2	3829.078984019045
2	3840.08939900332
2	3878.874230882124
2	4019.9124754560044
2	4037.9599140753826
2	4049.7047505932323
1	4190.50608724237
1	4190.536969313396
1	4190.765487301922
1	4290.172960747368
1	4290.640574633587
1	4340.380786736424
1	4340.44505585592
1	4398.196106538285
1	4398.292210738542
1	4398.637486432343
2	4445.519823159069
2	4447.00797664079
2	4449.232532886583
2	4473.004926840819
2	4477.683280466004
2	4492.158751906543
2	4492.475700839902
2	4501.4464309859695
1	4586.8735832170105
1	4606.574438256811
1	4636.608149771794
1	4636.763693295949
1	4656.339522026757
1	4656.42669437472
1	4714.55171628701
1	4714.6329907058
1	4714.735236405837
1	4730.577703841339
1	4730.625595888309
1	4730.853824768968
