2	131.71780496064878
2	145.93694220111496
2	227.02230934117432
2	227.08680502511666
2	231.90948894045442
2	231.94599380173113
1	459.2274564289461
1	459.48968412162037
1	461.1216147306747
1	461.22359237959006
1	489.6121655058132
1	489.7982904349495
2	536.6071394548011
2	546.9878493179625
1	619.4499469124788
1	619.7204807672864
2	1108.3706701242781
1	1110.420625130711
1	1110.5247162532976
2	1119.8869979306535
1	1121.8247169627216
1	1121.9647394003175
1	1379.3742757469352
1	1379.4422963771322
1	1389.266579249129
1	1389.3653923231818
2	1656.2482579920352
2	1664.229838728546
1	1671.5027862993604
1	1671.526642111836
1	1705.204296064626
1	1705.4177816723407
1	1784.5131230834966
1	1784.5840140819366
1	1922.5769784529696
1	1922.6500097834883
2	2323.166789489117
2	2351.6996509481096
2	2394.616196202167
2	2408.97401663408
2	2408.9754725648118
2	2418.4354556447006
2	2437.6490626577747
2	2442.258786176149
1	2492.8748522484475
1	2492.9740732687455
1	2493.2433692646773
1	2493.323157214972
1	2501.2952934073746
1	2501.4304686315413
1	2881.6557105544557
1	2881.7551251182076
1	2894.380117808311
1	2894.4279073162706
1	2973.6208384150605
1	2973.7303331029916
1	3003.894639794185
1	3004.044650045774
1	3111.756718023452
1	3111.7739622317754
2	3182.4715143388266
1	3189.2700110473356
1	3189.4423606600526
2	3204.516086857061
1	3289.814578495786
1	3289.934783971538
1	3464.7986171734105
1	3464.9141430961554
2	3466.546862872083
2	3468.9307825817623
2	3554.8234482766834
2	3561.863952472682
1	3591.8427462689365
1	3592.0439151437545
1	3736.5207663935125
1	3736.5351968923924
2	3784.03412478398
2	3800.0527390561087
2	3841.2859678824393
2	3847.71992176372
2	4038.1960518724036
2	4041.835814250318
1	4190.53655294047
1	4190.65290696103
1	4290.7671757548815
1	4290.769508576916
1	4398.199983747915
1	4398.299673610883
2	4466.9849828897795
2	4471.498838826015
2	4471.524083156605
2	4490.837488727137
1	4586.856387263897
1	4586.8961779179535
1	4606.52384903948
1	4606.7439713409185
1	4714.637228454782
1	4714.739366713284
1	4730.48075230383
1	4730.765043090402
