2	144.56021550644525
2	231.61460977138805
2	260.68507998516856
1	509.4121684819393
1	511.0993556886206
1	539.6583426492435
2	550.9263361985103
1	669.6098458132342
2	1102.4891267796258
1	1160.4720904498233
1	1171.9048745949735
1	1389.3819587627663
1	1429.4651923546676
2	1654.0942637139758
1	1705.457457715618
1	1721.5092346384126
1	1834.6477033179403
1	1972.5828052176296
2	2350.813550040728
2	2408.873111921712
2	2437.984590102854
2	2438.0844175446305
1	2542.781094460674
1	2543.30865251198
1	2551.264231129359
1	2931.635979870502
1	2944.3294312336648
1	3023.5781718550747
1	3053.89800100433
1	3161.7505578226414
1	3189.4775196616306
2	3192.7133477600523
1	3339.781108830383
2	3483.091554996555
1	3514.798482928257
2	3570.108491696547
1	3641.892932607441
1	3786.6126068560384
2	3802.3972081490347
2	3831.3801648625454
2	4034.600047906506
1	4240.498987051756
1	4340.718918706925
1	4398.497875415168
2	4441.088414400674
2	4499.119625342009
1	4636.817994687093
1	4656.560920146517
1	4764.630180261699
1	4780.56945489396
