1	80.66293080948105
2	116.37859610507014
2	116.47714741710905
2	116.49990818429703
2	116.50130465570781
2	116.585962983133
2	116.70522441859913
2	116.72256426026557
2	116.81989149469416
1	120.3140167850339
1	120.58041217610901
2	145.48924848394333
2	145.5365077290629
2	145.6210809461363
2	145.64978128145546
2	145.71603520083391
2	145.770592077167
2	145.85471875626746
2	145.8777183823001
2	145.8902822873461
2	146.05373886342824
1	150.79827682569532
1	150.9344762671173
1	160.74441546914937
2	174.6899400843929
2	174.7538139694916
2	174.8310842526244
2	175.08115102040333
2	175.12345188086186
1	180.89049511632552
1	201.0352719937916
2	203.73931029838548
2	203.86982001926546
2	203.89875735915047
2	233.00757334447005
1	250.1878566021583
1	250.554254677777
1	250.9890529810759
1	251.19880255850688
2	261.9444723579998
2	291.1393832063121
2	291.17192847757025
