1	80.35066780492244
1	80.46558507843906
2	107.83562773590099
2	107.84453857656344
2	107.87538600464586
1	120.19045685494152
2	128.99224699130193
2	129.0173661146917
2	129.0290073622567
2	129.033089661539
2	129.0818150640837
2	129.14580731921455
2	129.20230896132136
2	129.2464852080266
2	129.2950627405559
2	129.32529557658407
2	129.3961765812093
2	129.415406471847
2	129.51411290683205
2	131.09999600616646
2	131.11790790488953
2	131.16938273935233
2	131.22845811202953
2	131.27993167845585
2	131.3282806045511
2	131.34370991807575
2	131.37621222248455
2	131.38585644767576
2	131.3860077525288
2	131.39744772424092
2	131.4855914693803
1	150.12923156495094
1	150.2878470393787
1	150.28903956445868
1	150.5934155719169
1	150.71493857140646
1	150.78824824678057
2	154.48602853863417
2	154.57211884942996
2	154.6896464891375
2	154.70104310316924
2	154.73636888370183
2	158.10325992998972
2	158.29686964843876
2	158.38795219689226
2	158.45018766887264
2	158.50304383041973
2	158.5298990020051
2	158.61935773845534
1	160.50331857480614
1	160.5577940467141
2	177.65682013445908
2	177.66958706544725
2	177.78796260212332
2	177.83122785374505
1	180.62557723975652
1	181.1519218667751
2	187.0546025448887
2	187.21625785837307
2	187.24458952806162
2	187.36853132547836
1	200.2186405449462
1	200.2372306525333
1	200.7029366285267
2	200.87627408313926
2	200.94620971941168
2	216.1510001022172
2	216.1815538714253
1	230.65720034976357
1	230.72131382399186
2	245.10175585900137
2	247.26138671064612
2	247.29601627447676
1	250.19472949386898
1	250.20446700768443
1	250.42183049692807
1	250.475647729543
1	250.98226690767376
1	250.99116623643457
1	251.14121476896997
1	251.2186332058412
2	270.4895011289926
2	270.51466530247285
2	274.1490099401059
2	274.1941365300063
2	303.218638330899
