1	80.35676020149464
2	106.02324818227805
2	106.05858798365968
2	106.08315548094691
2	106.0974049107609
2	106.13834267750613
2	106.14266397679224
1	120.39252619001026
2	134.75439592710407
2	134.835916293815
2	134.91420817903648
2	134.96269477605767
2	135.01760008813062
2	135.03496413426458
2	135.07732636333424
2	135.16023953984572
2	135.22094720446435
1	150.21537974758343
1	150.41424943384246
1	160.38367805961443
2	163.31395656769558
2	163.378304183233
2	163.77298939073492
2	163.82141879762847
2	163.87622172527009
2	163.92906458715072
2	163.97346289199461
1	180.71488085860685
2	192.0049599465494
2	192.1882999733295
1	200.19505760152032
1	200.35530029911686
1	201.22583316371956
2	220.4110974017181
2	220.61558375682782
2	249.06311179832164
1	250.4989179065615
1	250.57063854037725
2	277.63073070023626
2	277.7183905283297
