1	80.20875160914738
2	123.43596738730528
2	123.45594910195032
2	123.51423165526577
2	123.58459644599716
2	123.63941408511407
2	146.3031092483303
2	146.39385149397995
2	146.3942068206707
2	146.4701165195987
2	146.5051807724032
2	146.55901425586035
2	146.59726919020423
2	146.7508516620007
2	146.77511846300393
2	146.79928742019828
2	146.86208520432552
1	150.074891551498
1	150.21028534571684
1	160.31075334303569
2	169.18721907663826
2	169.2671783384792
2	169.34942046775268
2	169.43350904997726
2	169.51862180283234
2	169.61764859059517
1	170.19392627718543
1	180.7055295646672
2	192.18960850521205
2	192.27899068641756
1	200.2316739297831
1	200.249274537117
1	201.29218440368697
2	214.98678956226874
2	214.99510242738887
1	250.44112741230012
1	250.58997829545925
2	283.5324649207416
2	283.7281818933224
2	306.45324056243777
