2	114.59425696304942
2	117.68825058100614
2	143.41832675303684
2	230.36457180082851
2	236.93477572505253
2	236.93752187785697
2	259.2715650435726
2	260.3324708956811
2	260.71995985932153
1	459.29277600286866
1	459.39059751652644
1	461.0616963321811
1	461.1753047331188
1	489.6463716614461
1	489.671353515704
1	509.636826149972
1	511.3395730139665
1	539.9260708521759
2	540.9866147099126
2	546.927418832866
2	548.7050429931697
1	619.4618420668202
1	619.6144559794303
1	669.7404261299877
2	1098.6107234618903
2	1102.2050419492882
1	1110.41782310927
1	1110.5123028772878
2	1119.3276729525658
1	1121.8263534264745
1	1121.9134569712994
1	1160.849670076971
1	1172.1463415014816
1	1379.297118849007
1	1379.4181024739944
1	1389.1123417908134
1	1389.3153375023169
1	1389.8113865816206
1	1429.8257422281295
2	1644.046842902759
2	1663.3658157023638
1	1671.4501530759076
1	1671.542487060809
2	1677.5030157378328
1	1705.188472687466
1	1705.23023655238
1	1705.9871018814056
1	1721.7289672127683
1	1784.5319460371502
1	1784.5891659173813
1	1834.9274497270594
1	1922.5247782190156
1	1922.6879172143183
1	1972.7832159900079
2	2318.1491135427996
2	2335.7083477807
2	2343.21856186994
2	2401.142187935916
2	2407.336401415518
2	2407.4124892191744
2	2411.659628832529
2	2411.6728997396854
2	2430.0376486653927
2	2430.1347833122977
2	2431.130977230962
2	2435.0235048248946
1	2492.7253367586586
1	2492.927129224783
1	2493.216190120523
1	2493.322882942657
1	2501.322200833249
1	2501.4027841665625
1	2542.5853857307916
1	2543.5808309729446
1	2551.700832669824
1	2881.603145844355
1	2881.6455428881013
1	2894.355325450644
1	2894.3779623530327
1	2931.875089791852
1	2944.6300968089063
1	2973.5527663445155
1	2973.6977954225804
1	3003.2711015448263
1	3003.959058338046
1	3023.954918960106
1	3054.0407690855063
1	3111.6792443083123
1	3111.8392484603687
1	3161.907221377936
1	3189.332764193553
1	3189.428460231522
1	3190.0097574368097
2	3194.365222102301
2	3206.720281865224
2	3211.496611884461
1	3289.7780400245115
1	3289.833513449552
1	3340.0968489235847
2	3463.921597561469
1	3464.8341690868438
1	3464.8673041507204
2	3472.0364418106105
2	3480.540529771493
1	3515.155650867307
2	3557.490136088112
2	3576.0007632316406
2	3587.7464207728417
1	3591.8680421034455
1	3591.9766483972926
1	3642.1022115495903
1	3736.5004429414485
1	3736.6174778144564
1	3786.9382333202966
2	3790.354757328064
2	3790.5966100823675
2	3814.651470281901
2	3819.359788896835
2	3838.3177468125496
2	3861.4411667260197
2	4005.2961793822756
2	4021.9038522491014
2	4048.463240628809
1	4190.492038911035
1	4190.507130751351
1	4240.7705491463
1	4290.679631176125
1	4290.810383425588
1	4340.915941270147
1	4398.166446290751
1	4398.180847915792
1	4398.816884191194
2	4427.085879465663
2	4458.43380615339
2	4469.439064909984
2	4482.320300051202
2	4484.9969008016615
2	4492.813143028483
1	4586.144561127162
1	4586.8211735244695
1	4606.497854082936
1	4606.5800382315365
1	4637.191927077112
1	4656.811462251512
1	4714.563886868315
1	4714.667135631926
1	4730.589104777733
1	4730.605157198828
1	4764.8842707485765
1	4780.8603843714145
