1	80.57962177254649
2	128.71011936809683
2	128.78429663331232
2	128.82774983379664
2	128.841704690115
2	128.90795847922135
2	128.96168595506725
2	129.02501666656045
2	129.06171154373132
2	129.15685939344894
1	150.85831862334365
1	151.02476832845164
2	152.38296528825657
2	152.46942347289936
2	152.54262628025495
2	152.6086578299996
2	152.75880725441414
2	152.84723657706405
2	152.8720014349965
1	160.64366978869668
2	176.0630801361499
2	176.1459973230207
2	176.23502275091357
2	176.2881045247456
2	176.37682288717923
2	176.41036957708386
1	180.88495770331787
2	199.72814675507448
2	199.86992290618556
1	200.19690769352823
1	200.84667786203434
2	223.44441912385054
2	223.44540492073799
1	230.69100912124873
2	247.02433097490425
1	250.20199087691228
1	250.6189360272376
1	250.91562980982067
1	251.1762999301228
2	270.77789500214334
2	270.85593597117173
2	294.41392613887086
