2	114.07410029664398
2	148.703975890936
2	228.20886904569014
2	241.52307938988085
2	256.7686082444729
2	264.7958318197782
1	509.57695407322234
1	509.6384208594876
1	511.22686597481635
1	511.450295531368
1	539.7104676597817
1	539.9917060357535
2	542.1505297859541
2	543.3110565642022
1	669.5440529386299
1	669.8391651768933
2	1112.9111508249462
2	1123.740890487932
1	1160.5102083267327
1	1160.7376533825302
1	1171.8962221966299
1	1172.3501667012172
1	1389.5296292354546
1	1389.638288526336
1	1429.5588603959534
1	1429.6654770010666
2	1655.1614038426997
2	1657.662251472974
1	1705.6180000927595
1	1705.9618363002062
1	1721.4406942872247
1	1721.7298768793653
1	1834.6080852333587
1	1834.7925888587883
1	1972.6558011343934
1	1972.8369011478394
2	2330.908735304766
2	2340.087527090662
2	2397.1410762133924
2	2400.5448157313795
2	2400.5643154502673
2	2423.74102891525
2	2425.6142470696577
2	2454.1814136443186
1	2542.7661626171694
1	2543.105400371388
1	2543.3136482777
1	2543.510974380264
1	2551.2745107152386
1	2551.536341290413
1	2931.6978257881988
1	2931.8069145305312
1	2944.304062417089
1	2944.6892927683302
1	3023.6028197246765
1	3023.873795816588
1	3053.858307676996
1	3053.973604644591
1	3161.735791081213
1	3161.911229012983
1	3189.662682475258
2	3189.770383859172
1	3190.037510649947
2	3196.160482100966
1	3339.7889551439966
1	3340.177586534581
2	3468.3928999235613
2	3481.5977009028234
1	3514.8132699683138
1	3515.0769427624373
2	3561.1998142292027
2	3567.1876775881537
1	3641.8723356561236
1	3642.1726473522135
1	3786.7114306827725
1	3786.883458685601
2	3793.3786416357025
2	3795.50158055991
2	3839.843855460728
2	3852.5781757396817
2	4023.8364835310576
2	4048.738657822268
1	4240.492790831157
1	4240.819991896035
1	4340.751102694248
1	4340.797810931494
1	4398.566394709457
1	4398.868637591296
2	4451.875743472032
2	4466.570383640294
2	4480.531623768039
2	4489.82494874082
1	4636.830494209186
1	4637.138119458782
1	4656.53580277511
1	4656.73992146296
1	4764.641175124325
1	4764.844296570423
1	4780.549183351919
1	4780.85835216303
