1	80.42554808019194
2	114.97024600757568
2	114.99961461740344
2	115.05109418948423
2	115.10470290095817
2	115.12153983761968
2	115.21066096093857
2	115.3026964770645
2	115.30522610052356
2	115.31346374252627
2	115.35900777109558
2	115.43816251394094
1	120.33428556321675
1	120.55368887269411
2	144.0843613637228
2	144.1958115964439
2	144.2631196500656
2	144.48315690687886
2	144.5171708627713
2	144.563100265079
2	144.62783827265244
2	144.70633294627473
2	144.80202841917836
2	144.89312996751676
1	150.73609457735708
1	150.80030373217
1	160.65197131043857
2	173.37215893357734
2	173.41034397887705
2	173.46965681426198
1	180.80482934564515
1	200.3225658223415
2	202.10059440622695
2	202.19437476373054
2	231.06232888354933
1	250.36082720245537
1	250.70212514649725
1	251.1155101733363
1	251.20602890747193
2	260.036679857719
2	289.16769873974846
2	289.2613983069561
