1	80.18794558625284
2	105.03221468053792
2	105.10454778858607
2	105.1869043528931
2	105.20455425467331
2	105.22873801687295
2	105.31227906302412
2	105.38198042905312
2	105.38224915554825
1	110.50004625423139
1	120.41799684260357
2	128.91765297470656
2	128.91802740249491
2	128.92326701021497
2	128.92351496240133
2	128.97515905569531
2	129.0127083328985
2	129.17987386744795
2	129.2276104769515
1	150.05559634007446
1	150.22019907053334
1	150.2958815191889
2	152.75139672859152
2	152.79732255755889
2	152.88520801096314
2	152.89930275922967
2	152.97753844817592
2	176.56233043709926
2	176.79372650502205
1	180.64171762726448
1	200.04222020129922
2	200.48073723821528
1	200.9382130697405
1	201.1686847130064
2	224.14907566399052
2	247.99437374305052
1	250.36046507224256
2	271.8293588144974
2	271.86339245457987
