1	80.25223806511957
2	105.51034837537182
2	105.56508451245354
2	105.58409742421823
1	120.74924997536641
2	128.49705418450966
2	128.6635153986289
2	128.7465771986475
2	128.76839178779568
2	128.79753502026807
2	128.8074320482497
2	128.82747069361585
2	128.8686195073323
2	128.94707961342183
2	129.02490707478145
2	129.08804033546411
1	150.199369794535
1	150.29699937615544
1	150.37033723087265
2	151.60424686120732
2	151.69907291776067
2	151.75292580726656
2	151.7875796085019
2	151.87277246381822
1	160.41411804775015
2	174.5846229182447
2	174.70950476767283
2	174.75074822052608
2	174.83292659679387
1	180.7095623358729
2	197.59632131696446
2	197.71657689915475
2	197.7537161055004
1	200.14657752367307
1	200.24773084766554
1	201.3302146214817
2	220.71624011427411
1	250.44915654942307
1	250.4919686001822
2	266.68274913231414
2	266.72232287112814
2	266.75525218410223
