2	156.16253642812143
2	225.81218756375623
2	248.97456771252027
1	509.5952601045523
1	511.40243168302015
1	539.9574528449366
2	550.6977986680196
1	669.7779324762461
2	1107.529829389603
1	1160.7420084191394
1	1172.1915393068034
1	1389.797560299537
1	1429.759066943299
2	1664.3771216413609
1	1705.978531603431
1	1721.7585165234461
1	1834.9500254709008
1	1972.8115590939196
2	2337.3475895549386
2	2406.897147670088
2	2430.170285216325
2	2453.3942478993076
1	2542.695765869239
1	2543.4915042675693
1	2551.675099754848
1	2931.8759474958692
1	2944.6562701041066
1	3023.8982531140673
1	3053.9964527277175
1	3161.9077051108543
1	3189.9254915759852
2	3219.1104842046498
1	3340.1865510287957
2	3474.2676086515676
1	3515.178268353766
2	3567.0951937513178
1	3642.150457970526
1	3786.939862944042
2	3799.1844896367384
2	3822.338436515867
2	4031.1711394107665
1	4240.844732961953
1	4340.833933754564
1	4398.840104228798
2	4448.837160833065
2	4472.115840670103
1	4637.124395049565
1	4656.7862618542595
1	4764.824945043398
1	4780.8677219304855
