1	80.13477175314574
2	121.64309275461193
2	121.70742855903944
2	121.76723115911442
2	121.81328777012772
2	121.81776634428324
2	121.87753618449074
2	121.93683532927854
2	122.00396249649201
2	122.0175130400409
2	122.025002515465
2	145.4883591060468
2	145.49543324509827
2	145.58218875211153
2	145.69322122591626
2	145.77253204193306
2	145.86405841849898
2	145.90634680690178
1	150.03483238577866
1	150.16255000991
1	160.24344949070039
2	169.29360577136788
2	169.38662720516794
2	169.46331086841877
2	169.48596179125775
2	169.51741065984413
1	170.35612983991095
2	177.58229901567245
1	180.59959479694783
2	193.0778341214043
2	193.16881569216352
1	200.03463143579472
1	200.14943170118121
1	200.37223347611265
1	201.1941778951679
2	217.106782593271
2	217.1941896365382
1	250.3143397050993
1	250.42613757706886
2	264.66985971445155
2	264.7007566608936
2	288.4518616152264
