1	80.66677371123738
2	103.99888656940111
2	126.86174272213937
2	126.88368997858632
2	126.90956298791484
2	126.96039209114372
2	127.01067131545987
2	149.8825281379755
2	149.97325189868275
2	150.00711418756285
2	150.09048990901695
2	150.12452586139
2	150.20827183939775
2	150.20863530060706
2	150.21213543520636
2	150.3112868711173
2	150.4082042860094
2	150.44175710179329
1	150.8336832225119
1	151.0128303743698
1	160.7935110573702
2	172.9367242945073
2	172.9477142724329
2	173.12941550380935
2	173.20154823882226
1	181.10573762309735
2	195.78392478843395
2	196.034087051013
2	196.11378853017914
1	200.1989209436095
1	201.34061245363588
2	218.78787740386872
2	218.83513713245094
1	230.88909979305996
2	241.67845255864526
1	250.40547939627473
1	250.51871558394126
1	251.0528009903259
1	251.36928657963296
2	264.52016300810953
2	287.37253128363164
2	287.44521510150787
