2	130.06523292282964
2	220.44750754726937
2	243.0762499549004
1	509.28473086702445
1	511.18022336191564
2	536.9456635963804
1	539.6383348196483
1	669.570348005694
2	1102.1113586587182
1	1110.476537893937
1	1171.814230933553
1	1389.256626271748
1	1429.337889997521
2	1667.1713496636655
1	1705.3928452718092
1	1721.3935479384102
1	1834.5225526832999
1	1972.5690889681684
2	2322.704875698932
2	2413.1404506642125
2	2413.234995288877
2	2435.804488418435
1	2542.7884449592952
1	2543.3041526343554
1	2551.2402633229863
1	2931.6365542369263
1	2944.397682665041
1	3023.595854696623
1	3053.7711900859194
1	3161.8117535283413
2	3181.6924162822156
1	3189.350878861635
1	3339.81570518593
2	3475.5526639518844
1	3514.801202133781
2	3565.9885262124626
1	3641.9097400186315
1	3786.699433387731
2	3792.0865741734196
2	3837.247445653467
2	4018.107071627851
1	4240.494915456436
1	4340.734811548753
1	4398.271651461024
2	4447.5860488124135
2	4470.199537834626
1	4636.868759791264
1	4656.529301546198
1	4764.755301745152
1	4780.626810141916
