2	184.5429246677791
2	230.29875369589783
2	253.1894206117069
1	509.25544499447125
1	511.1092799773199
2	527.9205128726018
1	539.6932176169867
1	669.5256257644496
2	1100.1744976049454
1	1110.401189070865
1	1171.8569608089956
1	1389.2774257042993
1	1429.3597171993938
2	1672.461088429747
1	1705.3843479997217
1	1721.472426963517
1	1834.5850007267493
1	1972.5901924853197
2	2336.3595403439126
2	2405.0149147977536
2	2450.82428723165
2	2450.84412621615
1	2542.792998657689
1	2543.3098885100176
1	2551.2894280121754
1	2931.663417987215
1	2944.38437608345
1	3023.589535318425
1	3053.8752116564683
1	3161.787129328466
2	3183.2713053576704
1	3189.34558788483
1	3339.7668543623727
2	3458.037366116285
1	3514.8115425990136
2	3549.579792021691
1	3641.83791545493
1	3786.6035044490836
2	3801.3812558695913
2	3847.1493556939035
2	4030.2662267678115
1	4240.5485867714715
1	4340.61934176779
1	4398.22864977236
2	4465.187903378817
2	4488.142336077561
1	4636.860867080129
1	4656.4432226961135
1	4764.71001192379
1	4780.611513239701
