1	80.33332169779182
1	80.50786650466294
2	116.43275286711732
2	116.53132953501043
2	116.64236033784239
2	116.66152908306434
2	116.73720331796135
2	116.80288214067512
2	116.83442481702477
2	116.89012537708906
2	116.92625441294688
2	116.9393058668325
2	117.02664418062272
1	120.29133811588117
1	120.3598659510738
2	131.8053681533659
2	131.80619291283358
2	131.89957891805471
2	131.9155379432423
2	131.98438156281142
2	132.1513253823513
2	132.21065724947263
2	132.29913759712625
2	140.3091415952392
2	140.33766127807993
2	140.3844678591414
2	140.48170523048222
2	140.52051392824097
2	140.53578604331653
2	140.60198872806134
1	150.31050142082267
1	150.39069849829318
1	150.6395289614819
1	150.77064650952985
1	150.81791327601996
2	160.56501598065617
2	160.59101291062632
2	160.6316727044312
2	160.65875354390573
2	160.67383203002163
2	160.68851780176075
2	160.72762489384604
2	160.77317200805783
2	160.822786586796
2	160.85113646768738
2	160.8653776462862
1	160.9689931558518
1	161.02956824783445
2	164.11579741145658
2	164.1834045835666
2	164.1877254241487
2	164.21115562065253
2	164.3048330511042
1	180.69856048307022
1	180.79687476322204
2	187.98560818992232
2	188.04101441766446
2	188.09970123608326
2	189.00691333531205
2	189.05449328338597
2	189.08592047844394
1	200.29913556902633
1	200.3269728628916
1	200.38481535450205
1	200.7324180063967
1	201.2776834360576
1	201.3953621408773
2	211.9909719441744
2	217.52407167792748
2	217.61131777935717
2	217.64418430561454
2	235.76694147013646
2	235.78820924195628
2	235.8111577157244
1	250.1875779876972
1	250.31835405560318
1	250.55201778117515
1	250.75224141943008
1	250.94311422603698
1	251.13700267591943
2	259.66892289120506
2	259.6936684645676
2	274.6757832326982
2	274.7658464750519
2	283.57115677525223
2	303.2438782654434
