1	80.19287604671239
1	80.31473757619106
1	110.60610058340703
2	112.23488490220505
2	112.32851458092897
2	112.40989121297642
2	112.46034590871403
2	112.50851663678891
2	112.57923432006656
1	120.40644944636702
2	136.052348996979
2	136.13741172865352
2	136.1677613468942
2	136.1885516919195
2	136.2123622260571
2	136.22935078702687
2	136.26278047101783
2	136.32399840379347
2	141.0770792460588
2	141.12117795853084
2	141.20210355280506
2	141.23070757728294
2	141.24166894536236
2	141.3042267245195
2	141.3450791688042
2	141.44418867856567
2	141.54201331152186
1	150.19751174844066
1	150.25652789167404
1	150.25958790617446
1	150.3120028438598
1	150.4471088321329
2	159.01006628557928
2	159.05315817751205
2	159.11191843638483
2	159.20921004127032
2	159.2284191699632
2	159.30096990452387
2	159.38941323815402
2	159.41019971834186
2	159.47467438857151
1	160.3966736791248
2	169.49940642427433
2	169.53535466568167
2	169.7032458801708
2	169.88131226568126
2	169.96133674022343
2	169.97266555658825
2	170.0501566060825
2	170.08632143935344
1	180.679192298698
1	180.74942025929778
2	182.02734239774767
2	182.2014577872361
2	182.26121310818004
2	182.27988762531453
2	198.23045032821796
2	198.29655198933293
1	200.10848496655143
1	200.21001537052607
1	200.31367513606435
1	200.96052026910832
1	201.24032765293703
1	201.25939867638226
2	204.9697905198934
2	226.7697864620796
2	227.9726179451491
1	250.4654017400315
1	250.55517030068896
2	250.94972726831475
2	255.23315901895478
2	283.80125640643877
2	283.88886947730475
2	296.9522420413412
2	296.99768124388453
