1	80.48611669511904
2	115.87991557792138
2	115.95380423552339
2	115.97289281569242
1	120.23199591337358
1	120.43019433464448
2	138.71232355902418
2	138.87662233885382
2	138.9231656235378
2	138.97605682080103
2	139.06768556679611
2	139.08248176146935
2	139.12302405109557
2	139.14530359429085
2	139.23459721700314
2	139.27534486599544
2	139.32036553163627
2	139.40204770014978
2	139.44934985843636
2	139.45102352157963
2	139.4793334955808
2	139.5333220933104
1	150.61575892915812
1	150.74480969034627
1	150.77824515646904
1	160.547797053484
2	161.55622343830575
2	161.55695030745585
2	161.63325747714694
1	180.72619434692825
2	184.34496536926454
2	184.43967230930582
2	184.46390013925986
2	184.51927961618935
1	200.83155639077196
2	207.15224404958124
2	207.24965832427236
2	230.04691701238013
1	230.70791737379298
1	250.18759288312523
1	250.41137242369518
1	251.01809557071724
1	251.22935577708063
2	252.7806972327705
2	275.59968748978815
2	275.6917107405272
