1	80.1863314927668
2	111.8833508408286
2	111.93508882731307
2	111.94763353065497
1	120.0992408082549
2	135.67553090513653
2	135.75948614652214
2	135.85201729133834
2	135.8691116743684
2	135.92769239890347
2	135.93003083314053
2	135.94724123266374
2	136.0235999026924
2	136.04656565068882
2	136.07017485634944
2	136.15602390867025
2	136.1824281579612
1	150.127843542017
1	150.18550249379544
2	159.60514931326088
2	159.7033328642257
1	160.54618893109344
1	180.61096616289265
2	183.4328733090243
2	183.48910641401918
2	183.6480167082442
2	183.69874488094655
2	183.75040802006026
2	183.77671488945128
1	200.0902949472057
2	207.25498054714762
2	207.26873978865834
2	207.35154204890654
1	230.65156855440154
1	250.10250204206565
1	250.9140921313176
1	251.1444234522383
2	254.99341653342182
2	278.8885053952919
2	278.9013786024221
