2	141.4957883272613
2	234.55526275723182
2	257.73633418318497
1	509.41695064440864
1	511.22795090994646
1	539.6261076336862
2	560.142166187718
1	669.5848674687952
2	1118.346562614884
1	1160.4675268968936
1	1171.9300117613923
1	1389.4346222721974
1	1429.4932002774747
2	1676.5622043568899
1	1705.5127589871884
1	1721.4736460471463
1	1834.7610464560332
1	1972.5460775698236
2	2327.831051926794
2	2397.548907350325
2	2420.8393522211954
2	2444.2001399509104
1	2542.8173064488815
1	2543.318631983084
1	2551.3317804353314
1	2931.6382832471777
1	2944.3848558847967
1	3023.5736152969275
1	3053.9083689004015
1	3161.7586045531807
2	3188.3791250400386
1	3189.5261801129054
1	3339.8129909185036
2	3467.5297216101544
1	3514.776235900767
2	3560.554000396259
1	3641.936331593575
1	3786.6236002651945
2	3793.1278590501465
2	3839.607881306167
2	4048.9397462567936
1	4240.522057663549
1	4340.669301226112
1	4398.540136402353
2	4444.394409073709
2	4490.885669516199
1	4636.892844794445
1	4656.575292076037
1	4764.717302465856
1	4780.53315159998
