1	80.56294791858177
2	107.39552580276215
2	130.59817324142108
2	130.68880084208757
2	130.78596734113495
2	130.8724316794736
2	130.91155060404645
2	130.98329924548597
2	131.008188806845
2	131.10363099853416
2	131.12744537013415
2	131.16589302364272
1	150.24414770463903
1	150.84425089284426
1	150.88282873175672
2	153.7914840016558
2	153.88234793942175
2	153.91712938418507
2	154.010133835696
2	154.15777432852042
2	154.20877649238278
2	154.22889615221501
2	154.27243645963284
2	154.371739846557
1	160.6982045708556
2	176.85097507295248
2	177.09839721238862
2	177.29143090068106
1	180.82359025405376
2	200.32742314553732
2	200.38604855137606
2	200.42892753263394
1	200.53112130630643
1	200.87471521909944
2	223.114848150775
1	230.6829356201376
2	246.2826242733204
1	250.20840000998166
1	250.55809478096523
1	251.11467227180407
1	251.2163835741801
2	269.4593312122396
2	269.5307186073872
2	269.5337558464276
