2	123.46151747549563
2	218.83029229932913
2	266.60801171627753
1	459.305728123442
1	461.1153510286519
1	489.601906095438
2	528.9570767149584
1	619.6161473866679
2	1101.333018015636
1	1110.3959535322604
1	1121.7751405750753
1	1379.2554675113765
1	1389.1336660824313
2	1649.956795284533
1	1671.3853123651324
1	1705.242380379905
1	1784.5671838420258
1	1922.5277716874766
2	2317.702460419213
2	2389.323785535264
2	2413.1395924866697
2	2413.2039553888335
1	2492.7110664699558
1	2493.2343172282967
1	2501.326960026166
1	2881.5772888069573
1	2894.318715817745
1	2973.5816068039317
1	3003.9698650633336
1	3111.6510349645005
2	3176.3418365171433
1	3189.329007340723
1	3289.76591519965
2	3462.5876786490103
1	3464.8050864359006
2	3581.8277239907993
1	3591.8304670328876
1	3736.4946651011774
2	3796.4555171855873
2	3844.1881367292312
2	4011.1124239738933
1	4190.474443471561
1	4290.638812508347
1	4398.209427002719
2	4440.452548679468
2	4488.181059602638
1	4586.817113062287
1	4606.531935828163
1	4714.597480421165
1	4730.568046495411
