2	158.49309798914098
2	229.86892028203889
2	253.64977881779134
1	509.4491088976616
1	511.0767441099268
1	539.7751077271311
2	563.1899858756314
1	669.5120306822715
2	1110.7077378834506
1	1121.4985429973622
2	1158.3075791844717
1	1160.4850326174483
1	1172.009787097825
1	1389.3840859755326
1	1429.4749058354553
2	1682.0913777430583
1	1705.582883590728
1	1721.4156139408415
1	1834.588085939789
1	1972.6364998250187
2	2348.735953035008
2	2420.092762142934
2	2420.105225837497
2	2467.762482572144
1	2542.777121916163
1	2543.3267758697098
1	2551.2938419961088
1	2931.646776200976
1	2944.432517247954
1	3003.3061335581956
1	3023.595223390942
2	3039.0422211240952
1	3053.8805821633105
1	3161.710177356061
1	3189.6607768500826
2	3205.758883257388
1	3289.4003705986556
2	3324.7242007154073
1	3339.897127401049
1	3464.2692483673286
2	3491.460521833485
2	3491.4836905287
1	3514.9285547228437
2	3562.8266089234003
1	3591.3917344319325
2	3610.4742088939593
1	3641.879172583849
1	3736.228716836376
2	3777.1375110423114
1	3786.6107873809515
2	3824.753073078311
2	3848.552657343236
2	4015.138699856227
1	4240.501813433563
1	4290.336510365404
2	4324.6332202333915
1	4340.694275323238
1	4398.5587869535075
2	4467.4690308304835
2	4491.295846457776
1	4586.332591562964
2	4610.368717302455
1	4636.8634361702925
1	4656.530640984583
1	4764.62106398075
1	4780.498272294087
