2	121.86337203872
2	239.10327208825043
2	239.15489518556606
1	509.4309249900016
1	511.1788018273226
1	539.6687189873845
2	561.7257853778893
1	669.5404441128338
2	1118.8689393909056
1	1160.3988615469066
1	1171.9071901838881
1	1389.3807931274098
1	1429.4265348809045
2	1676.1118998257252
1	1705.5226067772758
1	1721.5036281193854
1	1834.5687379068302
1	1972.6655492065856
2	2350.526376416837
2	2409.176462621613
2	2409.2737202376948
2	2438.5409705142342
1	2542.6836060973887
1	2543.2924229804694
1	2551.2582023257496
1	2931.6419232959975
1	2944.360241005671
1	3023.560607944898
1	3053.78352249864
1	3161.7063735399106
1	3189.514280593483
2	3201.0633964036156
1	3339.818441465506
2	3464.9847679795184
1	3514.841076933255
2	3552.9433053442935
1	3641.934767094077
1	3786.644708337225
2	3787.564785942301
2	3846.1790448057413
2	4022.1475780001265
1	4240.580688893248
1	4340.712055810272
1	4398.519243828586
2	4461.982828970906
2	4491.371688690126
1	4636.837447891126
1	4656.563252771356
1	4764.685477865554
1	4780.580239704306
