2	142.49431251131756
2	235.61822804309756
2	235.65780105218897
1	461.39529712817983
1	489.81705215297114
1	509.4545178974427
2	561.6428213420252
1	619.7669600247781
2	1120.4634825475373
1	1160.5699905738643
1	1171.9468180325844
1	1389.4304973404544
1	1429.4269795473426
2	1656.0225858390559
1	1705.518011958187
1	1721.4752346219711
1	1834.5515956750128
1	1972.5091171435674
2	2331.344972845846
2	2401.260296695056
2	2401.3244289452623
2	2447.7953532566753
1	2493.5738583021807
1	2501.603366378137
1	2542.6091221906318
1	2881.7596788594606
1	2894.679017470863
1	2973.770533948116
1	3053.644685250714
1	3111.8886397016204
1	3189.676173715323
2	3192.919835930121
1	3339.645753553319
2	3449.088486510283
1	3514.6644194048285
2	3542.2888688845087
1	3641.7242705723565
1	3786.4241486619608
2	3798.414566698847
2	3845.00939306567
2	4031.230630637007
1	4190.758268964536
1	4340.462050334674
1	4398.606011928683
2	4450.373747366083
2	4473.694551342994
1	4636.774732866133
1	4656.422105150513
1	4714.7455002544775
1	4730.892496509126
