2	141.5274191040574
2	233.39594430289014
2	256.34468793095084
1	509.5648189974265
1	511.2928969367253
2	531.9849857238909
1	539.7681357835943
1	669.6091924997448
2	1106.2175602822347
1	1160.6028942159649
1	1172.0200936824203
1	1389.4588794341987
1	1429.5306654738754
2	1657.4732723972008
1	1705.729524068479
1	1721.460887893143
1	1834.657378903915
1	1972.5791392044566
2	2323.562431964489
2	2392.5413572581238
2	2415.4743032817055
2	2438.4747792863614
1	2542.836242143283
1	2543.341453202305
1	2551.3568752832975
1	2931.665599814938
1	2944.3987587672254
1	3023.6485660317267
1	3053.8815757166944
1	3161.78454096265
1	3189.6443052080076
2	3196.451551114622
1	3339.8388436400696
2	3472.0067505363963
1	3514.962688283459
2	3586.9233692105367
1	3641.906773195627
1	3786.664638573138
2	3793.5719745050283
2	3839.5705995020057
2	4023.3590887916653
1	4240.520615205524
1	4340.6550499056175
1	4398.616196091123
2	4459.692297160074
2	4482.7048907326125
1	4636.868053002792
1	4656.598741248069
1	4764.7129001765525
1	4780.669383763415
