2	116.43293527386155
2	234.22800578110215
2	257.7663740198484
1	509.6173631991514
1	511.2149720301366
1	539.8582196079086
2	540.3909941550551
1	669.6068478646409
2	1105.6178695488122
1	1160.600722121262
1	1172.097247884066
1	1389.5582664467152
1	1429.6643594452069
2	1694.4355704678312
1	1705.8183851497065
1	1721.481980631129
1	1834.7235633937223
1	1972.769242128014
2	2330.4530480021212
2	2401.0969632593483
2	2401.124868785925
2	2424.5993478244313
1	2542.958351548576
1	2543.406228746267
1	2551.3719298839505
1	2931.682614705059
1	2944.410332157619
1	3023.710961338044
1	3053.8781721372616
1	3161.794877014285
2	3178.2918795194114
1	3189.690014681494
1	3339.9323392339597
2	3460.924806352674
1	3514.9553040358746
2	3578.73444688237
1	3591.215356747415
1	3786.7522280866688
2	3790.7063102536417
2	3837.770606172223
2	4026.258123755668
1	4240.6525102207415
1	4340.778767781142
1	4398.770755455146
2	4450.235602478799
2	4497.26105907414
1	4636.924403706539
1	4656.61333215908
1	4764.817893574543
1	4780.704524334174
