2	111.31891105038602
2	129.16030437245047
2	146.10430270026316
2	224.60569970805057
2	230.45560717316738
2	230.49849236415736
2	233.42137447757395
2	248.57753808339717
2	262.4875061108618
1	459.2580880812229
1	461.1157086660367
1	461.1464942373198
1	489.6472471873448
1	489.7196289259079
1	509.2993085726832
1	509.55802535587924
1	511.31948813169373
2	534.8943751426481
1	539.8245691167415
2	540.1140657088837
2	553.543957841512
1	619.5229485955418
1	619.5585810782981
1	669.7378906536316
2	1107.6660815160526
1	1110.396688787115
2	1111.7960180429632
1	1121.7716335386303
2	1135.5740278898875
1	1160.2785632521188
1	1160.7054944625504
1	1171.665070760186
1	1172.0937162149094
1	1379.3284043615895
1	1389.2467301608256
1	1389.2596037168867
1	1389.5690019779754
1	1429.340210075757
1	1429.5626316418357
2	1656.5269622314295
2	1659.315752655263
2	1659.6561449977057
1	1671.5298947399103
1	1705.2294502298662
1	1705.293829110599
1	1705.876861382517
1	1721.2675948881317
1	1721.5595085259847
1	1784.515167792916
1	1834.291076396076
1	1834.7957369988826
1	1922.5846908063368
1	1972.259669242642
1	1972.7855372857202
2	2324.8344222488786
2	2326.5637945118906
2	2328.5965695838627
2	2396.405493493468
2	2398.0441303598627
2	2398.0631167533056
2	2415.8930302010476
2	2415.959568848034
2	2420.257465595151
2	2444.1038366117828
2	2445.060504891019
2	2445.6893491593787
1	2492.8060834490025
1	2493.2208636731916
1	2493.2394708302995
1	2501.3069879921145
1	2501.354090258827
1	2542.4575962082354
1	2542.871112343655
1	2543.457768854408
1	2551.5040957735705
1	2881.6118269199587
1	2881.703216067462
1	2894.246641700954
1	2894.3050899958725
1	2931.6688863155277
1	2944.5714482309095
1	2973.5907342762766
1	2973.6693794337557
1	3003.867958177069
1	3023.768702494039
1	3053.427504962011
1	3053.9106691221023
1	3111.660396023457
1	3111.716465194318
1	3161.799800995578
2	3183.988841010418
2	3184.1848829083533
1	3189.2194865161177
1	3189.2895022188486
1	3189.7998634176024
2	3201.6458908255904
1	3289.7960271800484
1	3339.3699013771084
1	3340.036443769158
2	3446.2004522616508
1	3464.8010347928875
2	3470.3273942359715
2	3492.6104721087395
1	3514.3951966378286
1	3515.0672802209397
2	3541.4271427044537
2	3579.965820603339
1	3591.8741046431246
2	3613.600738343247
1	3641.57472424366
1	3642.0265148991393
1	3736.559087383336
2	3779.6618471371366
2	3780.6358622607104
2	3783.6262117216565
1	3786.356122657427
1	3786.700453304534
2	3827.304493965492
2	3841.7986682171295
2	3876.067786860043
2	4041.7248492425792
2	4043.0770161298
2	4045.47851756293
1	4190.481059024935
1	4190.503414834819
1	4240.671871635824
1	4290.76157289527
1	4340.258268851363
1	4340.827621908846
1	4398.140523166506
1	4398.215167367354
1	4398.662177266356
2	4446.636923909803
2	4448.846286437294
2	4452.872152264291
2	4470.430928793659
2	4482.066055306585
2	4496.574143285507
1	4586.808207430526
1	4606.570215850288
1	4636.458085190747
1	4637.001826884874
1	4656.3350314877425
1	4656.752710389533
1	4714.643243250443
1	4714.650888489528
1	4730.5038136247285
1	4730.668869898218
1	4764.748024481076
1	4780.681685696404
