1	80.25959533554705
1	80.31994984636941
2	108.4977692053508
2	108.56739633999119
2	108.63109201689657
2	108.6529296144985
2	108.65443741060872
2	108.66288653183815
2	108.72246785674767
1	120.25950014309636
1	120.49513994609006
2	131.99598752195791
2	132.09967764301493
2	132.10136117051096
2	132.17447990371065
2	132.26431083198702
2	132.32085428263952
2	132.4184637338007
2	132.47238033052835
2	132.6232189291128
2	138.57938397042122
2	138.59059914340497
2	138.75129854159138
2	138.78060921753462
2	138.84155803926433
2	138.87310865083845
2	138.87753197628484
2	138.9436481166317
2	139.01846091223635
2	139.05735311652603
2	139.10811777636115
2	139.13113455854068
2	139.22062257895675
2	139.2837270646227
1	150.0811098100113
1	150.31302667726857
1	150.39777532541035
1	150.46986911967556
1	150.55971634561945
2	155.36347786732838
2	155.41325397665014
2	155.47464485549702
2	155.52220851712605
2	155.5631448828043
2	155.588705290411
1	160.37532532249548
1	160.56798531337066
2	161.3922054029698
2	161.47582986531512
2	178.7721626691117
2	178.90838486222322
2	178.98617160658642
1	180.65509589152407
1	180.76649119136624
2	184.11126185825853
2	184.1338161644128
2	184.30559608338223
2	184.40286996941165
2	184.49969016349786
2	184.55400616309615
1	200.20212059341569
1	200.33262899540023
1	200.4792894296052
1	201.22551637606315
2	202.23749525275542
2	202.30819121158532
2	206.8622354427883
2	206.93547471659548
2	206.9853688006437
2	225.78423788975022
1	230.6898658110866
2	249.0784603022048
1	250.1341727862426
1	250.52007114336664
1	250.58384125737348
1	250.62420285434038
1	251.00668929876025
1	251.16186989981668
2	272.53778522161895
2	272.5560230584477
2	272.61024398921427
2	275.0688071559046
2	297.78998757900644
2	297.85500777341514
