1	80.17564884027483
1	110.64195837848253
2	123.69646679528547
2	123.7392021961307
2	123.83518156012835
2	123.86284121630435
2	123.95579898209495
2	123.97406517359263
1	150.22507491785157
1	150.39786571738725
2	151.7522185879953
2	151.76135456428435
2	151.7836422597718
2	151.83588014667802
2	151.92452242071113
2	151.96034326911604
2	152.01363576578572
2	152.1638809606793
2	152.18439693110145
2	152.26335596672078
2	152.28220362011504
2	152.37028976358786
2	152.42217132462113
2	179.77937254796856
2	179.89478359133972
1	180.67856886877155
1	200.25558304231555
1	200.93777256819163
1	201.21881159109753
2	207.83602220510463
2	207.84549884602046
2	235.8660353169376
1	250.42818108749924
2	291.9923888701577
2	292.0076105320421
2	292.10183322712817
