2	124.80820413417848
2	220.3222620406945
2	244.09958474613003
1	461.15927564693146
1	489.6296938926754
1	509.2665164585593
2	530.563707462544
1	619.5026735912131
2	1103.3186226833093
1	1160.28662150719
1	1171.6757682578377
1	1389.2408695605595
1	1429.328835701765
2	1652.2452696008124
1	1705.2181166781165
1	1721.271493075988
1	1834.2965630380847
1	1972.2807101562466
2	2320.452377889877
2	2392.0487931927823
2	2415.900638398125
2	2439.880591877392
1	2493.2531294503965
1	2501.279880204498
1	2542.4267155567372
1	2881.6550877679488
1	2894.304473752036
1	2973.5600248461074
1	3053.4651912190657
1	3111.6233172801885
2	3179.632618177733
1	3189.289470781559
1	3339.3640631437697
2	3465.9226947656075
1	3514.346021061923
2	3609.2133185107195
1	3641.5384836321036
2	3776.193141717705
1	3786.2763718303336
2	3871.6768748971654
2	4038.745671041736
1	4190.452058104812
1	4340.240494433152
1	4398.134477654024
2	4444.41912872849
2	4492.157262158411
1	4636.468471730139
1	4656.270723923912
1	4714.647276284715
1	4730.687478069682
