1	80.2415723664631
1	110.75754292621764
2	113.37823487241599
2	113.38866240315743
2	113.42435417932448
2	113.46505318999036
2	113.55098885651998
2	113.64793553445897
2	113.70038560769243
2	113.79219639233308
2	113.82143940673048
2	113.87092938208822
1	120.23050600457222
1	120.39288303462382
2	136.55240769462205
2	136.56618001289903
2	136.71145781659223
2	136.7643870533388
2	136.81131262176856
2	136.90708611765768
1	150.19290499387338
1	150.27856979813478
1	150.32789334039467
2	159.7410208684835
2	159.7728470328706
2	159.79811093512916
2	159.80154488229104
2	159.857664441587
2	159.8861276688852
2	159.9126532105802
1	180.7381415874388
2	182.96712030521033
2	182.99439673657432
1	200.2014160078066
1	200.93981107721035
1	201.24560452746425
2	206.05617886551119
2	229.20527151453678
1	250.43824051764707
2	252.32978686399412
2	252.34517351564443
2	275.46165625775114
