2	207.29530564693064
2	231.20978990285977
2	255.0295435208889
1	509.1421486627377
1	511.13163192605987
1	539.5955055620218
2	565.1711916200082
1	669.5116985619485
1	1110.3897667024187
2	1113.8207334207912
1	1171.8353930784003
1	1389.1801285888462
1	1429.248025960121
2	1638.6463701978728
1	1705.2634212564863
1	1721.3692290430156
1	1834.5450670394287
1	1972.5005967053864
2	2330.44488918808
2	2402.0362747165923
2	2425.8430181983736
2	2449.7486314904195
1	2542.7330138107436
1	2543.206299924217
1	2551.2836657735684
1	2931.6160626776514
1	2944.3438477944896
1	3023.5192646057462
1	3053.773761564925
1	3161.66906384533
2	3189.287145317698
1	3189.362805296379
1	3339.724869990685
2	3475.597011715889
1	3514.770180675657
2	3547.111028977199
1	3641.8536518156925
2	3785.6780552901027
1	3786.639407841101
2	3833.3725059579015
2	4024.164956132557
1	4240.447325442337
1	4340.642253177549
1	4398.253375083857
2	4453.601332544367
2	4477.431881174567
1	4636.750885475416
1	4656.491197149458
1	4764.676965334766
1	4780.47647443697
