1	80.14780621371933
2	102.90891625032886
2	102.92563034414697
2	103.00600331724509
1	120.10791519202235
2	126.88255754665751
2	126.9718960687435
2	127.01350196301793
2	127.102193585469
2	127.11157463213253
2	127.12902760459004
2	127.17340686777115
2	127.22275053722989
2	127.32252202972693
2	127.3887389415262
1	150.15173213337243
1	150.17367312239338
2	150.66083222703514
2	150.7225317960826
2	150.7361385104779
2	150.77483995508675
1	160.5160503991439
2	174.4058510816891
2	174.4077638327809
2	174.6045392799569
2	174.6290256366414
2	174.6972908817112
2	174.76991263937242
1	180.53716401855678
2	198.33279185586548
2	198.33985784680763
2	198.40161486017033
1	200.17584111888758
1	230.62705633917605
2	246.05369533832268
1	250.11234333376825
1	250.91119546495608
1	251.15895005679994
2	269.89290780746535
2	269.93356669461195
