1	80.72133354076782
2	120.56791662787008
2	120.6197332842229
2	120.65715342192483
2	120.72377458725151
2	120.75451058030758
2	120.84894285886621
2	120.8620230317714
2	120.917749215489
2	120.99827083857136
1	121.00727818927736
2	149.16321864398125
2	149.19224612103065
2	149.33207831878204
2	149.40351440067803
2	149.54493228890092
2	149.58089939610957
2	149.65893135058278
2	149.6609788870071
2	149.78817498570982
2	149.87900397821403
2	149.9485185982217
1	151.21912513135896
1	151.3941612189998
1	160.6844738780169
2	177.5555089136272
2	177.66836740702087
2	177.95676414707654
1	181.00269032412012
1	200.94888779882604
2	206.11464463293416
2	206.13620748974745
2	206.35831449644175
1	230.73576353092892
2	234.80579134469946
1	250.20025958077574
1	250.60291203154264
1	251.12986614427206
1	251.2777368140347
2	263.1660248515346
2	291.6665890402939
2	291.69008482710086
