1	80.18418912054544
1	80.23048440745929
1	80.56449630127646
2	88.54550874070918
2	109.07680292110237
2	109.09988499549691
2	109.13177309830277
2	109.21350298976442
2	109.23193660916857
2	109.2353723061292
2	112.40576956713707
2	112.41047191906814
1	120.18227774866584
1	120.55667194814671
2	126.10307989316483
2	126.12849837878807
2	126.20841954078583
2	126.2930967053922
2	132.83863039928795
2	132.9376225129408
2	133.08377749705008
2	133.1130798248164
2	133.12216945878137
2	133.17359407116467
2	133.25610227949755
2	133.32758058555237
2	133.3323216444197
2	133.41377849868582
2	136.27696134988383
2	136.31723316517227
2	136.36933631116838
2	136.4039144311429
2	136.4173451137345
2	136.50442796820732
2	136.51268488630856
2	136.5585008568183
2	136.60479312246443
2	136.68361771406904
2	136.684179908189
2	136.7170648727357
2	150.06707899827975
2	150.1640422722848
2	150.24103062161706
2	150.28473452445706
2	150.35401650030826
2	150.43639308140706
2	150.47331074156065
2	150.5628407528905
2	150.6538413535338
2	150.65702726946452
2	150.7187522947526
1	150.78071820046281
1	150.7884918419943
1	150.82894887589325
1	150.9160421427736
1	151.20452467254475
1	151.27644896894518
1	151.3338911273111
2	156.1601920206514
2	156.2065228323611
2	156.3450116262756
2	156.37099440416648
2	156.3809163429702
2	156.44036881151982
2	160.08101245617382
2	160.1061371529751
1	160.3214750680225
1	160.48154949607263
1	160.55466921046985
2	174.00443901127502
2	174.06306479609643
2	174.06469968383493
2	174.08684955849208
2	179.70624350837372
2	179.8504441322034
2	179.95189016569674
1	180.5700842046378
1	180.70594589893398
1	180.86373626290418
2	184.0196586125192
2	184.05448755633253
2	184.2438697077017
2	184.29992275414722
2	184.3012090211729
2	184.33496803949396
2	197.83948445239395
2	197.9434587839555
2	198.03370474537638
1	200.16623323168548
1	200.1958437756759
1	200.22003322068477
1	200.41128923239089
1	200.71911503249166
1	201.31901187906297
2	203.1092647780411
2	207.83900558579523
2	207.87639088390168
2	207.95954156495606
2	221.82754709584526
2	226.6526119694837
1	230.64446276461211
2	245.70865928766386
2	245.7602241146757
2	250.03413704807804
1	250.12796581882847
1	250.2219501448725
1	250.44059083874245
1	250.56274008959016
1	250.59443212249823
1	250.95975629257723
1	251.05606175093192
1	251.12812058368127
2	255.54705608525566
2	269.5797764614505
2	273.72079820587834
2	273.76866349035436
2	279.4468352834525
2	279.53359585094773
2	293.54689737082236
2	293.5657724550176
