2	111.86979111416262
2	112.83170737702783
2	227.12414630441245
2	228.7957299490863
2	252.09558930251362
2	255.9395440197747
1	461.2318369992307
1	489.7611444543904
1	509.28308701228394
1	509.5701910737425
1	511.2627704249075
1	539.8761709663005
2	543.9418332559028
2	553.5873795522011
1	619.7193511631751
1	669.6652700544245
2	1091.3382355529225
2	1110.25902703205
1	1160.3726024168045
1	1160.729567110217
1	1171.6953315555381
1	1172.272605936432
1	1389.3090639161535
1	1389.5908560697103
1	1429.3462972290863
1	1429.6528854438886
2	1666.958453744435
2	1667.4215927751284
1	1705.3506353170917
1	1705.7759656605303
1	1721.3364147627428
1	1721.6280944674381
1	1834.4614399088903
1	1834.725141878683
1	1972.3625675547523
1	1972.7598953712627
2	2330.0361354279394
2	2339.602222222062
2	2409.114482174225
2	2416.386064271631
2	2416.474914744005
2	2432.357286686543
2	2445.1875907191034
2	2455.50525346788
1	2493.385774673741
1	2501.3520795390577
1	2542.45651320407
1	2542.492123171013
1	2543.4703324027746
1	2551.5510890756627
1	2881.6401272294524
1	2894.401886151808
1	2931.826580976299
1	2944.608302507691
1	2973.7162761195436
1	3003.1045319442946
1	3023.8032950976412
1	3053.486109331568
1	3111.772041254236
1	3161.954651195605
1	3189.3530006898727
1	3189.8511242419754
2	3194.2280384298842
2	3197.7991646293726
1	3339.6088186293136
1	3340.027694598562
2	3453.49709520582
2	3476.129577927128
1	3514.4516862333544
1	3515.112810682493
2	3568.741950522332
2	3568.8483853874036
1	3641.622758714357
1	3642.0511052678853
1	3786.305690770789
1	3786.7957249971414
2	3799.141080787575
2	3800.8099260209447
2	3828.063131131827
2	3870.44779484928
2	4029.6048849667286
2	4055.987166922187
1	4190.562663084653
1	4240.722935419393
1	4340.379256193702
1	4340.9133147233515
1	4398.27375151564
1	4398.758752715953
2	4432.8866763425585
2	4450.318614116757
2	4490.552362353443
2	4519.857790496832
1	4636.5287871868695
1	4636.58618477968
1	4656.411102485874
1	4656.681739963054
1	4714.73620253412
1	4730.578875055528
1	4764.831322482587
1	4780.7157235476925
