1	80.32955668910483
1	80.62371824334146
2	95.36876734813293
2	118.16981391219393
2	118.21000133498329
2	118.26948572419562
2	118.33865255214897
2	118.3923795167134
2	118.41052789990196
2	118.42240315481081
2	118.53807576684389
2	118.59644943425035
1	120.23473569860933
1	120.3746194132216
1	120.38516971714198
2	130.97986642033248
2	130.9932149072838
2	131.08127203148143
2	131.16122166732012
2	131.21902385333397
2	131.268086674427
2	131.36744262376965
2	131.42819031165968
2	131.52195303705565
2	141.04162625780535
2	141.15873613403642
2	141.20628538810166
2	141.25311140558026
2	141.2945244081749
2	141.3549985822352
2	141.38847383946825
2	141.4403664023065
2	141.47922347835373
2	141.54460570865038
1	150.39064458961707
1	150.41106316357977
1	150.439614474944
1	150.85068723182758
1	151.0171844709024
2	154.65568145224196
2	154.73101324536182
2	154.8270606345
2	154.90264126484615
2	154.95463978690924
2	155.11327441763
2	155.20257132637744
1	160.60019712399225
1	160.69535608438136
2	163.84891836586257
2	163.9963710567373
2	164.05974524296465
2	178.33362967558884
2	178.3414917537902
2	178.34259219613176
2	178.42542931326085
2	178.44596313967466
2	178.44826574187968
1	180.6611230564038
1	180.85549145669793
2	186.77109932058755
2	186.78421920505363
2	186.78752367003918
1	200.89619424067524
2	202.18995219703262
2	225.61038418948473
2	225.6462037719214
1	230.69074673888414
2	232.3668194312176
2	232.5019108325114
2	249.31084075233804
1	250.12169501504485
1	250.18074312137378
1	250.37676196413648
1	250.56768255609796
1	251.00127186139053
1	251.00841954121785
1	251.15097341849312
1	251.20021918074266
2	255.18351086684436
2	273.021666229796
2	273.0605062083669
2	277.9511392609791
2	278.00358015187567
2	296.7226705521259
