2	129.05823920824653
2	213.39799072192133
2	269.4994545230481
1	509.53210987713885
1	511.28176515475127
1	539.9188270677433
2	550.4788984459573
1	669.5917267706359
2	1112.4485046018965
1	1160.6645828652136
1	1172.1791066494407
1	1389.5734890755273
1	1429.5389677041358
2	1674.3460270247176
1	1705.6593593690793
1	1721.545622878859
1	1834.7190346076156
1	1972.8615167812272
2	2348.7508543076597
2	2404.873500409752
2	2433.0359524644296
2	2433.0422055188596
1	2542.9578386988096
1	2543.5199211025983
1	2551.4626416376514
1	2931.781565744072
1	2944.5297439957253
1	3023.834857037774
1	3054.0209830461927
1	3161.9303011096863
1	3189.7346023658583
2	3191.5939719791395
1	3340.0739035778065
2	3472.6267649282736
1	3515.0171718523275
2	3584.999629272878
1	3641.9812343214094
1	3786.8458376779554
2	3809.746385666277
2	3865.97243125446
2	4034.5427274704393
1	4240.703054917414
1	4340.8863369756555
1	4398.665353654341
2	4427.902922090871
2	4484.108252243076
1	4637.054738847703
1	4656.687368961512
1	4764.796931491937
1	4780.810421669459
