1	80.54156197427078
2	108.94166175857244
1	120.46845144797129
2	131.95150473706641
2	131.95323863010404
2	131.99897665995053
2	132.02300858881983
2	132.11391343549099
2	132.15976945230872
2	132.25944087523698
2	132.35010032043846
2	132.4312319597267
2	132.5066912191331
2	132.5285915116415
2	132.5743683354851
2	132.5867906921452
2	132.6452987862409
1	152.0723728604746
1	152.1646975678936
1	152.2236142755571
2	155.00528534780975
2	155.1688062293503
2	155.1839246230942
2	155.36087356680582
2	155.45755992434687
2	155.54582492825202
2	155.66109199060026
1	160.43457827819094
2	177.97904508323148
2	178.0678482788207
1	180.80851859876677
1	200.6361854570696
2	200.81069535316655
1	201.0123984134739
1	201.31281465710452
2	223.63958286591134
2	246.58293460234393
2	246.58486663933536
2	246.59516851045655
1	250.5837789040733
1	250.59300300534932
1	250.76878610712598
2	292.3481263177086
2	292.431559995413
