2	140.63950837859522
2	145.3572502929768
2	216.82239887525975
2	225.27201665815392
2	240.68008072335084
2	253.5350243702815
1	461.23650651173733
1	461.34680560853155
1	489.4084339852703
1	489.6926182514559
1	509.38912591394813
1	509.4618201064584
2	535.9189901869628
2	550.3889781931505
1	619.349559478574
1	619.5470015790371
2	1098.2399814410746
1	1121.6000751117663
2	1128.8320013363048
2	1145.8564458067979
1	1160.3109369366482
1	1160.4179385176262
1	1171.603439683183
1	1171.79085800411
1	1389.2826222182143
1	1389.3529186858088
1	1429.367632225363
1	1429.4380063497088
2	1665.3287706094013
2	1669.931463902832
1	1671.2971791482407
2	1693.809416177782
1	1705.2751528862009
1	1705.4299722907817
1	1721.3738461257221
1	1721.4686604937228
1	1784.3649219943823
2	1812.8608880296788
1	1834.3713544326117
1	1834.5125643365886
1	1922.5536222085384
2	1955.8231844061975
1	1972.313246986122
1	1972.3652196720611
2	2337.016348640589
2	2343.0396265998806
2	2399.51613638263
2	2408.4551132574506
2	2408.46491281851
2	2427.6636287597194
2	2432.2105833763867
2	2455.9859320981614
1	2492.5242192473693
1	2493.2360969857873
1	2493.404885951498
1	2501.291980520605
1	2501.4733992339143
2	2503.7469273760703
1	2542.4786058166924
1	2542.641716233296
1	2881.473871859159
1	2881.784005672588
1	2894.3477994882073
1	2894.572777871427
1	2973.600615300646
1	2973.618982062053
1	3053.4765076424414
1	3053.527254973368
1	3111.541240744702
1	3111.65479968829
2	3170.78308448339
1	3189.3560566589554
1	3189.4154748015026
2	3190.07320549577
1	3289.6836432467144
2	3313.7109628449025
1	3339.4581815107604
1	3339.5609009751083
2	3456.6238963241863
1	3464.438384898146
2	3472.406819193416
2	3480.4317235341155
1	3514.357305603789
1	3514.548497393309
2	3551.9254100776902
1	3591.607832831278
2	3613.7039793716717
2	3623.3572550817366
1	3641.5667883522915
1	3641.5803105640853
2	3783.0015187359404
1	3786.309945057725
1	3786.361646447613
2	3790.118604869883
2	3837.7232460300957
2	3895.9316476014255
2	4028.275304170793
2	4065.393911206333
1	4190.29475421618
1	4190.500330545302
1	4290.469114723799
2	4314.197036231091
1	4340.37794466851
1	4340.453096016276
1	4398.253346791532
1	4398.457304254787
2	4433.249593884042
2	4460.686467846381
2	4480.899247224412
2	4517.186089140856
1	4606.094066360873
2	4623.920329810392
1	4636.547166325583
1	4636.578844108687
1	4656.352699747307
1	4656.392642879479
1	4714.46194909417
1	4714.741195679877
1	4730.525894258362
1	4730.744309588288
