1	80.4773548838587
2	114.36107950984899
2	114.41918426783577
2	114.41965658471868
2	114.46120946304464
2	114.53261311469063
2	114.58424305876363
1	120.42956645627186
2	138.2671153048707
2	138.34716880354262
2	138.43879106398936
2	138.5098984416309
2	138.53880618325806
2	138.56464841749826
2	138.65108008906955
2	138.77529456796594
2	138.78276816853787
2	138.80052401176806
2	138.8717112595589
1	150.55674942208935
1	150.6886508490532
1	150.72811464905632
1	160.46035761137267
2	162.30517375004834
2	162.4549108233621
2	162.6430564811158
2	162.72554847220107
2	162.75122749274763
2	162.8596887089135
1	180.65288049811437
2	186.1786768068534
2	186.2546308352704
1	200.51774950534283
1	200.7252415533724
1	201.18301855141343
2	210.22064733013653
2	234.22597465180507
1	250.47103210073936
1	250.71458978595408
2	258.12862152958655
2	258.1648070534149
2	282.1049275396069
