1	80.22042629590308
1	110.56260095946429
2	123.71742582575217
2	123.74377231184862
2	123.74722113816716
2	123.77941638967879
2	123.87919027062186
2	123.9493496099788
2	124.01988813427664
2	124.09038545945752
2	124.14444900413109
2	124.20668326442379
2	124.2654038063308
2	147.51124462642557
2	147.52984513828076
2	147.6325821927308
2	147.79287712043882
2	147.81618719734195
2	147.882939970295
2	148.03392004812247
2	148.0762762890329
1	150.05800863754624
1	150.19271210902906
1	150.22418807501037
2	171.43834689003734
2	171.51378420696378
2	171.57082793452807
1	180.5707113824449
1	200.13507960993965
1	200.92060082975678
1	201.2138305974113
2	218.95220363125082
2	242.8355125294942
2	242.9052251052024
1	250.41752396934854
2	290.4473444774519
2	290.533574293705
