2	148.83881286127001
2	220.7253748988585
2	268.6811085083001
1	461.2475733016439
1	489.6801290813414
1	509.4354995399088
2	556.298680465545
1	619.751932990053
2	1107.6186611786025
1	1160.4663873845873
1	1171.7595593195608
1	1389.3391039833905
1	1429.4201962624122
2	1682.912615107781
1	1705.457552922662
1	1721.3331500578095
1	1834.4346166030152
1	1972.334448398902
2	2306.0865600030843
2	2402.006565712194
2	2425.975129181303
2	2449.8828040694166
1	2493.4327644816726
1	2501.45633342715
1	2542.573781350728
1	2881.7044751904477
1	2894.4816034580826
1	2973.67605649002
1	3053.501534609648
1	3111.629973261277
1	3189.5159438784012
2	3192.935154625291
1	3339.539708329314
2	3456.5884639266064
1	3514.522172943713
2	3600.4222165846722
1	3641.672875922601
1	3786.381368081871
2	3816.210366467075
2	3864.08202859873
2	4031.9436729834347
1	4190.652989925422
1	4340.460957031593
1	4398.397073695937
2	4439.412213638692
2	4487.387527166701
1	4636.497580320211
1	4656.432453604004
1	4714.854468610635
1	4730.637207069526
