2	116.05136958335679
2	235.10934801774803
2	235.17902058270732
1	459.27790447268984
1	461.1394633901084
1	489.6425994748642
2	544.759178337054
1	619.4468239979316
2	1092.6512991793343
1	1110.435999765827
1	1121.8137574333177
1	1379.3268080165517
1	1389.2249689169726
2	1640.553418580683
1	1671.4448640355477
1	1705.2513893586763
1	1784.544921633742
1	1922.5481670449005
2	2331.2928350948273
2	2402.7966782388394
2	2402.8509086584563
2	2426.610980573673
1	2492.835296511884
1	2493.2584905692465
1	2501.265197199355
1	2881.5954127348828
1	2894.365296339069
1	2973.619884985824
1	3003.8696306175766
1	3111.7121436772254
2	3188.8684589701966
1	3189.207409445738
1	3289.7476765752526
2	3450.944180688466
1	3464.822431678125
2	3546.228436431929
1	3591.852163556158
1	3736.5295214057387
2	3784.3594437596394
2	3832.0114929215124
2	4046.4546698842064
1	4190.559647465888
1	4290.757698371717
1	4398.259711921488
2	4451.343993386691
2	4475.156196659744
1	4586.789913969482
1	4606.521440063972
1	4714.604372672736
1	4730.469478037324
