1	80.80727033333969
2	130.44674157115756
2	130.46444657460734
2	130.46886927790678
2	130.5119721086421
2	130.57080930404527
2	130.63480778764378
2	130.71544400930082
2	130.74995923383963
2	130.83962703187694
2	130.879228397046
2	130.95398079359967
2	131.01237602669988
1	151.38299848009373
1	151.4907242146334
1	151.59764438059145
2	153.31748226348975
2	153.376779115188
2	153.43836619633288
2	153.5281090241554
1	160.79745177735282
2	176.0418994054955
2	176.0793731273458
2	176.15575684686712
2	176.23966290767297
2	176.30396512653877
1	180.9307380748514
2	198.84461872708113
2	198.9128749712018
2	199.01102958803145
1	201.0394591465537
2	221.6626477236023
2	221.70182973670205
1	230.80955633938933
2	244.47048962709718
1	250.31236693175856
1	250.62000361133943
1	251.07907007295344
1	251.31434694502366
2	267.10067123550607
2	267.1789012042857
2	290.0022116853965
