2	114.72554493927451
2	140.78650137316342
2	210.24336987487558
2	233.83202693246102
2	233.90475557554527
2	256.5540520675872
1	459.22984404692556
1	461.12174195064205
1	461.2974629513056
1	489.63230868539506
1	489.7588676125542
1	509.32428618452894
2	534.4506347511774
2	543.4625626836988
1	619.505471951372
1	619.7814950020166
2	1090.2519220557149
2	1091.3875315212347
1	1110.4838181326645
1	1121.3209605550603
1	1121.827183316921
2	1136.5965013169318
1	1160.5063060902064
1	1171.7600677157104
1	1379.341686721042
1	1389.2824423156144
1	1389.4474585177738
1	1429.4071946708927
2	1639.2141360483213
2	1669.2195119445817
1	1671.5238180019771
1	1705.166527390919
1	1705.357416936282
1	1721.4150580689934
1	1784.5511817178424
1	1834.5040654151535
1	1922.5478054772232
1	1972.3682197184742
2	2330.0529620758184
2	2340.804989836584
2	2401.483502415609
2	2401.512260168579
2	2410.2521458587544
2	2410.319452605556
2	2433.4779558642635
2	2449.104848345756
1	2492.8127342495823
1	2493.2171875835984
1	2493.375103006556
1	2501.2784095298643
1	2501.5293024475377
1	2542.641186477897
1	2881.607213470904
1	2881.84376941749
1	2894.3583924680006
1	2894.5185229028516
1	2973.583685785856
1	2973.709202785712
1	3003.8881312769668
1	3053.599640875825
1	3111.7687868173703
1	3111.857839872547
2	3187.5328822528963
1	3189.2879371956237
1	3189.487261631244
2	3197.594576006108
1	3289.8302580166765
1	3339.5849720833735
2	3449.548395858385
2	3452.40148884784
1	3464.768544787261
1	3514.5480507641323
2	3544.8758688024263
2	3568.158182099078
1	3591.9012951212185
1	3641.594167519864
1	3736.594579259672
2	3783.084298912261
1	3786.3265252017386
2	3799.785404774491
2	3830.756072034869
2	3846.0706122344923
2	4031.3504603419506
2	4045.1461744337084
1	4190.522533396627
1	4190.588964447977
1	4290.7688942108725
1	4340.438272904923
1	4398.2188867958
1	4398.355025312718
2	4448.186031271281
2	4450.036464044845
2	4471.295304416799
2	4473.861311100025
1	4586.802453486258
1	4606.570466446798
1	4636.66884231207
1	4656.437666984354
1	4714.656471929325
1	4714.8579350673335
1	4730.498783309298
1	4730.765677690495
