1	80.5558362044847
2	96.1094523238016
2	119.60775692043354
2	119.68034298219932
2	119.76563818697373
2	119.79192799091746
2	119.83661930249795
2	119.89134289290773
2	119.9773316818751
2	120.04858964933571
2	120.08495444580878
2	120.15830032757766
2	120.24890850687244
1	120.2569843689858
1	120.5644945131684
2	143.170564963323
2	143.24344730156452
2	143.3216157162544
2	143.32836969324245
2	143.38772339216277
2	143.43596552567118
2	143.51154440885
1	151.1317946087303
1	151.25421906044764
1	151.3001178928944
1	160.5225906651886
2	166.91243042553356
2	167.00387319739806
2	167.21438845734158
2	167.25813653959287
2	167.28004306212668
2	167.32182223426975
1	180.77656671440113
2	190.28102422182218
2	190.3732986618591
1	200.4041379248459
1	200.74966432445567
2	237.1927985564023
1	250.18372836353447
1	250.52045699466558
1	250.95752915026483
2	260.60688910159644
2	284.1871850824019
2	284.23209863725333
