2	108.9215097896164
2	246.64148409128012
2	246.6455326156177
1	461.4775418521726
1	489.87613229952734
1	509.57657470050935
2	545.2121233814288
1	619.8049701164841
2	1119.3044776906513
1	1160.5705483178363
1	1172.0421443016899
1	1389.496282159342
1	1429.5223882407047
2	1670.343228542365
1	1705.575265915312
1	1721.5668125024363
1	1834.6684978875066
1	1972.5217501282732
2	2313.363461045745
2	2405.1463394134244
2	2405.2107307442916
2	2451.105549581458
1	2493.604850650835
1	2501.620836938764
1	2542.745328550099
1	2881.8226561393
1	2894.67866953986
1	2973.869857340831
1	3053.7386988324297
1	3111.924971116433
2	3185.9074888408218
1	3189.708114426776
1	3339.690357479075
2	3461.5160371250713
1	3514.6625229145475
2	3553.35014978026
1	3641.820662137579
2	3783.004809865947
1	3786.4595468361586
2	3851.8176920694546
2	4035.580154301347
1	4190.753906977322
1	4340.53474090052
1	4398.659379418281
2	4448.951433506915
2	4494.91079962985
1	4636.849930406117
1	4656.500227607627
1	4714.894360217911
1	4730.9151948933395
