1	80.17470273419428
1	80.239731474737
1	80.24390998082195
2	110.0750759494632
2	110.16048651945651
2	110.22681311276506
2	110.28441992755673
2	110.3448661413647
2	110.37422532167488
2	113.55515091083335
2	113.64174364865953
2	113.6474475295884
1	120.40294422234945
1	120.46070166492028
2	124.05185069837836
2	124.09163091717798
2	134.01971315438854
2	134.14002844131335
2	134.20821006523573
2	134.2994974281893
2	134.3474878445368
2	134.4145482018542
2	134.49091387407177
2	134.5440187611623
2	134.6118517074293
2	137.44724669735012
2	137.5122261943457
2	137.55767943990617
2	137.59917635756952
2	137.6543284114232
2	137.68726589202637
2	137.78312364815997
2	137.83288730589592
2	137.83477496750947
2	137.92519638193758
2	137.99098016735311
2	138.0760422471737
2	147.31839419501827
2	147.35535564487404
2	147.36964630755782
2	147.45652364718188
2	147.54743929380686
2	147.6143227728516
2	147.7160462349893
2	147.77000353044681
2	147.8279490238325
2	147.8303786618478
2	147.87840214874606
2	147.95402421022908
1	150.04176168735148
1	150.04468881114255
1	150.10506649576752
1	150.17099696358454
1	150.2189827840258
1	150.27557050806405
2	157.82637268589517
2	157.87185356963224
2	157.92792918832893
2	157.95829712219216
2	157.99118222360403
2	158.07509047445458
1	160.27078662485007
1	160.33332988597292
1	160.35533409031842
2	161.3112023040321
2	161.39317607153026
2	161.4091984926028
2	161.44325371030348
2	161.59029428167696
2	161.72368533712765
2	161.79678226115806
1	170.12608040672757
2	170.5231521257799
2	170.5846537502179
2	170.5862848814426
2	170.63233170726915
2	170.72368049559185
2	170.84512503739154
1	180.58332890645863
1	180.62969810162923
1	180.682832365505
2	181.64452281250428
2	181.68892514878436
2	185.1658235519379
2	185.17236021050846
2	185.2340111939705
2	193.78391477691497
2	193.8011779086
2	193.80897054766092
1	200.06011258215747
1	200.11889271728285
1	200.15982700661877
1	200.21072818757662
1	200.22347404818447
1	200.316328557601
1	201.16224459242068
1	201.27548133969856
1	201.32667582714723
2	205.4711036561091
2	205.57864393050335
2	229.24985346868866
2	232.92170871214705
2	232.95951930440845
2	233.0552658003172
2	240.13718950896856
2	240.16213909433267
2	240.21341189736603
1	250.33996560316044
1	250.40124273133128
1	250.40410287511335
1	250.47137231375547
1	250.49378083896943
1	250.50338997969084
1	250.52915514087695
1	250.66932840608456
2	253.1231746126056
2	256.70468328167027
2	263.3593882189845
2	276.9278451726088
2	277.0249802170534
2	280.5690080059521
2	280.58347582765106
2	286.58627169625504
2	286.6652344436882
