2	134.5520566677808
2	196.64348989014547
2	219.92353396496807
2	220.47365172815748
2	229.9118667614158
2	229.99349976392523
2	244.36914176870977
2	248.30979627065284
2	248.33409857009926
1	459.2564005672125
1	461.1398497191534
1	489.6442894919036
1	509.19222452967597
1	509.30066755748766
1	511.0698619260735
1	511.1964507041591
2	539.510058797912
1	539.595615812283
1	539.8150648943415
2	554.4756257253462
2	560.762526753615
1	619.4694842222555
1	669.5342816010782
1	669.6337654682352
2	1103.102114675235
1	1110.438148625412
1	1110.4900869354758
1	1110.6027469949274
2	1111.2714335634878
1	1121.8594307966468
2	1128.9974820666416
1	1171.8611691004705
1	1171.9967309006786
1	1379.355399550324
1	1389.1538126834182
1	1389.2560348735576
1	1389.4248550110408
1	1429.3275516456447
1	1429.4222547344034
2	1651.8302329101277
2	1659.12424158205
2	1668.7849021115014
1	1671.4551451930947
1	1705.1937526242705
1	1705.2725685174917
1	1705.381038232528
1	1721.3526986364725
1	1721.466685934581
1	1784.536160499944
1	1834.5344685409052
1	1834.6392450175915
1	1922.6131577972312
1	1972.5758104368326
1	1972.633365500331
2	2319.749655953847
2	2322.2133033379396
2	2326.0799073874273
2	2391.3071652727863
2	2397.525521246415
2	2397.5269098956123
2	2407.402621426881
2	2439.0155458835816
2	2445.2166625364
2	2462.932764119562
2	2464.2699070638782
2	2464.3158739676514
1	2492.9914970186423
1	2493.2793736934177
1	2501.269664210414
1	2542.6813321174313
1	2542.8718785321666
1	2543.2206815081486
1	2543.4141169102945
1	2551.211957201645
1	2551.324345940169
1	2881.6296443065407
1	2894.3570910184562
1	2931.6336523040613
1	2931.707589859646
1	2944.3242041771255
1	2944.41891313298
1	2973.61590493373
1	3003.9460533726874
1	3023.492198248301
1	3023.606693690698
1	3053.814017009827
1	3053.979476313039
1	3111.778505654657
1	3161.6834059500784
1	3161.7875816398905
2	3183.6013757783203
1	3189.221378274472
1	3189.2825930248155
1	3189.47821845921
2	3202.4371850423654
2	3202.899497772295
1	3289.786321687657
1	3339.7272034782836
1	3339.8559026292887
2	3445.6827831649493
2	3458.628457154037
1	3464.763378773269
2	3488.660340889514
1	3514.8119679555894
1	3514.9533244854865
2	3540.8943608142918
2	3560.245922648355
2	3572.2627530435448
1	3591.8808102631842
1	3641.876771286893
1	3641.891822474616
1	3736.5222953163793
2	3779.1140173903455
1	3786.598039702701
1	3786.6068010841987
2	3798.803529038173
2	3799.487337479382
2	3822.69294134118
2	3826.775912632366
2	3827.958439181317
2	4037.394520485461
2	4041.1327147490924
2	4055.261821313994
1	4190.549973235
1	4240.480518678037
1	4240.5637678069415
1	4290.718992682624
1	4340.651262265429
1	4340.788933390653
1	4398.2539304366455
1	4398.256977386399
1	4398.425893071571
2	4442.878212298581
2	4446.053795935285
2	4452.92069549405
2	4466.715245137454
2	4469.96061879035
2	4481.39849493386
1	4586.805659715903
1	4606.585923570217
1	4636.829209268383
1	4636.971151544845
1	4656.452556092318
1	4656.6101700023055
1	4714.608695214889
1	4730.459439162067
1	4764.584011188483
1	4764.706663672607
1	4780.527107501586
1	4780.61567715066
