2	147.51460144085837
2	234.8938000292494
2	264.022436823224
1	461.5878644104661
1	489.8799118502289
1	509.5628584337557
2	555.3283043794987
1	619.7202075095462
2	1108.8046414674236
1	1160.6246398907667
1	1172.034744875975
1	1389.5204596350343
1	1429.546869070514
2	1662.2751001406407
1	1705.7147084779538
1	1721.5446985222854
1	1834.7278595238117
1	1972.6174617986896
2	2361.3776395615
2	2419.685207943718
2	2419.6852302505185
2	2448.7731752163836
1	2493.6083369598973
1	2501.6739942904815
1	2542.883777204664
1	2881.8055485574446
1	2894.7706731118983
1	2973.7911631340044
1	3053.807560664437
1	3111.7913462351007
1	3189.692866872247
2	3206.200127682447
1	3339.826720868278
2	3439.1899829305435
1	3514.834880364288
2	3555.7435083822647
1	3641.7299823162957
1	3786.5854972701886
2	3788.7681611311814
2	3847.1240079836466
2	4050.9074218732126
1	4190.721443976135
1	4340.537949259264
1	4398.729612505542
2	4458.735011575491
2	4487.881956872421
1	4636.840287835011
1	4656.710801104794
1	4714.107513145399
1	4730.844803574811
