2	141.9442337062381
2	153.301901162333
2	222.67426732746176
2	226.0992751461559
2	254.1811886694081
2	268.87571502643317
1	509.4612747907689
1	509.6080422258133
1	511.3164372114634
1	511.36427637807424
1	539.7706302589125
1	539.847546593428
2	546.1371681240856
2	562.7421268222869
1	669.6478189744146
1	669.7459104592788
2	1100.6164606560642
2	1123.842221416689
1	1160.592371792401
1	1160.7116899383416
1	1171.952845048847
1	1172.2039451831456
1	1389.4489279559928
1	1389.6170510309084
1	1429.4895988334488
1	1429.7857946893532
2	1656.7650788610954
2	1678.3455450280183
1	1705.554452073348
1	1705.8469916763045
1	1721.5179088239954
1	1721.6218595644448
1	1834.6329029044641
1	1834.8168525697158
1	1972.667211024301
1	1972.8171382765568
2	2325.339035462068
2	2330.0707696865743
2	2394.576190476999
2	2414.2800982255517
2	2414.293139869098
2	2417.7081546628624
2	2440.785662525139
2	2442.3190539846746
1	2542.848240204722
1	2542.934749682784
1	2543.3819644241507
1	2543.480849916388
1	2551.3332223262028
1	2551.580275498552
1	2931.68362685288
1	2931.7512332004794
1	2944.347959119652
1	2944.664978964565
1	3023.745696590712
1	3023.7576620825535
1	3053.8389736685544
1	3053.921369096423
1	3161.795282455655
1	3161.8243631411165
2	3180.191964960959
1	3189.502637064869
1	3189.903249863941
2	3199.707265547763
1	3339.8944679224746
1	3340.1898119619577
2	3480.28249653648
2	3480.6243154908575
1	3514.8842778701937
1	3515.0899059474673
2	3549.895563117146
2	3564.4143949336176
1	3641.9633420812975
1	3642.0616567071747
1	3786.749018630631
1	3786.8418448392017
2	3788.8226260441425
2	3804.12615054905
2	3844.9698563058114
2	3850.332605132687
2	4035.134960668936
2	4041.3257551431643
1	4240.6697874454985
1	4240.687728649323
1	4340.777881227495
1	4340.9064742607015
1	4398.452553230541
1	4398.762568978958
2	4451.085137739211
2	4462.1554012626175
2	4490.200379934871
2	4497.240202418451
1	4606.133075999663
2	4630.491022282079
1	4636.904066775266
1	4637.046881071422
1	4656.69212793717
1	4656.748609338545
1	4764.730226546015
1	4764.770272064445
1	4780.713594852821
1	4780.748563619996
