1	80.23790129343107
2	134.7071275413251
2	134.7870638731091
2	134.92390478297818
2	134.93764296046842
2	135.0051899999889
2	135.09931574124846
2	135.16700753301618
2	135.16743453502784
2	135.21652110291026
2	135.26216329787468
2	135.3361673498786
2	135.40255810141682
2	135.49781972217468
2	135.5458889150746
1	150.10770902140683
1	150.29301390940196
2	157.5308292501551
2	157.62137388864767
1	160.50249855453208
1	180.59953481105677
2	202.96780869575002
2	203.0567288516806
2	203.12207628252872
2	203.15548933586265
2	203.23771323087007
2	225.7273085283865
2	225.77488543030287
2	225.86993185201078
1	230.68623491170888
1	250.1465935457008
1	251.03219667616526
1	251.09966225730108
2	271.2252943694301
2	293.9070599723492
2	293.9089896072594
