2	116.77262170721791
2	236.1233055014908
2	260.0586486478332
1	461.11047719213906
1	489.67269524652295
1	509.2726650544517
2	546.3360967801466
1	619.4978187654766
2	1119.0945191217224
1	1160.319690545324
1	1171.6537790328568
1	1389.2333635960076
1	1429.34362022959
2	1644.1468232377492
1	1705.2450123754204
1	1721.254372003373
1	1834.3234617349992
1	1972.251055642332
2	2336.2677236004224
2	2407.9167404203695
2	2431.7747725879212
2	2431.8954133751217
1	2493.1569962013114
1	2501.2878513679084
1	2542.3752103596653
1	2881.6346236809954
1	2894.282458453987
1	2973.603319783981
1	3053.405326384016
1	3111.6734869135475
1	3189.311486398225
2	3195.42438929143
1	3339.3937370922085
2	3457.9591186362036
1	3514.38988688005
2	3601.230758550817
1	3641.5306196657366
1	3786.286583546674
2	3792.109024301574
2	3863.6979530592653
2	4030.7543871257176
1	4190.476753363211
1	4340.229288255527
1	4398.186593009325
2	4460.323270486254
2	4508.056249662763
1	4636.477238477134
1	4656.35934447067
1	4714.57948339026
1	4730.706990018124
