2	131.6853369591053
2	244.9319130316733
2	267.5777072869421
1	509.2740754632745
1	511.1795812394206
2	539.3112979231233
1	539.7049815798707
1	669.6516744778938
1	1110.5487229100731
2	1128.2257348510598
1	1171.862832646982
1	1389.251848631234
1	1429.360915758259
2	1671.822361424302
1	1705.3933703704643
1	1721.350869687361
1	1834.6177834806933
1	1972.5704120963771
2	2328.642762786372
2	2419.1761819181443
2	2419.2714194523355
2	2441.8466389776477
1	2542.7428404306734
1	2543.2566702346226
1	2551.2187812399397
1	2931.648021292974
1	2944.285281848752
1	3023.5529319642596
1	3053.8543873095487
1	3161.7201350356627
2	3189.1989901878155
1	3189.4302830231977
1	3339.8519685826504
2	3483.633909279325
1	3514.885932846286
2	3551.6704352024453
1	3641.9245407132057
1	3786.6544356018994
2	3800.7183408970686
2	3846.0107205206737
2	4027.2115053114703
1	4240.4834865154335
1	4340.689498974723
1	4398.323835835435
2	4457.5953795700125
2	4480.242125981362
1	4636.858410413679
1	4656.471170861887
1	4764.676566448833
1	4780.51076892431
