1	80.48624387665294
2	119.26044028815319
2	119.29726340925968
2	119.3866374023675
2	119.39432105198061
1	120.53380550039451
2	142.90862308663444
2	142.97574248965975
2	142.9913279099025
2	143.00934757957566
2	143.03709227178743
2	143.13651720057624
2	143.2283828920819
2	143.30749310666133
2	143.46136857255644
2	143.5536106085342
2	143.609635997196
1	150.6612025066722
1	150.74057401289713
1	150.89616137770435
1	160.55089681914976
2	166.47801337099605
2	166.5128337396721
2	166.68659045861062
2	166.73304817171297
2	166.7762455289809
2	166.79646788171848
1	180.77652272102623
2	190.114698800132
2	190.26905817294514
2	190.3314373260662
1	201.00368538749723
1	201.0352429202992
1	201.115232371603
1	201.3897113180719
2	213.6491289572583
2	237.23275482923083
2	237.23294984401497
2	237.23814579128634
1	250.42952346109612
1	250.8678114602997
2	284.4598246684404
2	284.5531018709952
2	284.5777649584754
