2	198.62349228239276
2	222.41350450959484
2	246.24315318881514
1	509.1889347244127
1	511.1369359011431
1	539.6108086353779
2	556.4563038094469
1	669.4863524453428
2	1105.1178268031633
1	1110.3805314418323
1	1171.857330920617
1	1389.1732551873265
1	1429.3308532640815
2	1653.704408327329
1	1705.2676924717232
1	1721.3014958756562
1	1834.5086276207778
1	1972.5686284183305
2	2321.6712287871424
2	2393.2832301242724
2	2440.929475360295
2	2464.8182068169867
1	2542.7049258514903
1	2543.208761213448
1	2551.238098478706
1	2931.602292213842
1	2944.3057336521138
1	3023.479578251263
1	3053.817469967942
1	3161.686953794585
1	3189.2983584478443
2	3204.3854620080133
1	3339.7757570409854
2	3490.6201946159367
1	3514.824859988716
2	3538.284160668541
1	3641.8065268240603
1	3786.6252731523127
2	3800.702600133352
2	3824.566805370036
2	4039.255162245775
1	4240.470817050083
1	4340.676726670527
1	4398.317921827732
2	4444.810413380638
2	4468.678636417234
1	4636.840356032442
1	4656.442874793162
1	4764.664275374997
1	4780.504803829762
