1	80.1784961801333
1	80.42194497198014
1	80.4526625052741
2	107.49162963526798
2	107.77519888120815
2	107.86908211453776
1	110.1519010040014
1	110.61538994169273
2	113.56297716517209
2	113.5731498508528
2	113.64394561157613
2	113.65053295692488
2	113.70765009215212
2	113.74416569940803
2	113.77007295037721
2	113.8389337780415
2	113.87026854937555
2	113.96715118240665
2	113.97085850233096
1	120.19512809635992
1	120.25760581207443
1	120.28494991078495
2	131.58204461559626
2	131.66109664229967
2	131.707769033355
2	131.8044768197925
2	131.88418329330608
2	131.9348560533387
2	131.9936659980649
2	132.07200638875918
2	132.16711986474377
2	132.21892327018148
2	132.27764703768082
2	132.34134725059704
2	132.35793624107546
2	132.35833905576928
2	132.45778127476012
1	136.68135720610007
2	137.4209754168779
2	137.56665994765493
2	137.57782770549053
2	137.63683361466758
2	137.7113485422588
2	143.29248880582068
1	150.11156969003522
1	150.20162684140382
1	150.25771989280477
1	150.26621800073744
1	150.54685072606537
1	150.68256328740284
1	150.72798110810254
2	155.38222004832716
2	155.427776027206
2	155.52958700312897
2	155.5564383236597
2	155.60039017097563
2	155.64179842460013
2	155.69103901742716
2	155.77418087911872
2	155.9301317526757
2	155.991246674021
2	156.22370912112171
2	156.3499881916544
2	156.39812175674848
2	156.4767793247222
1	160.37115148845956
2	161.27403865877176
2	161.32677142777396
2	161.33952429442957
2	161.3553058839599
2	161.44046470378464
2	161.53230309884702
2	179.28279420008428
2	179.31500698915977
2	179.45990593424008
2	179.4808404576059
2	179.52844371288361
2	179.59611972572702
1	180.28637502923388
1	180.62210001580132
1	180.77901673281278
2	185.115358967304
2	185.19411797853772
1	200.1563577171546
1	200.27819771981822
1	200.29591979475006
1	200.4071384685504
1	200.44209971417408
1	200.50690510100088
1	200.69524699271818
1	201.18493199064756
2	203.0429922446645
2	203.0463629442017
2	203.10379868560253
2	203.16602044934518
2	203.2525254722678
2	203.39639036259442
2	203.5628086082549
2	208.97510986123325
2	226.89218008326827
2	226.99261819618823
2	226.99938137293438
2	227.3030392350546
2	227.3831139897124
1	230.62924879979988
2	232.86007469315095
1	250.10494949932485
1	250.11891194754034
1	250.3097945203685
1	250.73439180337496
1	250.9224206114244
1	251.10351428049682
2	256.65117991721786
2	256.67826122510115
2	263.56759505161585
2	274.50042795598324
2	275.2428834535298
2	275.29641702206277
1	279.9535335714604
2	280.58652130254706
2	298.2742415949103
2	298.3305773599725
