2	120.6167062182987
2	129.33959334530184
2	202.09840535741222
2	225.96533796589404
2	234.053770465156
2	234.13983865427915
2	242.8975656783373
2	249.83458130450688
2	271.3236153296864
1	509.1953685249444
1	509.44821051036587
1	509.57978536335935
1	511.107124893508
1	511.18712466362797
1	511.2729547878174
1	539.6526233650202
1	539.7242567417851
1	539.8147433236417
2	555.3145147698256
2	559.8779361523707
2	574.2059401024915
1	669.5148829753974
1	669.6219161742455
1	669.6400991701719
2	1108.6178120787577
1	1110.4076600345425
2	1118.5411751076663
2	1123.3557180726052
1	1160.6008634871298
1	1160.678349717626
1	1171.849890136124
1	1172.011782790511
1	1172.0545460710505
1	1389.1672809678812
1	1389.3943243590452
1	1389.5522562003916
1	1429.2642735893244
1	1429.5625577030676
1	1429.6319297486414
2	1640.0956538306793
2	1657.256422756778
2	1663.0125813694542
1	1705.3148024947486
1	1705.5561281275943
1	1705.6636484805056
1	1721.3217685418288
1	1721.3946196125046
1	1721.5883834345404
1	1834.5559373035949
1	1834.6138362324318
1	1834.6330038047022
1	1972.5203533826113
1	1972.5950911529328
1	1972.6902184755274
2	2325.1827211343716
2	2343.197866439875
2	2344.742978718547
2	2396.766502772004
2	2401.557113010781
2	2401.6273221062274
2	2411.215276168539
2	2411.238150066281
2	2429.886489983802
2	2433.942985106108
2	2444.4972381615266
2	2444.5237537769185
1	2542.6982334783647
1	2542.7923961280753
1	2542.8464830281614
1	2543.287215733015
1	2543.3268819431105
1	2543.3336559173763
1	2551.2073464224472
1	2551.3189679401694
1	2551.4010772664346
1	2931.575889276149
1	2931.5834618080853
1	2931.5968666677186
1	2944.2884625120896
1	2944.392484069057
1	2944.4316600791662
1	3023.5421614993165
1	3023.6964171024715
1	3023.724173272833
1	3053.844909121933
1	3053.8679081061723
1	3053.8851241937455
1	3161.721001338594
1	3161.7492045309127
1	3161.8135277065785
1	3189.328910228334
1	3189.5466951482563
1	3189.6775117041484
2	3196.776946492935
2	3204.990108337842
2	3207.8703843117246
1	3339.728343581921
1	3339.8625214212448
1	3339.963751449473
2	3454.4293792716226
2	3480.7666308208527
2	3494.127762077974
1	3514.7559605295914
1	3514.8650417324084
1	3514.868546808987
2	3541.8358167086617
2	3565.983766520219
2	3567.8125536359726
1	3641.90393012143
1	3641.98157682678
1	3642.031497767346
1	3786.6032475707734
1	3786.680831867829
1	3786.7362417693575
2	3793.242176115004
2	3794.667039986909
2	3804.2165643579233
2	3828.1495942394668
2	3839.9781945942577
2	3850.095116077006
2	4020.4328049268493
2	4042.825524792587
2	4044.127946936677
1	4240.451417767099
1	4240.544899128111
1	4240.617605438855
1	4340.617128027111
1	4340.682241832961
1	4340.817457590556
1	4398.322418878333
1	4398.641811178889
1	4398.66061704802
2	4446.530533409642
2	4448.3859234731
2	4452.325979566837
2	4472.201960980309
2	4474.93328887837
2	4497.672753823185
1	4636.816184849204
1	4636.841416196802
1	4636.859998328681
1	4656.496901068953
1	4656.561734320915
1	4656.628436915446
1	4764.671328240461
1	4764.699093998533
1	4764.722536911767
1	4780.545687503426
1	4780.626691939931
1	4780.71109448116
