1	80.22117574360863
2	142.56552944756325
2	142.6140362846001
2	142.66539847599046
2	142.66870090049335
2	142.67255028032886
2	142.6876182974267
2	142.78153631330218
2	142.87726239979688
2	142.93345713171664
2	143.023129773835
2	143.08153447296033
2	143.14491564612993
2	143.23441340968503
2	143.33034724549384
2	143.38938468915802
1	150.14937156486118
1	150.2798340887823
1	160.34912335161437
2	170.7422745393588
2	170.7770253582341
2	170.8412084484672
2	170.96301937766768
1	180.6515590298583
2	198.92852728882647
2	199.08207557762566
2	199.12705071852434
1	200.150380753799
1	200.20753206158759
1	201.2813971784773
2	227.10475642285815
1	250.497959570474
2	255.21277361793318
2	283.4174809403904
2	283.4614464647673
2	283.4698510070907
