1	80.22780740612919
1	80.70230007522721
2	92.06932545820607
2	104.10411005189364
2	104.11892112643105
2	104.1807936102628
2	104.2701376493686
2	115.93036795148086
2	115.99507558384242
2	116.16552039662966
2	116.19446241190711
2	116.20678455210138
1	120.10299391618277
1	120.29308242423834
1	121.0949660853479
2	127.33567649117258
2	127.3923274086191
2	127.47490527504742
2	127.51881190439926
2	127.55050639963603
2	127.65046394397454
2	127.71199231261717
2	127.72333862296576
2	127.7590725533804
2	127.83318572071126
2	139.85164923593774
2	139.94524722021168
2	139.95909522960397
2	139.98275958778333
2	140.075858122842
2	140.12593651203667
2	140.18426831003555
2	140.28153250695718
2	140.38897744845642
2	140.4454263197071
1	150.11085364732418
1	150.22888141684038
1	150.28061391654975
2	150.61264474793052
2	150.80461312804456
2	150.93095273809666
2	151.09721426040912
2	151.15079550722385
2	151.20014097206206
2	151.2136205392144
1	151.30822513083058
1	151.3909588830749
1	160.50798064752013
1	160.78845570540494
2	163.62320367005395
2	163.64087867241366
2	173.78070874655333
2	173.83120428515485
2	173.95229118643707
1	180.5371535515548
1	180.953286020056
2	187.43033458703067
2	187.5079720822511
2	187.69945436825583
2	187.7810899689963
2	187.8508277108778
2	187.885804301017
2	196.98353215844858
2	197.16182339922503
2	197.21763325794805
1	200.14506695430867
1	200.30072557946247
1	200.9398672583836
2	211.34813835817334
2	211.38882906501445
2	211.46063438762988
2	220.21749502302814
2	220.2960924915281
1	230.61503646091683
1	230.79001978202427
1	250.1476415556946
1	250.2188504687229
1	250.75028197937496
1	250.890046529421
1	251.15082915281226
1	251.23119800513317
1	251.29590800136558
2	259.09356913878463
2	266.55218441331317
2	266.644360486907
2	266.6635238725164
2	282.9123585214262
2	282.92579733480886
