2	113.6413149321998
2	118.68762622619747
2	214.63899207504244
2	227.48726024188767
2	255.99629768850622
2	262.70883732563067
1	461.3612497709162
1	461.4757419990077
1	489.7240766039296
1	489.8588869674069
1	509.5022280356306
1	509.5704544348123
2	540.744764987002
2	550.7611827333526
1	619.7007134209769
1	619.8469461129592
2	1102.8651133846804
2	1110.3188216947078
1	1160.6008672842747
1	1160.6132808351454
1	1171.9606125429202
1	1172.0368864576424
1	1389.5094897128495
1	1389.5247578467734
1	1429.4799661840755
1	1429.5723811659375
2	1678.9190502177432
2	1679.812555880611
1	1705.4960423138023
1	1705.6598434359314
1	1721.3593506929435
1	1721.4027476962099
1	1834.588371518838
1	1834.600257184906
1	1922.2467243334406
2	1942.9768747833723
1	1972.4573743811713
1	1972.527411074379
2	2327.0475149940917
2	2334.8062642104337
2	2391.7759926552653
2	2399.0658693911014
2	2420.208663678124
2	2423.1283132192007
2	2447.07767941632
2	2448.7208654800074
1	2493.5610849255463
1	2493.569874796957
1	2501.666278257399
1	2501.758522972622
1	2542.6186172595753
1	2542.806703692267
1	2881.7859458871817
1	2881.909600259597
1	2894.587338366759
1	2894.7578477273455
1	2973.709472283204
1	2973.794915518891
1	3053.6157008586474
1	3053.72617110439
2	3189.1614080844442
1	3189.6305311576625
1	3189.646732894235
2	3191.2409989607922
1	3289.5109051689983
2	3311.30134141314
1	3339.6768603878204
1	3339.7002954107284
2	3455.2439600416733
2	3473.9255061959484
1	3514.600568101818
1	3514.7603964426544
2	3575.3465587208852
2	3616.3527946733734
1	3641.7294976936687
1	3641.758182934621
1	3786.572285699417
1	3786.574231294566
2	3791.3298069426855
2	3815.605389744843
2	3863.377768699749
2	3872.5349051780827
2	4031.4318219832912
2	4043.4728112383686
1	4190.619358967519
1	4190.6682763189165
1	4340.576249764948
1	4340.65790598955
1	4398.503910366279
1	4398.600231098107
2	4439.469677910999
2	4442.1359843529035
2	4487.428431881981
2	4499.086768390394
1	4636.624465527359
1	4636.859051577796
1	4656.496359843466
1	4656.560536184636
1	4714.227046646211
1	4714.875898184064
1	4730.725905924529
1	4730.924633282464
