1	80.84874377757882
2	124.2339772158106
2	124.28009678542982
2	124.35627049542562
2	124.43704522181412
2	124.57964808405005
2	124.62801916502119
2	124.6919090128201
2	124.76027894207895
2	124.82605788270816
1	151.48873285084454
1	151.53459066344038
1	151.64093038940308
2	153.4751048732527
2	153.57434469305167
2	153.65817709209153
2	153.68012294543362
2	153.68650169179529
2	153.8778730751213
2	153.962093117505
2	153.96791110714605
2	153.97472166232376
2	154.02709974481337
2	154.0909978535519
2	154.13790196595488
1	160.91594623893687
1	180.9479374159966
2	182.73982141920484
2	182.75559362104792
1	201.09874502608128
2	211.9484589785085
2	212.02710413598749
2	241.21368706015102
2	241.36449992530265
1	250.36879048135455
1	250.651898361715
1	251.17705115668014
1	251.34278598560056
2	270.302584878245
2	270.3185478423896
