2	118.11759380548953
2	123.67589180624411
2	124.15347113600666
2	218.18238363779767
2	220.2436850110457
2	237.1672314245135
2	237.25731865687592
2	241.83680868719435
2	268.20434375677627
1	459.2518049601478
1	461.08825135508323
1	461.4010209539545
1	461.5341544491043
1	489.62694527578833
1	489.71436658521435
1	489.7819305585737
1	509.38351494322393
1	509.5113866078986
2	546.867370541357
2	549.306198964498
2	556.2507379662417
1	619.5218972354654
1	619.6420658991658
1	619.6702270340891
2	1094.6903882841368
2	1108.3515998938412
1	1110.4725925918724
2	1116.94158988286
1	1121.8051500941124
1	1160.462740357354
1	1160.5913182725415
1	1171.858839767094
1	1171.959715189227
1	1379.2929692092252
1	1389.2586419671918
1	1389.4444977265055
1	1389.4559843935642
1	1429.4445236596055
1	1429.491045841402
2	1642.6075114909952
2	1660.5074508680798
2	1660.8576637305514
1	1671.5128358866655
1	1705.2172633970642
1	1705.6008893945589
1	1705.6667167994196
1	1721.3994016757633
1	1721.484204851187
1	1784.5417740713701
1	1834.5409179173635
1	1834.6652322343912
1	1922.2164725065777
1	1922.584419245085
2	1924.5783621778346
1	1972.5621212739748
1	1972.5720481833448
2	2332.5965714637123
2	2333.340311467889
2	2346.613089904144
2	2404.611830537008
2	2404.885197824213
2	2404.9796975947197
2	2417.599463071948
2	2417.6124765378454
2	2428.6013537609547
2	2428.6743067025604
2	2428.68719893695
2	2441.224381535805
1	2492.1662452221535
1	2492.8747554514152
1	2493.2423433818153
1	2493.507823742852
1	2493.5511087007867
1	2501.231344548855
1	2501.5322582696376
1	2501.6196254829174
1	2542.7455850064557
1	2542.8010249981394
1	2881.6292381632647
1	2881.6714724984895
1	2881.757129811204
1	2894.3050336889232
1	2894.578764444466
1	2894.6918779504254
1	2973.6230987623894
1	2973.6553570285696
1	2973.7268642088625
1	3003.244293435144
1	3003.9220664719637
1	3053.6356337843295
1	3053.721278097872
1	3111.27016803911
1	3111.708772729153
1	3111.7546907852716
1	3189.246661728067
1	3189.564582475482
1	3189.6440467481725
2	3190.91068939098
2	3196.7610506565256
2	3198.0064921021453
1	3289.4730473937716
1	3289.8126061693847
2	3316.8156206797985
1	3339.70336118738
1	3339.7320805977533
2	3436.8572329156805
2	3452.9875139746814
2	3458.166063776599
1	3464.832222404074
1	3514.5945977533124
1	3514.8047841769467
2	3548.2450245025034
2	3552.7696280895766
2	3580.8170032314283
1	3591.911110849862
1	3641.6664850066527
1	3641.680040333266
1	3736.5515865892767
2	3786.4623897983656
1	3786.4737921849814
1	3786.559729443501
2	3789.2359663437833
2	3796.8587431134397
2	3834.07481443187
2	3836.585336462118
2	3844.930920341589
2	3853.061887764619
2	4024.5829534406403
2	4025.708726623984
2	4036.9632836897617
2	4061.3882998892873
1	4190.478790866464
1	4190.647746603831
1	4190.7143491086545
1	4290.7373863535895
1	4340.471118783532
1	4340.526255755239
1	4398.245275902387
1	4398.623021884632
1	4398.7196695101065
2	4445.032962663583
2	4451.4340587612305
2	4453.439733061662
2	4477.2434536844985
2	4492.994915935169
2	4498.66437464298
1	4586.126163718623
1	4586.793476517254
1	4606.577996767365
1	4636.654683623597
1	4636.81875132231
1	4656.546570476316
1	4656.642828272342
1	4714.093967215285
1	4730.471091087839
1	4730.733101727564
1	4730.821787314911
