2	145.01902767202634
2	191.8548212076985
2	231.67641045687287
2	250.57584059584582
2	260.53842429667804
2	279.9236202665226
1	509.2363295030448
1	509.33474102806514
1	511.1118885321826
1	511.16185851373433
1	539.6746071611119
1	539.7167356690235
2	549.4638420408662
2	573.500093966213
1	669.5611490015995
1	669.5707306669386
2	1102.0326785737636
1	1110.431844862529
1	1110.5590217736572
2	1127.2171583596905
1	1171.8021490185636
1	1171.8950476464913
1	1389.1947965166216
1	1389.4337752574322
1	1429.351507994728
1	1429.4169364303045
2	1659.8622145887155
2	1676.0514784367083
1	1705.3085013539999
1	1705.389821706163
1	1721.400059759786
1	1721.492562534804
1	1834.5614816890122
1	1834.6008577596056
1	1972.5506311597173
1	1972.6149787752547
2	2340.526275437026
2	2364.472257932697
2	2398.273667970434
2	2423.1698548109257
2	2427.1485530267437
2	2452.5302401393014
2	2456.020148601199
2	2482.021523761507
1	2542.754295564993
1	2542.8373153132916
1	2543.3120988310206
1	2543.3840406079107
1	2551.333531073984
1	2551.3764100552416
1	2931.681073643403
1	2931.7674777708935
1	2944.307331807739
1	2944.4187899045037
1	3023.571172790638
1	3023.609243472749
1	3053.856256509131
1	3053.9055035330225
1	3161.719264658743
1	3161.805842056433
1	3189.3934659192078
1	3189.404832736161
2	3207.078382380783
2	3215.929964295267
1	3339.7653802699388
1	3339.8318819803667
2	3495.9600243138775
2	3509.627299794765
1	3514.8088590141074
1	3514.862361595367
2	3553.784327039409
2	3568.2266761958294
1	3641.8702041002107
1	3641.969347067104
1	3786.581144174373
1	3786.6782655602456
2	3803.091972571953
2	3813.7306969144897
2	3832.500872744629
2	3842.6956214611105
2	4037.943337967058
2	4044.8158453241185
1	4240.561475806918
1	4240.622333452417
1	4340.65494469286
1	4340.7228974515765
1	4398.267993416676
1	4398.313553126646
2	4449.060018009985
2	4449.241143274266
2	4478.1359015768585
2	4507.700178779387
1	4636.8322268015545
1	4636.835951727386
1	4656.492410323354
1	4656.500963038193
1	4764.642810322143
1	4764.671953463562
1	4780.524411539972
1	4780.583585804942
