2	109.87652528166532
2	139.6947540086243
2	197.59464676179078
2	221.43339497970535
2	229.01744034181448
2	229.06704219156268
2	233.6685971457724
2	233.75407625256608
2	245.36480460630824
1	459.24346019780165
1	459.2925900657608
1	461.14209626767774
1	461.1974252646668
1	489.6264773564946
1	489.735776831847
1	509.13996778914776
1	511.1425110693688
2	538.695860333369
1	539.6554341586149
2	555.4134667319348
2	562.5457511568324
1	619.4467406201488
1	619.5716601517394
1	669.4861369555421
2	1104.1563016244343
2	1110.3980680619948
1	1110.5241222147
1	1110.618735134857
1	1110.6192883755512
1	1121.794598132322
1	1121.86701958439
2	1126.41951797926
1	1171.8336811722165
1	1379.3819244476342
1	1379.436674369556
1	1389.2289573655403
1	1389.2953120482366
1	1389.3184216195257
1	1429.2912786147213
2	1652.76190639199
2	1658.2003409569256
2	1666.832817380878
1	1671.1076838730844
1	1671.145424003253
2	1676.626099088507
1	1705.2261683671309
1	1705.2740326271623
1	1705.3695388545023
1	1721.3620073045606
1	1784.5228571178147
1	1784.6368331598726
1	1834.5446305758503
1	1922.5927587111578
1	1922.617635675698
1	1972.5221962373448
2	2320.70112111245
2	2325.1896878594584
2	2348.1608899897956
2	2396.6501992547724
2	2418.6538126461214
2	2439.973823604583
2	2444.3139391434333
2	2463.836623930106
2	2465.621651335749
1	2492.8775639873284
1	2492.9711640439846
1	2493.268479782295
1	2493.280075710038
1	2501.292109760262
1	2501.3352621700546
1	2542.662210951133
1	2543.2051416974955
1	2551.232158200241
1	2881.6121170325578
1	2881.6952807167904
1	2894.3078665629278
1	2894.488276627079
1	2931.591116915245
1	2944.2847549037465
1	2973.6235643818286
1	2973.6692477816996
1	3003.957346852671
1	3004.022496464298
1	3023.482471962358
1	3053.833859062015
1	3111.700664092728
1	3111.7882041162275
1	3161.719521655646
2	3182.782110106021
1	3189.2598382335245
1	3189.341777536623
1	3189.348834642096
2	3193.931972956502
2	3203.385728145383
1	3289.7886031962694
1	3289.8197567259335
1	3339.748444650875
2	3444.739050734153
2	3452.33284740857
1	3464.840959963334
1	3464.862993486084
2	3489.660475111626
1	3514.803682633887
2	3540.0524059675486
2	3546.35849550255
2	3561.2136500200436
1	3591.8304892352007
1	3591.9211558096654
1	3641.8320928992516
1	3736.566078944274
1	3736.648249651133
2	3778.2254227670937
2	3781.3167193369245
1	3786.5977334478275
2	3799.79948343425
2	3823.5868227802634
2	3825.8687532719578
2	3828.2835329682
2	4038.3139899884213
2	4040.3083431179875
2	4063.2775722287784
1	4190.511684095587
1	4190.582536875046
1	4240.437251055686
1	4290.750732727021
1	4290.8475415095145
1	4340.642769176265
1	4398.243505337556
1	4398.324756334334
1	4398.388372144328
2	4443.84360351072
2	4445.2471644732
2	4462.676481539161
2	4467.688327092439
2	4469.0523956854395
2	4486.147617616372
1	4586.767147228306
1	4586.846730153906
1	4606.5605658403865
1	4606.585846597533
1	4636.7868731092085
1	4656.4604976134815
1	4714.636986991271
1	4714.6806370901595
1	4730.449569224262
1	4730.620095678945
1	4764.586382882874
1	4780.567186286494
