1	80.38920660149542
2	92.9239865838607
1	120.14170308396422
2	140.76679279361036
2	140.82732039238286
2	140.91835263963668
2	140.96868125105485
2	141.00242341234636
2	141.08511671413203
2	141.1831317828976
2	141.273920596471
2	141.3644970118016
2	141.40066001192642
2	141.412912338957
2	141.49330457360003
2	141.49392978682636
2	141.56658748784093
1	150.53255219705676
1	150.61194262860036
1	150.68874879732405
1	160.39092984110647
2	164.84938205474307
2	164.93344795181787
2	164.9852962427438
2	165.02177276550873
1	180.25312624704677
2	188.62171465172747
2	188.699531723999
2	188.70038796891532
2	188.78611782140624
1	200.4696778250584
1	200.54818987400833
1	200.59726700173792
1	200.7858953275903
2	212.57766689004788
2	212.60803783242199
2	236.43561073270163
2	236.44678749462358
1	250.1489330834625
1	250.70995413576213
2	284.3828834885531
2	284.44782399232747
