1	80.50246882936736
2	131.62556752145036
2	131.67470043846586
2	131.68611669539553
2	131.76619567478414
2	131.81824461094317
2	131.8466677144622
2	131.86716697439675
2	131.89081901754798
2	131.9866773643757
2	131.99113313283098
2	132.06995319422103
2	132.09804102660252
2	132.19117673850272
2	132.20165462112064
2	132.2141830368537
1	151.36539262370027
1	151.4802853784549
1	151.55831436171565
2	160.36860841906233
2	160.49456952799852
2	160.55850439321986
2	160.58250018290033
2	160.58651351522647
2	160.67747592878965
1	160.81870591240119
1	180.9123398639315
2	188.65440472846706
2	188.70902044701793
2	188.90758620756083
1	200.32199171605814
2	217.13029211902864
2	217.22692185346847
1	230.82438811852202
2	245.71853214681164
2	245.73270445842843
1	250.34271862729196
1	250.54296105320452
1	251.12002419387548
1	251.26699548881274
2	274.227577379896
2	302.6471364443566
