1	80.51299935914116
2	120.04193936310736
2	120.10880024708389
1	120.63570227185679
2	148.4606048238264
2	148.52998162721042
2	148.62741992021202
2	148.64481531980326
2	148.67262364188446
2	148.70775777695178
2	148.73918244398405
2	148.80158664094165
2	148.87109930122733
2	148.95970080193942
2	149.04133633509502
2	149.05431814139104
2	149.066694058436
2	149.10367248652554
2	149.13710981790283
2	149.19965818365858
2	149.28266013974036
1	151.34345399861166
1	151.4748388734412
1	151.5654124438197
1	160.48987357162665
2	176.94254898511164
2	177.03405754000607
2	177.08584579526865
2	177.14863354659687
2	177.18676212739663
1	180.7816795609005
1	200.6011005458293
1	200.85185091127263
1	201.30968159661572
2	205.18376728640206
2	233.61356806646072
2	233.753259559297
1	250.59880041744208
1	250.70127934015886
2	261.9868077875008
2	290.3893940029913
2	290.3918620095483
