1	80.50841460050799
1	80.84854733595218
2	100.59745359281445
2	118.59015446989773
2	118.63059302140397
2	118.68912371426055
2	118.77423283348713
2	118.80697233088472
2	118.81945825920141
2	118.90458368689376
2	118.9432967290596
2	119.0403433878872
2	119.07653053250132
2	119.09455987425115
2	119.13006561725258
2	119.1861450410006
1	120.24253273212706
1	120.28986380404645
1	120.42738395163718
1	120.73531949578899
2	124.00358744177454
2	124.09790028743255
2	124.10438418179014
2	124.184984013031
2	124.23848689534161
2	124.28713264066087
2	124.35142720608863
2	124.35177669835682
2	124.42936094533283
2	124.46597524389803
2	124.48227324687569
2	124.55934547607714
2	141.79424905834503
2	141.9519557259377
2	142.20875783927977
2	142.25856554479583
2	142.29482651850572
2	147.54828446848938
2	147.696488799734
2	147.7416503923688
2	147.74730559391168
2	147.91957950628642
2	147.9767980320933
1	150.56388505549086
1	150.8826840048572
1	150.99555693024837
1	151.60098484247519
1	151.6958068287543
1	151.76018570948722
1	160.5461709991377
1	160.9448899716724
2	164.99610632442804
2	165.09119826251933
2	165.11581703338103
2	165.16094374917793
2	165.25485825415814
2	165.3089560353059
2	170.90984108500288
2	171.0742334333307
2	171.13838509998592
2	171.15338387233805
2	171.17381446077388
1	180.9002191311351
1	181.1377505605334
2	188.39594763704628
2	188.46079993562861
2	188.54902498202347
2	194.36008520074745
1	200.84518029116728
1	201.1797437234152
1	201.40676559815483
2	211.53985257108016
2	217.7279779065792
2	234.8438332204578
2	241.033662977712
2	241.1283564767713
1	250.21842939728054
1	250.42780491171905
1	250.66104982524524
1	250.7326290935502
1	251.12606492138482
1	251.30618253237327
1	251.40163516378067
1	251.53839869506396
2	258.0320718655967
2	258.08730163051774
2	264.4138568735334
2	264.50248859350137
2	281.26862679355526
2	287.82607626768777
