1	80.19150565421668
2	125.12870567960255
2	125.16034371928573
2	125.16474629630208
2	125.22729102414478
2	149.09335421989104
2	149.13903959152128
2	149.2153335684369
2	149.31077445085117
2	149.39298396101418
2	149.46612334018542
2	149.54540470816923
2	149.58768998570363
2	149.65664109805724
2	149.65984443000977
2	149.6741881611326
1	150.1827984664953
1	150.262950863053
1	160.32786922244364
2	172.9660666009614
2	173.05932112968347
2	173.13577788364907
2	173.22487830295478
1	180.71605942609543
2	196.89817570003254
2	197.01642480676188
2	197.02141274540386
1	200.1492106277261
1	200.18835851500498
1	201.36912804539094
2	220.7635239694554
2	244.69011621118273
2	244.7170259278893
1	250.35992916235185
1	250.54277189866258
2	268.58717146527977
2	292.53726257177664
2	292.5763940001998
