1	80.667521613437
2	104.03828544750684
2	132.56074304789962
2	132.6018607170906
2	132.69761021930523
2	132.7271618191139
2	132.79971426366203
2	132.88128736217132
2	132.96474644072453
2	133.04214343060852
2	133.10608307139475
2	133.190051648897
2	133.22089105990867
2	133.23975755092852
2	133.28746230923664
1	151.25245968488923
1	151.32358114579793
1	160.70950804724404
2	161.1260535844781
2	161.25986244200226
2	161.4338781659166
2	161.4614405698082
2	161.48582220588864
2	161.53305396649392
2	161.58837422698807
1	180.93434814074342
2	189.7565960840854
2	189.7882825762165
1	200.97608205395795
2	218.27992194136598
2	218.47000430707575
1	230.7924114422613
2	246.8139999423226
1	250.2925545612545
1	250.67567973918193
1	251.097540281827
1	251.26674452782555
2	275.12510302245556
2	275.180578549425
2	275.192479796012
