2	109.61523900213267
2	224.16745785585184
2	252.90487588219528
1	509.4971585931648
1	511.31780768971316
2	539.4167708826582
1	539.8062691124672
1	669.7069149474526
2	1112.6334741624482
1	1160.7008058561491
1	1172.0162854560754
1	1389.4769703186587
1	1429.470417747923
2	1657.1951225489986
1	1705.673584543846
1	1721.4834273580025
1	1834.6764391654015
1	1972.7701667958302
2	2344.93911638377
2	2402.3132554630047
2	2402.364555634006
2	2459.5978299677245
1	2542.919522256428
1	2543.3474045894422
1	2551.490961138849
1	2931.746119509527
1	2944.5157642441427
1	3023.7316857881283
1	3053.9286880413383
1	3161.8480519068776
1	3189.7088331832015
2	3204.7451643007275
1	3339.947676246466
2	3491.3641325588187
1	3515.0208511045344
2	3548.62996151725
1	3642.021404561179
1	3786.7971294191316
2	3806.645344104958
2	3835.287108464087
2	4035.9159472676915
1	4240.719420569076
1	4340.8591493386875
1	4398.683247689036
2	4465.805006082501
2	4494.386257941009
1	4636.911118716695
1	4656.743859556846
1	4764.818608549635
1	4780.695272125776
