1	80.61567030144447
2	104.22848457976104
2	127.36318810542828
2	127.44771473887164
2	127.5211921290105
2	127.5941019008712
2	127.65576519504783
2	127.68573884618003
2	127.72068580601031
2	127.80663514606499
2	150.64302404087718
2	150.79573747465602
2	150.84033255643007
2	150.8789007507417
2	151.00068400159236
2	151.06472705023575
2	151.0829531343424
2	151.16254858554078
2	151.16320163065487
2	151.2032727907023
2	151.35524134504396
1	151.46583444679922
1	151.52067850018196
1	151.55440098840083
1	160.70739590314395
2	173.97057943387574
2	174.00241090762088
2	174.0104517341393
1	180.89562127139362
2	196.96113485096694
2	197.05747928793977
2	197.15222725711078
1	200.23139807200974
1	201.15308508963807
2	220.27265760380828
2	220.5056581645438
1	230.82865215917582
1	250.3379979502259
1	250.68955580484626
1	251.07787235176818
1	251.36403322033408
2	266.49681485229
2	266.5013915348644
2	289.7199146281623
