2	106.88510489992092
2	133.03781576067985
2	227.71253453911467
2	248.7350645705063
2	248.79250271215747
2	251.42383282966347
1	461.38790470613753
1	489.8699627826381
1	509.442985256422
1	509.55488788650064
1	511.15141407957543
2	535.4718530814004
1	539.6690417656515
2	560.7598438433934
1	619.7759423229451
1	669.5883889658431
2	1103.7847930040527
2	1128.203550488709
1	1160.4715207961215
1	1160.6074598256678
1	1171.8534375308977
1	1172.0453989262337
1	1389.424571638229
1	1389.6047574328065
1	1429.525624132779
1	1429.5973334540995
2	1667.0656486592284
2	1672.016968273337
1	1705.4988914451517
1	1705.707905128443
1	1721.4039356039527
1	1721.5339171176174
1	1834.5516718963815
1	1834.6923637683688
1	1922.1892617275803
1	1972.4155583283105
2	2334.980244075424
2	2347.8747401721257
2	2404.654463144843
2	2404.751533478401
2	2405.929225625377
2	2405.9988682740764
2	2429.6350313961834
2	2433.1392286820173
1	2492.398515218986
1	2493.522918153646
2	2500.747034802734
1	2501.5351067125603
1	2542.5892738414364
1	2542.8509587183044
1	2543.200828350266
1	2551.2828764072647
1	2881.7773207807923
1	2894.555614247925
1	2931.655410838606
1	2944.387868519612
1	2973.7405582934357
1	3023.6123463182234
1	3053.5292206186828
1	3053.821820296159
1	3111.7510336514138
1	3161.7748936542444
2	3187.3187166137423
1	3189.5637161184436
1	3189.71064976322
2	3198.937799893489
1	3339.5646550034294
1	3339.81880931362
2	3447.6958434815992
2	3482.6038407544565
1	3514.6010356770416
1	3514.8102863226813
2	3566.1212823399665
2	3596.057059281193
1	3641.7891580499822
1	3641.9195015230525
2	3779.186083799388
1	3786.3835400043004
1	3786.6712463683175
2	3794.6766056974993
2	3826.537905890805
2	3851.400969729464
2	4015.927095880407
2	4049.9111461738203
1	4190.653158740039
1	4240.563279996615
1	4340.518475787111
1	4340.6617954035655
1	4398.508797709976
1	4398.667845349999
2	4442.113184135184
2	4447.096013823053
2	4475.410800753062
2	4489.493271731269
1	4636.649049841198
1	4636.964124329179
1	4656.5600148154035
1	4656.656756113792
1	4714.918145398004
1	4730.71832882261
1	4764.654940611774
1	4780.629328275759
