1	80.21774106514134
2	129.46334339215844
2	129.56109233188837
1	150.14550938171664
2	152.4950802494736
2	152.50503182550787
2	152.52088952927673
2	152.53997616199575
2	152.58499741001785
2	152.64879751897232
2	152.6750777801886
2	152.6989635167473
2	152.7070633297525
2	152.7358168828381
2	152.76123723728892
1	160.5687787371345
2	175.53545111425805
2	175.5792145642029
1	180.64400481161107
2	198.61929157838594
2	198.63786609852363
2	198.81874257033058
2	198.89343462968384
2	198.89566990057085
2	198.90122275648062
1	200.20833604178287
2	221.73580934015018
2	221.7429008250195
2	221.81926529078697
1	230.6559208564668
1	250.21198407034504
1	250.9270878185032
1	251.16362468113613
2	267.73149790377875
2	290.83068721212874
2	290.86234702985075
