1	80.48070073026533
2	99.97661663373633
2	100.03497983218102
2	100.10511831002745
2	100.2033017158059
2	100.27894200166767
1	120.43319916387023
2	123.55911939856233
2	123.59602067333459
2	123.68416651959197
2	123.78144980734544
2	123.83945009654549
2	123.85532287370401
2	123.90433495526355
2	123.96422326872967
2	124.00232526792212
2	147.12378012148878
2	147.16961366263982
2	147.2582516795306
2	147.30262519502367
2	147.37467688909882
2	147.44219850787323
1	150.53020131124174
1	150.56242326858268
1	150.60032567893774
1	160.44762911503622
2	170.75159224283286
2	170.77673166769182
2	170.9572661677278
2	171.0197377226484
1	180.82518099643306
2	194.0814958001962
2	194.09262829713867
1	200.41784310977414
1	200.5926301434594
1	201.33948748522772
2	241.16763845799022
1	250.5326386552353
1	250.6276277488719
2	264.74108901759786
2	288.2944906543698
2	288.3586259917117
