2	122.54855264937638
2	241.80754171564973
2	265.6851865122686
1	459.3398765788925
1	461.1028430099281
1	489.6081971202409
2	551.8622701364671
1	619.6066749276687
2	1091.7958738729026
2	1100.41535432276
1	1110.3716409919477
1	1121.794033521018
1	1379.3257409243024
1	1389.2012399148339
2	1649.0006677283427
1	1671.4539504224736
1	1705.3236996426165
1	1784.4963269054708
1	1922.4701468299936
2	2316.7787225431753
2	2412.228694876064
2	2412.2496228638993
2	2412.30988282973
1	2492.685467698822
1	2493.204210792854
1	2501.298936193185
1	2881.568082635057
1	2894.3206000798223
1	2973.551595324418
1	3003.9347147831
1	3111.6631603142732
2	3175.4318980894036
1	3189.3217761290907
1	3289.7998668332198
2	3461.6577549475905
1	3464.8504717798114
2	3580.8751937001
1	3591.920924902829
1	3736.559120613049
2	3795.591994281653
2	3843.2639321198776
2	4010.1556913566274
1	4190.532290380978
1	4290.630340259133
1	4398.146910846081
2	4463.413559825091
2	4487.22789908927
1	4586.816849808016
1	4606.492046548884
1	4714.522291957642
1	4730.50963595681
