1	80.24712873208107
2	114.47415900084559
2	114.52605306333652
2	114.53166538179322
1	120.16948724969158
2	143.39825714672784
2	143.45775379061115
2	143.4695115699695
2	143.55936934579498
2	143.63476420289643
2	143.73427019361498
2	143.81754983963103
2	143.83324146576766
2	143.90683322951253
2	143.97668328113699
1	150.2203015001706
1	150.27625339020915
1	160.53869884678858
2	172.16463775451018
2	172.2316980518637
2	172.2591915381434
2	172.3560156336951
1	180.61182665526363
2	201.0836097197489
2	201.1833177190428
2	201.2097780618408
2	201.24987109718083
2	201.30553330556654
2	201.37348763097035
2	201.4483964678751
2	201.54234610816255
1	230.7151648179077
1	250.18345253144923
1	251.0081681888465
1	251.23545976600485
2	258.7813583500735
2	287.6776265616836
2	287.73325353841324
