1	80.45269777185258
2	109.74165270642338
2	109.79049934725064
2	109.79055287207899
2	109.81763208636649
2	109.9017401361437
2	109.98855762276554
2	110.05944377400374
2	110.06085421666528
2	110.08279400256365
1	120.18017339425738
1	120.54667153166898
2	133.1378629484841
2	133.1755528011776
2	133.2495126314388
2	133.4187521166539
2	133.5049163105616
2	133.57670475964989
2	133.6154017162259
2	133.6391263376257
2	133.66240270687365
2	133.68206551483996
1	150.36425766102025
1	150.45829184582348
1	150.5123476961942
2	156.63950336626093
2	156.6679359987509
2	156.80922897491442
2	157.00975467381394
2	157.04678996698183
1	160.65926592778595
2	179.80817416730633
2	179.82369788390477
2	179.89418020710323
1	180.90548540882176
1	200.30429147480586
1	200.3399456317084
2	203.24095515413487
2	203.3495037832503
2	226.5727058068684
1	230.7178348212317
2	249.71668373986924
1	250.25020971883848
1	250.6405283305054
1	251.10942254852534
1	251.28760969387213
2	296.367260231497
2	296.38011921255037
