1	80.6189329317463
2	105.08349753852586
1	120.45132661386488
2	129.1039254716317
2	129.13039379794125
2	129.1661232309311
2	129.21035024696198
2	129.2137811587056
2	129.24408140384526
2	129.32208097568858
2	129.35685236306335
1	150.73313139184734
1	150.8804716472617
2	153.09263359474392
2	153.26958609784265
2	153.33764037584876
2	153.42418086081224
2	153.51661898771732
2	153.60689279170566
2	153.63994242742157
2	153.75014594311702
2	153.78383988242697
1	160.53999025109414
2	177.1525795490449
2	177.3676018445622
2	177.42382982044555
2	177.45225584558403
2	177.48338967885715
1	180.81540690867055
1	200.57196798967712
1	200.85713974636084
2	201.22016720974491
2	201.27485651175292
1	201.36901386714646
2	225.24475559187778
2	249.21664461635487
1	250.50435869622814
1	250.74849768585835
1	250.77661647571426
2	273.1632066860974
2	273.2031697469459
2	297.12897698847803
