2	135.78258672500914
2	207.82599127446326
2	255.84524050312143
1	461.5304271394901
1	489.6623634090816
1	509.55219963254973
2	543.8344772390246
1	619.681941869677
2	1096.015064959872
1	1160.6147459871702
1	1172.0039415786487
1	1389.4752157844828
1	1429.505921480365
2	1672.104506665093
1	1705.663217836901
1	1721.393455305069
1	1834.5907670512292
1	1922.2042600577906
2	1936.115183861835
1	1972.6025355906945
2	2344.2471655023924
2	2416.2640777510014
2	2416.2699811928987
2	2440.2969983854637
1	2493.5323395401383
1	2501.6056688359986
1	2542.8422505863805
1	2881.8107366164745
1	2894.757273311369
1	2973.656790149566
1	3053.7458401863155
1	3111.275785582938
2	3184.3985456439887
1	3189.633372532188
1	3289.492408724942
2	3304.3428720494007
1	3339.6824283190736
2	3448.461508888917
1	3514.79765153112
2	3568.4184024042684
1	3641.728818615773
2	3784.5189359089045
1	3786.57588968728
2	3856.4583295252482
2	4024.481102084884
1	4190.621671931299
1	4340.591712423313
1	4398.60638456375
2	4432.596354807608
2	4480.6185756524355
1	4636.795310039618
1	4656.494145139665
1	4714.210805529756
1	4730.723474417412
