1	80.13487506148626
2	120.97187081592736
2	121.0648656535013
2	121.11140150140184
2	121.1368737371235
2	121.18044569916091
2	121.27403673992337
2	121.28971536722665
2	121.3792488461127
2	144.87889524166118
2	144.89887750685713
2	144.96562645933042
2	144.97543448131395
2	145.04071679203273
2	145.04864062508392
2	145.0949742432605
2	145.1737107348027
1	150.0769146897949
1	150.1804567433416
1	160.18706876493937
2	168.66141922881684
2	168.67216500276595
2	168.7604929633458
2	168.801468222071
2	168.85383527677524
1	180.60903466471078
2	192.5100405869232
2	192.53175529919147
1	200.10817072918184
1	200.1278725314162
1	201.1803981644258
2	216.4678037359211
2	216.60423074171024
1	250.33077178501614
1	250.5002758588545
2	263.9771582038406
2	263.9801087687287
2	287.805738064666
