1	80.24957202097167
2	114.08260277280817
2	114.15186172187009
2	114.16402729887086
2	114.16770292317962
2	114.2172847848226
2	114.28992509073771
2	114.31176087154937
1	120.25953620474708
1	120.52879000726321
2	137.3925982232275
2	137.48564744334496
2	137.5481517163179
2	137.60499311349787
2	137.6803496797754
2	137.76638480197698
2	137.78415132967285
2	137.93133674544566
2	137.97784120891066
2	138.04116935437736
1	150.3456656751929
1	150.37251665584142
1	160.61312735529498
2	160.653692095419
2	160.72855065821878
2	160.80599425525438
2	160.80901599804065
2	160.8422840118036
1	180.65199091778967
2	183.90814103467596
2	183.95477971782734
2	184.01995356963238
2	184.09632924520338
1	200.19372175313868
1	200.20194721784097
2	207.2029648886722
2	207.25494803862946
2	230.42780435917422
1	230.63383240348983
1	250.1847830656603
1	250.40759576302858
1	251.00475445043153
1	251.23247548278437
2	253.69321762630832
2	277.0207955654279
2	277.0865020494613
