1	80.57030071633642
2	109.90028838634012
2	133.01981278126704
2	133.13784980595736
2	133.17248509363301
2	133.2315099993432
2	133.3184998764462
2	133.35851531987691
2	133.45737696743439
2	133.49765936396352
2	133.5063563485737
2	133.58236488576108
1	150.16950439960428
1	150.85411749728823
1	150.94311906658328
2	156.3405960737346
2	156.36866537346086
2	156.37237119586004
2	156.5082532961847
2	156.69846724087122
2	156.77046874788846
2	156.8534328264611
2	156.9351205067554
2	157.01919008790972
1	160.7404858485174
2	179.32072749015174
2	179.58626343601864
2	179.64752397840078
1	180.86674538818752
1	200.81437435122731
2	202.64680892721086
2	202.7203811186455
2	225.60350242374716
1	230.71572927656183
2	248.7401075217903
1	250.22790919189723
1	250.58961870177228
1	251.08694056181477
1	251.23815580265818
2	271.8739647932853
2	271.92099198443395
2	271.98546611319364
