1	80.51055580444533
1	80.73035194794866
2	115.59766075081114
2	115.6801325645798
2	115.75129369436804
2	116.29134168622753
2	116.38189663715865
2	116.4161953383413
2	116.45291081707357
2	116.49430475301803
2	116.5168724763002
2	116.52896084299421
2	116.59551827287939
2	116.67007228884377
2	116.67910563670672
1	120.28729831736457
1	120.39552845830755
1	120.46926592262065
1	120.53317965285578
2	138.51623469436473
2	138.58562250665244
2	138.648407470265
2	138.7107430847375
2	138.71076061449799
2	138.79809831627816
2	138.8827657756108
2	138.8906150281307
2	138.91242176521806
2	138.9801362638405
2	138.99366604758868
2	139.07912753591629
2	139.1290671723174
2	139.1691954063776
2	139.26705141170657
2	139.3437010177965
2	139.4202758764598
2	139.45294259368467
2	139.48748505540985
2	139.52961812888026
2	139.66507834126116
2	139.70109412432492
2	139.7635609849714
2	139.87166493410678
2	139.92112314171032
1	150.58307184761765
1	150.77867851043467
1	150.81921627862283
1	151.379354846422
1	151.40469097136616
1	151.42438804469836
1	160.58640736164372
1	160.64683451563087
2	161.83493163029326
2	161.91687037309754
2	161.97151086441357
2	162.02620117700104
2	162.16641000592654
2	162.19855590997432
2	162.24707195618404
2	162.48100202536645
1	180.76786197575845
1	180.8273402860592
2	184.1418101858959
2	184.17183485250698
2	184.20034748307253
2	184.6327758830453
2	184.7269246592527
2	184.87850781233854
2	184.92013215374052
1	200.1953296105009
1	200.88628015150937
1	200.91454832761178
2	207.18036492745392
2	207.2244142017122
2	207.48333128355895
2	207.5138055025527
2	230.16787944896598
2	230.21019450122498
1	230.7665940794471
1	230.85662110274976
1	250.23587133652745
1	250.30443637889184
1	250.46774823645165
1	250.54769362228885
1	251.08067014420823
1	251.11149233446625
1	251.1796667198449
1	251.31605547185396
2	252.72362483371435
2	253.0104072704096
2	275.6673554754477
2	275.72974080430873
2	275.7381309659693
2	275.80760715928744
