2	123.55499794813404
2	217.7481423023981
2	264.8145859270169
1	509.56294054049096
1	511.24989929710375
1	539.8072537123678
2	547.4264037096251
1	669.5498266970922
2	1112.7272544277728
1	1160.6180279595612
1	1172.0866949491094
1	1389.5427234151557
1	1429.6591973531647
2	1678.0354368731794
1	1705.7887569839058
1	1721.5259764517616
1	1834.7035732192614
1	1972.7110302923625
2	2337.5336363476636
2	2408.220093773086
2	2408.3036082875087
2	2431.803228048005
1	2542.9666089938046
1	2543.3763572164867
1	2551.3788179855383
1	2931.7194989093073
1	2944.4646785263644
1	3023.682634031386
1	3053.893190381106
1	3161.8026273555874
2	3185.3591795519546
1	3189.697754060369
1	3339.9208455256303
2	3468.065996625762
1	3515.0134009833396
2	3585.8402149601075
1	3591.24933427304
1	3786.7958164248876
2	3797.801061391408
2	3844.8773847414413
2	4033.286757086786
1	4240.623933381201
1	4340.828438394503
1	4398.744708126521
2	4457.289749021578
2	4480.865229411399
1	4636.954473592697
1	4656.633156762718
1	4764.7484711662055
1	4780.613511980987
