2	138.39022911874613
2	210.38826426220933
2	258.39041869777765
1	461.5021321441675
1	489.7246820873157
1	509.4811003316875
2	546.451923753256
1	619.6976627449742
2	1098.565411577795
1	1160.559409668015
1	1171.9710215076595
1	1389.4526634160034
1	1429.5424078671115
2	1674.7383462205073
1	1705.5797754914354
1	1721.4544883806286
1	1834.613421700679
1	1922.1842711565862
2	1938.7590474075705
1	1972.5349988391047
2	2322.8670543828393
2	2394.8618570163435
2	2418.9081403508694
2	2442.8454854323686
1	2493.5143731602584
1	2501.6451191231968
1	2542.8128647459716
1	2881.782376786053
1	2894.703102231693
1	2973.7131250887837
1	3053.727032056933
1	3111.2691477395138
2	3186.941515814661
1	3189.541483706386
1	3289.465226783354
2	3306.9912517777284
1	3339.693686655707
2	3450.996596822747
1	3514.761308937795
2	3571.0362625613093
1	3641.6910479297817
1	3786.643064930008
2	3787.0718370433024
2	3859.0622271169545
2	4027.0939905933624
1	4190.66180749925
1	4340.565433681987
1	4398.562236035828
2	4435.185896064094
2	4483.172602940068
1	4636.835679852208
1	4656.496264419503
1	4714.207696152621
1	4730.800553419662
