2	112.91586954923093
2	232.25444064853434
2	256.0688443018177
1	459.31767735973716
1	461.0794450499655
1	489.6446975993448
2	542.2451927958906
1	619.5225543542
1	1110.3845440404689
2	1114.6672895977365
1	1121.844018110122
1	1379.3031298834708
1	1389.1814555466085
2	1639.3990719257024
1	1671.391811671457
1	1705.278316492408
1	1784.5046162295437
1	1922.542697375974
2	2331.0486855870226
2	2402.627505959847
2	2402.6403223278658
2	2426.4707045054497
1	2492.6521496889886
1	2493.2436849542073
1	2501.306074673506
1	2881.645325972531
1	2894.3231454787956
1	2973.610116891607
1	3003.969497605606
1	3111.650708305516
1	3189.297198856407
2	3189.719661337662
1	3289.738750902141
1	3464.843375750305
2	3475.9434510932865
2	3571.338055036827
1	3591.8934270701448
1	3736.5452080647815
2	3785.976760161955
2	3833.6540802091263
2	4024.45289180255
1	4190.475210987665
1	4290.688848137399
1	4398.136233600127
2	4453.776198381292
2	4477.623754223457
1	4586.823839983086
1	4606.501743622053
1	4714.592543013948
1	4730.5920098447195
