1	80.19200093026762
2	103.68447444138452
2	103.74510080081288
2	103.77368740068773
2	103.78295563884586
2	103.84611039379573
2	103.85427342330853
2	103.86814827164233
2	103.88851006771931
1	110.63884258778239
1	120.17369802709045
1	120.36427792491008
2	127.51203002041099
2	127.56251846061251
2	127.59106674451748
2	127.66214427136438
2	127.6885372090542
2	127.71862876421794
2	127.7762930737051
2	127.82996921017936
1	150.1536123978983
1	150.1851835734902
1	150.26447220664525
2	151.439170965936
2	151.4740023345445
2	151.49839301319105
2	151.52380632374286
2	151.53815145315951
2	151.59842543863317
2	175.2020088233972
2	175.319549501137
1	180.61051754110758
2	199.0740801676252
2	199.0751464164839
1	200.1343751367675
1	200.9337930971422
1	201.16805766765955
2	222.92910261417768
1	250.34123598941054
2	270.64070395999954
2	270.65127237888237
2	270.687713428004
