1	80.1584268227753
1	80.31955004965072
1	110.51511545502039
2	110.94767775433463
2	110.98438293679641
2	111.03436820983973
2	111.04688887596684
2	111.10248247260161
2	111.16453629051861
2	111.24497926688207
2	111.24673887324629
1	120.34809197904589
2	123.4595766661401
2	123.47247441502856
2	123.5691723485056
2	123.58843307312517
2	123.6398109274994
2	123.66273870590491
2	123.71298150148158
2	123.80875071731165
2	123.87119409640819
2	123.90908243448986
2	134.74828165822154
2	134.8101163049539
2	134.86122221453306
2	134.89742724610628
2	134.91274398387955
2	134.92732815662103
2	134.9726566742735
2	134.98597082405752
2	146.7541788437545
2	146.95051510809841
2	147.0088496321918
2	147.10855232203247
2	147.1719853050713
2	147.1990208464159
2	147.24305062536487
1	150.07243133737413
1	150.2126724528128
1	150.2317516568988
1	150.3491008135702
1	150.37276777139712
1	150.4011728605549
2	158.6471240110572
2	158.70442553502582
2	158.78035331808036
2	158.8342130258454
2	158.89234464694366
1	160.65765643819907
2	169.96878279900758
2	170.00070703047632
2	170.0294647834461
2	170.02946816292072
2	170.03553720356064
1	180.62103053354022
1	180.71234002181356
2	182.46219005689295
2	182.5264838131355
2	193.11876059073387
2	193.2462661528208
2	193.35481274081013
1	200.08340502228234
1	200.27151764835804
1	200.38350804117843
1	200.8981002296812
1	201.12542744179456
2	206.29963000839305
2	216.5192539414152
2	216.57244105619483
2	230.05761107887716
1	230.73461010034669
2	239.583165549406
1	250.17269356095107
1	250.31456783483748
1	250.39477525781965
1	250.99366037349395
1	251.1437275366706
2	253.8373572936251
2	262.8052015592996
2	262.85238388262786
2	277.6568487253401
2	277.7377068376685
2	286.0985330981181
