2	135.82827861379445
2	231.1829829156001
2	231.27050607924465
1	461.31746207329456
1	489.3794267075637
1	509.37089728289084
2	540.8000564083846
1	619.3814368099197
2	1112.5692294364328
1	1121.6977751228303
2	1136.3746107378267
1	1160.4085868049253
1	1171.7462556022017
1	1389.355000009808
1	1429.3647538230578
2	1660.4102978007727
1	1671.3256740193972
2	1684.2582367333732
1	1705.4231237983843
1	1721.3561526770034
1	1784.370001649243
2	1803.3742970507687
1	1834.5349038201177
1	1922.584755053509
2	1946.3583433270985
1	1972.4186086939544
2	2327.4662586075688
2	2398.923375619546
2	2398.991573378688
2	2422.78027079975
1	2492.549861435988
1	2493.4220864272656
1	2501.469649270675
2	2518.0149364039385
1	2542.6244656280414
1	2881.428632520248
1	2894.555602899085
1	2973.5933230584765
1	3053.5461599442947
1	3111.5352635778527
2	3185.038697863914
1	3189.4757983386767
1	3289.672571562628
2	3304.1831102122196
1	3339.5656459225406
2	3447.1213672158915
1	3464.475033439482
2	3494.6944048533646
1	3514.591212823565
2	3542.37592468227
1	3591.5964948749374
2	3613.86988232192
1	3641.5858460077516
2	3780.5776812591175
1	3786.3639812343263
2	3828.2539715616067
2	4018.7751431468187
1	4190.328190561299
1	4290.533357355844
2	4304.664553075309
1	4340.374482923235
1	4398.494137534157
2	4447.618262033774
2	4471.384192547426
1	4606.081054395756
1	4636.648477086023
2	4638.146584744854
1	4656.317197863702
1	4714.512274945882
1	4730.543756373134
