1	80.12201301306541
1	80.1513007331372
2	91.38553324414119
2	115.2582821275766
2	115.27668377593258
2	117.72151878136681
2	117.79136696816774
2	117.80010626123378
2	117.8142954503917
2	117.82387357275094
2	117.98535118323278
2	118.01861097551898
2	118.0536146094249
1	120.18659623056713
1	120.21321356388245
1	120.39554552179372
2	139.119195299232
2	139.20097865982714
2	139.26515377659254
2	139.29689378868656
2	139.38886619177498
2	139.43693676965654
2	139.52677443420882
2	139.56918390607566
2	139.59193829191696
2	139.68156073566138
2	139.69402559348123
2	139.70800530353276
2	141.53791364628685
2	141.63015806321513
2	141.72265931456107
2	141.82166081000358
2	141.9135285660431
2	141.94784305002082
2	142.0464850823172
2	142.0535213946657
1	150.11817755685772
1	150.1969471390398
1	150.29224844128993
1	150.3374408916294
1	160.27377238025585
1	160.5646470532328
2	163.01249630652214
2	163.01347445150432
2	165.34939579464168
2	165.3867107038595
2	165.55509157892897
2	165.61145422847218
2	165.61615292509873
2	165.70529153318603
1	180.55560878217497
1	180.5567984226831
2	186.88356875301184
2	186.93021678314886
2	187.07164340580948
2	187.0862635644829
2	187.17568058643297
2	187.24702518639643
2	189.1820831659371
2	189.25199901935315
1	200.06943407815726
1	200.10874930473008
1	200.19200270737164
1	201.19099761998572
2	210.684467575577
2	210.74635888709585
2	210.76050048779172
2	213.07330669159992
2	213.25031072835142
2	213.328022365268
1	230.59837465124082
1	250.070828814962
1	250.38475889790118
1	250.40446078496967
1	250.947471957511
1	251.16162367988744
2	258.39043231002887
2	260.6916826118485
2	260.7549395562235
2	282.2765806577471
2	282.3145022269889
2	284.5026562226791
