1	80.11997656834504
2	123.6653743076399
2	123.71142378061462
2	123.80704468810187
2	123.900194451147
2	123.99977226685796
2	124.04378582692839
2	124.0972359816329
2	124.14732434837313
2	124.24149610222295
2	124.25779662466972
2	124.27031735647869
2	124.28534428666971
2	147.63821100667025
2	147.736266001846
2	147.79640100842624
2	147.92096527955235
2	147.9485380053193
1	150.10528787243405
1	150.205126350034
1	160.18612252668882
2	171.27419060382218
2	171.3695614444888
2	171.38900834680243
2	171.43676069628353
1	180.5903468097949
2	195.18774908966287
2	195.24965695186222
2	195.34403744291322
1	200.09870944598111
1	200.14608167329274
1	201.20722185172113
2	218.94986241805515
2	242.78658246451428
1	250.35740054923482
1	250.42615040870476
1	250.5234860545386
2	266.6209440602349
2	266.6618676326951
2	266.67466229440663
