2	125.29640095163317
2	218.0285193946352
2	264.44835754766143
1	461.3969385775645
1	489.2051993510854
1	509.4288980481107
2	542.8222342511691
1	619.6480585038333
2	1099.5979144571763
1	1160.4441029313455
1	1171.798227345001
1	1389.3393131391701
1	1429.4422568231648
2	1656.3881875946365
1	1705.5079098068877
1	1721.3940931568354
1	1834.505680558455
1	1972.426070128508
2	2329.1220270405697
2	2398.7866811912227
2	2421.968873165328
2	2445.11680247226
1	2493.433019132543
1	2501.5554292941583
1	2542.666950686816
1	2881.6688799063213
1	2894.496115712245
1	2973.6598691358686
1	3053.670562996995
1	3111.768180773914
2	3187.5246062871597
1	3189.6077520408858
1	3339.6440521153113
2	3465.95286922592
1	3514.557607834963
2	3581.9230354885613
1	3641.598153912787
2	3767.5292033473625
1	3786.391859778273
2	3837.1269303195218
2	4022.724355334383
1	4190.621275705347
1	4340.505972413377
1	4398.464427749468
2	4440.283272909894
2	4486.656621263095
1	4636.663242099078
1	4656.412905064821
1	4714.683362852021
1	4730.621756094573
