1	80.19591224302499
2	122.41875366061453
2	122.4623125932756
2	122.5676324964567
2	122.60608839731154
1	150.17915653694186
2	151.68335112492665
2	151.84295781632542
2	151.88997153822052
2	151.89281306243356
2	151.8968101878613
2	151.92414719186974
2	151.9364512293289
2	151.95820319591843
2	152.08744509903613
2	152.14873785157502
2	152.18775821002163
2	152.22585023900228
2	152.24813197654063
1	160.5804394166863
1	180.7748138398541
2	181.07070314613352
2	181.16628940618472
2	181.24325745564389
2	181.2829609857025
1	200.3052012926581
2	210.56888014595384
2	239.71299205892527
2	239.85943261198585
1	250.19121824159149
1	250.5032722964369
1	251.04178791004435
1	251.18157212685446
2	269.01601600732533
2	298.3057743838698
2	298.3878239145635
