1	80.40858636157772
1	110.22991002960322
2	129.73279037580036
2	129.7458419996095
2	129.80755916060556
2	129.83672603453377
2	129.8798289905328
2	129.9791472071734
2	130.0690555214426
2	130.10977594725895
2	130.1715740548721
1	150.54552401522488
1	150.74501619736048
2	153.69939812507383
2	153.72026351418728
2	153.81440130032058
2	153.88732597185972
2	153.94126961110916
2	153.98208892181685
2	154.08086629416874
2	154.1206431213364
1	160.4161178308606
2	177.38414503251173
2	177.44593659140148
2	177.5339738275182
2	177.5443313673008
2	177.62670597673832
2	177.70610705000666
1	180.61750848430776
1	200.43916760078167
1	200.69077160175206
2	201.1712178201749
2	201.21312356757835
1	201.39363716711208
2	225.13201690001318
1	250.5077086559485
1	250.68471790740278
2	272.51415624858396
2	272.52767085430014
2	296.2496375789049
