2	126.07815481193549
2	221.4815975488657
2	245.4001232274104
1	459.3469910035613
1	461.12862721107933
1	489.6423559571227
2	531.583502959046
1	619.6033571296798
2	1103.9872663831006
1	1110.4179739950525
1	1121.819344989568
1	1379.3168351735887
1	1389.1910455877903
2	1652.5357299489015
1	1671.3683287460303
1	1705.2489516261599
1	1784.5030777047184
1	1922.5411227759425
2	2320.3474808309156
2	2391.908914920726
2	2391.9308926003346
2	2415.739258509876
1	2492.732514128557
1	2493.170067703054
1	2501.359585077231
1	2881.6262848425927
1	2894.280647652482
1	2973.5696921025606
1	3003.905347678381
1	3111.674591746954
2	3178.9905766576962
1	3189.341305046926
1	3289.8005510234075
1	3464.8518547466883
2	3465.22775980619
2	3560.5983241326853
1	3591.918680155446
1	3736.4971091970115
2	3775.231847374336
2	3823.0032538249056
2	4013.74655719197
1	4190.501838945956
1	4290.679778492626
1	4398.148828606959
2	4443.075456349554
2	4466.893178144616
1	4586.844576900819
1	4606.509556416273
1	4714.597183357388
1	4730.599138818965
