1	80.41117295475777
2	109.66867786972924
2	109.69399330650823
2	109.70616485195055
2	109.78026718912152
1	120.85609346766923
2	138.23136001945343
2	138.31305705412407
2	138.40497011679085
2	138.51640892011233
2	138.5852346197546
2	138.65406596380916
2	138.70487709649
2	138.7217699366231
2	138.73447798898775
2	138.74766715037813
2	138.76599945686436
2	138.85918168439764
2	138.89932752880804
1	150.45726309290157
1	150.5638669257502
1	150.57545245154708
1	160.66720347833356
2	166.58889013698703
2	166.69805230833052
2	166.70774266704393
2	166.77293039273806
2	166.8725915094875
1	181.0007904382467
2	195.16182975251166
2	195.18163154623298
2	195.2313727100125
1	200.3919320463769
2	223.54592977170677
2	223.62121273396895
1	250.27227779581804
1	250.54341213747142
1	251.04036041251348
1	251.29052650358273
2	251.94096091847047
2	280.44835555547553
2	280.5356811425302
