2	127.08266506958405
2	153.33434733099236
2	223.06224290823232
2	223.14553954514207
2	246.40244327870684
2	271.11984845046703
1	461.54365995562256
1	489.7043145739496
1	509.4118760566546
1	509.5369990572176
1	511.19469653271403
1	539.7172718890056
2	548.6473876384615
2	559.1316107845831
1	619.726879630748
1	669.6094036830009
2	1106.8781295935407
2	1111.2347221609105
1	1160.4870724000057
1	1160.622233848415
1	1171.8845272827648
1	1171.911963779357
1	1389.486149175998
1	1389.522027035605
1	1429.5372197129816
1	1429.569392505185
2	1663.342547022253
2	1665.0997579266923
1	1705.517201623145
1	1705.629639926251
1	1721.4143714040558
1	1721.4175989219661
1	1834.5764269384854
1	1834.7363547290886
1	1922.2466315797492
2	1927.342172361854
1	1972.617326817229
1	1972.6744617300646
2	2335.5017087185283
2	2339.6070491935075
2	2407.466049753504
2	2407.508788517132
2	2409.4150732221024
2	2409.4175150457554
2	2431.490300245871
2	2432.722102762653
1	2493.4811513125355
1	2501.6041528254354
1	2542.7777769490913
1	2542.8125256316075
1	2543.2794218034937
1	2551.2726131821105
1	2881.807951470958
1	2894.7540535449966
1	2931.699211017592
1	2944.3491388329567
1	2973.642054395869
1	3023.5994217388784
1	3053.7281404674986
1	3053.8581076749706
1	3111.256113559872
1	3161.7873573146835
2	3176.8864180819714
1	3189.6075580658226
1	3189.6241866754
2	3199.590972268316
1	3289.5539549349305
2	3319.6021741956492
1	3339.662778443506
1	3339.8259483064453
2	3439.636358212652
2	3455.9952430023504
1	3514.746297279891
1	3514.8425222990277
2	3549.0273470022717
2	3583.694951255663
1	3641.7360361242286
1	3641.8921131006964
2	3781.749382936461
1	3786.632286891552
1	3786.6867069011996
2	3799.7013630673564
2	3828.1318493401573
2	3847.7700598781994
2	4037.517822933071
2	4039.807040494986
1	4190.623717929785
1	4240.545768174015
1	4340.58663238249
1	4340.7257979951355
1	4398.518144167464
1	4398.566262854331
2	4447.873322102741
2	4456.185101401735
2	4479.448742399668
2	4495.89329220636
1	4636.805626086836
1	4636.8494429373995
1	4656.507693898678
1	4656.547579790873
1	4714.246206427584
1	4730.783378997003
1	4764.723002443697
1	4780.524194087156
