2	139.08489622129696
2	224.04236668518985
2	252.3398305880695
1	509.5802852327457
1	511.3756752387259
2	535.489625822233
1	539.761827799082
1	669.6475122615363
2	1101.8751860973757
1	1160.7677712659206
1	1172.1605280911535
1	1389.6017101637938
1	1429.630219306506
2	1668.203190712198
1	1705.74458282223
1	1721.6479137381211
1	1834.8484631868657
1	1972.3150105524899
2	2319.537149558324
2	2404.516226266357
2	2432.8414943003804
2	2432.8678938778085
1	2542.978453890616
1	2543.331307759347
1	2551.363239953115
1	2931.773562878755
1	2944.4777602419163
1	3023.7764497272224
1	3054.0302929622667
1	3161.9181817443387
1	3189.7818524086065
2	3197.4157497214537
1	3339.969271519777
2	3452.294182809719
1	3514.987183346585
2	3565.6022582185947
1	3641.9869493213623
1	3786.829141353659
2	3792.1203761241645
2	3848.781425570652
2	4047.001851942559
1	4240.779799720462
1	4340.7852112995615
1	4398.786597398779
2	4443.489505155551
2	4500.112043580809
1	4637.202625587047
1	4656.6566374505555
1	4764.772646631153
1	4780.748542837123
