1	80.29220336924216
1	80.49484942905819
2	103.37631346605211
2	118.72639069581273
2	118.73170376843723
2	118.76344684894795
2	118.81634004052522
2	118.83767194433145
2	118.9334306435118
1	120.46893338823912
2	132.71793843776805
2	132.78477963485764
2	132.82736880579168
2	132.89170681209515
2	132.9130147651036
2	132.97920414661644
2	133.03094761454437
2	142.71442633238686
2	142.80843622277087
2	142.82324181103988
2	142.87338839292795
2	142.8922768629016
2	142.90834743826537
2	142.95812606748578
2	143.07490771067415
2	143.0930712945037
2	143.14472099199466
2	143.2072558068778
1	150.0878715543758
1	150.19516132661195
1	150.41550446859438
1	150.5483948530464
1	150.72799068950204
1	150.78379147263513
1	160.42322056435899
1	160.57713406355884
2	162.05671043620538
2	162.09921918569904
2	162.11830167709124
2	162.23374958283438
2	162.23395811853445
2	162.32955137685053
2	162.41817861519166
2	162.474412261531
2	162.53107346994975
2	162.61093977715262
2	162.67452385530672
2	166.81078051510164
2	166.927353992178
2	167.0268215053038
2	167.06370463730278
2	167.13109624623448
2	167.19417220505855
1	180.65740600814118
1	180.72375939568283
2	190.60236939318924
2	190.7118754412876
2	191.34992639132136
2	191.42972065237197
2	191.45687188851815
2	191.52231284201784
2	191.55345954442663
2	191.65014750495502
1	200.17639706857074
1	200.35556985995282
1	200.47666006416904
1	200.66846443008058
1	201.23843506015456
2	214.614064163738
2	220.647298615009
2	220.73058111168936
2	220.88641219131114
1	230.69721273912893
2	238.60078716091832
1	250.20120078420481
1	250.44705564201396
1	250.48912243578
1	250.65842178754954
1	251.01400043232897
1	251.242601921113
2	262.4931140534405
2	262.53359576663985
2	279.237439677427
2	286.5099327688544
2	308.57876847798417
2	308.61155760380507
