1	80.20587418959668
1	110.50725445542909
2	110.61527136980789
2	110.69949976512791
2	110.72638052429268
2	110.7497373972182
2	110.83703723810355
2	110.91213259930062
2	110.91430092248616
2	110.91851392645884
1	120.36103364101615
2	134.37474868002982
2	134.41597568110961
2	134.46228315317322
2	134.48432145536626
2	134.48609503606158
2	134.53735203780838
2	134.70289344378364
2	134.77041258372736
1	150.0527419631211
1	150.21136952277496
1	150.26118507404507
2	158.24997562830472
2	158.35314109429163
2	158.403014141475
2	158.45397596571104
2	158.53666220539264
1	180.5609618913006
2	182.09354091452275
2	182.27375702638562
1	200.09039895174226
1	200.86176424672504
1	201.1993620289741
2	205.88499564692836
2	229.64546608721025
1	250.40462329306283
2	253.51138929532712
2	277.32823367859834
2	277.3473968464055
