2	121.45772899173846
2	214.22298989140728
2	237.37832453445802
1	509.645832512895
1	511.2946658044711
2	515.5300374137342
1	539.7439497348664
1	669.7598368414336
2	1118.2019325990932
1	1160.6935507599808
1	1172.188698927574
1	1389.5475142560597
1	1429.7990054189756
2	1651.33842627635
1	1705.752364286229
1	1721.5848538086136
1	1834.825045748853
1	1972.84630623544
2	2323.5323957958853
2	2393.219949259024
2	2416.2927051619463
2	2439.478068164633
1	2542.876570554669
1	2543.432349845189
1	2551.4497807589883
1	2931.7523269849526
1	2944.5699472048923
1	3023.7625975725964
1	3053.913426550217
1	3161.897979941848
2	3181.225384590682
1	3189.800112767672
1	3339.946409151181
2	3459.4315420836747
1	3515.054043927699
2	3575.347474284822
1	3642.0577558317327
1	3786.7331713103367
2	3807.1378799751446
2	3853.453328419987
2	4038.8791938233203
1	4240.725081010863
1	4340.954241628491
1	4398.866022590118
2	4456.104447821611
2	4479.282548343681
1	4637.124040538027
1	4656.827742796237
1	4764.762840066757
1	4780.710768632735
