2	144.02898370841024
2	231.7090641640105
2	260.8608187716836
1	509.6341805057635
1	511.40040409599703
1	539.9363162483816
2	552.8739235617068
1	669.7956814633789
2	1136.768658418217
1	1160.6652936896
1	1172.1407042288913
1	1389.660695371746
1	1429.7763685876034
2	1662.3512794545431
1	1705.836733328898
1	1721.6790217917132
1	1834.7921298313136
1	1972.830768926863
2	2333.9129840904034
2	2421.498616056324
2	2421.582793560076
2	2450.6797187395846
1	2542.9634738222135
1	2543.371885679173
1	2551.4407795599654
1	2931.8199451021114
1	2944.598969404495
1	3023.704907977343
1	3054.0157977846857
1	3161.940125026953
1	3189.8403066166693
2	3209.773470872302
1	3339.950751603169
2	3472.547753642132
1	3515.080898823326
2	3589.352069434824
1	3642.082315134698
1	3786.924799244573
2	3793.7304537059827
2	3852.1010978874006
2	4056.5020794399998
1	4240.76787515774
1	4340.754678086383
1	4398.821842823984
2	4436.10471704418
2	4494.439245751427
1	4637.090244912869
1	4656.792614223875
1	4764.784794228713
1	4780.760956763952
