2	135.56001688127898
2	223.52102390123054
2	252.8581655222959
1	509.6692818868054
1	511.24335739412675
1	539.8207733921886
2	545.893172832706
1	669.6606028106561
2	1132.023657384543
1	1160.7747805173854
1	1172.186408521978
1	1389.6271134639687
1	1429.6948968775994
2	1659.5250052864878
1	1705.8972178662639
1	1721.5790086339073
1	1834.8177090644515
1	1972.764126683561
2	2333.482884327133
2	2421.472130779463
2	2421.5153464590367
2	2450.7781598404454
1	2542.9099455871888
1	2543.3623645419493
1	2551.490788386834
1	2931.7534277903774
1	2944.640824267171
1	3023.7965578479743
1	3053.917332157136
1	3161.8532051880416
2	3183.401883900339
1	3189.901938540337
1	3339.9744322983743
2	3447.1700240798637
1	3514.994589675572
2	3564.3757187963656
1	3642.1169278895845
1	3786.763304512788
2	3798.8095155159203
2	3828.0587685441615
2	4033.2683926876143
1	4240.610660517305
1	4340.823127701732
1	4398.804920240806
2	4443.483328831536
2	4472.819526922745
1	4636.989221037387
1	4656.641807381287
1	4764.72231526736
1	4780.694481902739
