2	108.11476144708926
2	227.36930916767184
2	251.29903311673695
1	461.1186977614792
1	489.5878525803493
1	509.3475683477444
2	537.6946809787715
1	619.576973715305
2	1110.3839632950132
1	1160.2957397148534
1	1171.665989784467
1	1389.2053384475855
1	1429.382973364107
2	1659.3145309402041
1	1705.1806537818677
1	1721.248311643073
1	1834.327669850329
1	1972.2958706227844
2	2327.5656726708485
2	2399.119510683493
2	2422.9906379459467
2	2446.8520853738814
1	2493.2485863092334
1	2501.271224873519
1	2542.4061993434634
1	2881.6269124689225
1	2894.255920672242
1	2973.6026033656276
1	3053.4125584928074
1	3111.6759016249352
2	3186.7324718680975
1	3189.2742119061577
1	3339.3849499843636
2	3473.114970238342
1	3514.413035835786
2	3616.2681530613327
1	3641.544875160518
2	3783.396097949771
1	3786.2988876236413
2	3854.995807536341
2	4021.957617679338
1	4190.473596649399
1	4340.246543190484
1	4398.164932502015
2	4451.538340510468
2	4499.350001962761
1	4636.44997456447
1	4656.31451593605
1	4714.5784085307305
1	4730.643266374386
