2	137.509163262121
2	228.72685409194534
2	274.3701809915388
1	509.5148692021818
1	511.10096946377513
1	539.6783614492346
2	547.9979361178919
1	669.6448860540112
2	1118.2110569029555
1	1160.4903975270888
1	1171.996736608518
1	1389.386746284463
1	1429.5234266777622
2	1665.5750044640283
1	1705.5551676136115
1	1721.4923891778417
1	1834.6097970556232
1	1972.6804347896004
2	2349.7535239390395
2	2418.204312538859
2	2418.2603110265504
2	2441.040101157975
1	2542.719551453604
1	2543.3035098761893
1	2551.2494649956357
1	2931.675998796665
1	2944.349359447235
1	3023.5124646973395
1	3053.76564934263
1	3161.7083501367965
1	3189.6326455934086
2	3193.632385192859
1	3339.8081072586524
2	3467.3421720287365
1	3514.8843308292676
2	3558.5564315308516
1	3641.9164163572814
1	3786.666779955547
2	3809.4936949542152
2	3832.291277588848
2	4014.7470119137606
1	4240.598060021722
1	4340.640908366823
1	4398.549793540427
2	4448.088496714121
2	4493.686670948192
1	4636.797115506195
1	4656.513155164481
1	4764.63090185153
1	4780.5949813194475
