1	80.20175600318177
1	80.21604818881384
1	80.36478311210885
2	92.91210035604414
1	110.65469973382798
2	114.3533360321198
2	114.41045972114848
2	114.41871877256385
2	116.85538321614797
2	116.89411877210007
2	116.93944607675368
2	116.9719399821981
2	117.02076456230292
2	117.06440103677569
2	117.09852093291437
2	117.19617346300043
2	117.27167912330879
2	117.35183659658084
2	117.44184199068263
2	117.45117750560732
1	120.14959314162532
1	120.22960556660546
1	120.29496600747444
1	120.32878162137953
2	125.55129490833043
2	125.56057708464354
2	125.58995448342475
2	125.63520955840902
2	125.70166278514114
2	137.14642508447392
2	137.18832920311465
2	137.18894580623208
2	137.27147119980984
2	137.31807724076808
2	137.36764442389355
2	137.42535872811396
2	137.51731095554786
2	137.58729935695493
2	137.61799183038093
2	137.6358454589847
2	137.64414973872678
2	140.70843348992358
2	140.70894138921062
2	140.8055511235101
2	140.80789539914537
1	150.15430156799854
1	150.23251560303643
1	150.23678765175922
1	150.26339907133269
1	150.35606053845376
1	150.4483715291578
1	150.45091997522331
2	154.79507790602608
2	154.80986521735912
2	154.82737849988683
2	154.87460878013272
2	154.94640671572378
2	154.9968848060068
2	155.09175816991055
2	155.15726778612424
2	155.19744426874107
2	155.23712285813406
2	155.31302336851658
2	155.39251003276425
2	155.45121881921304
2	155.48114452831777
2	160.01617219457765
2	160.04752954022192
1	160.35094090689955
1	160.57286270796803
2	164.46305660537413
2	164.55733437697506
2	164.56941120075217
2	164.6563634880354
2	164.71082364317817
2	164.71245684754714
2	164.71972513416847
1	180.58696798827702
1	180.6011379192744
1	180.72338045882879
2	182.8461165901695
2	182.92486358200395
2	183.02429685975963
2	183.1132315946193
2	183.15982859607314
2	183.17002530176617
2	183.98642102511235
2	184.3746914008094
2	184.49045068032297
2	188.3345073127836
2	188.3826944180451
1	200.14049098290718
1	200.23379920961904
1	200.25027505249736
1	200.89064032268575
1	201.22121600567516
1	201.30421826870048
2	205.66375602589025
2	205.7042448782709
2	205.70634617061017
2	212.17706720505868
2	213.39970342461518
1	230.7188106712094
2	236.03190464168375
2	242.6057543981914
1	250.15789327091505
1	250.31340368853898
1	250.36857764115234
1	250.6741500112609
1	250.98240451336906
1	251.10756480043653
2	259.91778248082034
2	259.93682707476455
2	271.76247587011295
2	271.81396155004705
2	274.1260682243383
2	283.7895582358911
2	296.92634045654876
2	296.9825465137878
2	301.10248778077124
