1	80.18344755356377
1	110.7135947805695
2	138.23011994320493
2	138.2609970605523
2	138.36098584927055
2	138.43277965012814
2	138.4501628410888
2	138.4706471977004
2	138.54301238885833
2	138.55261362342915
2	138.58525916917776
2	138.61143080213063
2	138.6971358914041
2	138.76635961804132
2	138.81331233582162
2	138.8831963261128
1	150.16376092423755
1	150.28674808338607
1	150.3743470499169
2	161.44881181778408
2	161.58633220766595
2	161.6506592038588
2	161.71096027661383
2	161.77534835355414
2	161.85139032360823
2	161.93693278596004
1	180.7021852976655
2	184.65567782216624
2	184.6571988104918
1	200.1889177048622
1	200.9662382605005
1	201.24079233791474
2	207.72987907825055
2	230.90187669065827
1	250.35959256737837
2	254.10269395422492
2	254.13100848184305
2	277.227981669164
