2	147.65305929887543
2	194.40319825600963
2	232.82137080764318
2	240.15705421061142
2	261.2734900419219
2	263.1268035298941
1	461.3899580589183
1	489.6876637272963
1	509.2964269190417
1	509.55194134195443
1	511.1840973479952
2	537.7948808382472
1	539.6493333756375
2	545.1860224298523
1	619.6170558315056
1	669.5479423607062
2	1110.092316583172
1	1110.3734724955527
2	1113.1183940257886
1	1160.490190306043
1	1171.938548139669
1	1171.9737432866993
1	1389.2607188147792
1	1389.4554188792868
1	1429.2946306461486
1	1429.5715480688812
2	1681.054496417533
2	1682.3116650551917
1	1705.4093208185789
1	1705.6025003439745
1	1721.4776941154298
1	1721.5471217103718
1	1834.5646591198617
1	1834.6599649231557
1	1972.376459683743
1	1972.5365059538444
2	2334.158853837231
2	2346.224152132553
2	2390.9659940952147
2	2414.847385288596
2	2419.408965329279
2	2437.765653479047
2	2447.737100537742
2	2460.6839272387797
1	2493.541861954804
1	2501.497663436181
1	2542.7335053633483
1	2542.753261109325
1	2543.242073963313
1	2551.2027308198726
1	2881.225425162818
1	2894.6718072976714
1	2931.657039212498
1	2944.3619571259146
1	2973.7536467120635
1	3023.557764677734
1	3053.702465160715
1	3053.861116681772
1	3111.8760932168416
1	3161.750612627202
2	3186.0917040819363
1	3189.3740036839686
1	3189.530518318478
2	3193.1822410081268
1	3339.643600992464
1	3339.7860139642307
2	3444.937256102359
2	3470.010346495132
1	3514.6718566872883
1	3514.8239115521537
2	3559.45196234327
2	3583.6801995650153
1	3641.6360435862307
1	3641.827978678878
1	3786.366875677001
1	3786.5775270536888
2	3810.7876302273075
2	3811.2303844369912
2	3834.1713751361303
2	3867.5664626843654
2	4017.2442545016456
2	4037.989439033931
1	4190.642181143443
1	4240.491305547202
1	4340.508677870825
1	4340.685111557865
1	4398.300144537292
1	4398.536283780661
2	4452.236227584685
2	4463.906343862707
2	4475.126958460468
2	4492.328182893527
1	4636.751704380101
1	4636.848859604544
1	4656.449968491022
1	4656.486662288901
1	4714.812236857704
1	4730.160074084623
1	4764.680639343145
1	4780.641756254044
