1	80.43266021504007
2	114.22502995638551
2	114.28552978466661
2	114.36787220599588
2	114.3997372505539
2	114.4157236051105
2	114.4369796328146
2	114.48729337323337
1	120.24240672369665
1	120.44693781110854
2	143.23726061480482
2	143.24148166461933
2	143.28221302566047
2	143.30939900139632
2	143.3681332205991
2	143.3791277659525
2	143.4474153144814
2	143.4616741152899
2	143.50845259497683
2	143.56335880324193
2	143.59954949936488
2	143.6335889756107
2	143.6643783873927
2	143.7484309966696
2	143.83161783024937
1	150.58047711700073
1	150.66665415665588
1	150.78685749990814
1	160.5203644103945
2	172.480328469046
1	181.08214331188222
2	201.35340550357935
2	201.41450486704198
2	201.4315315828678
2	230.38764349355756
2	230.45538586764607
1	230.6442336444566
1	250.1339560979315
1	250.49512729285883
1	251.02015759888414
1	251.110985427272
2	259.3959780061792
2	288.4140884101102
2	288.43390804948234
