1	80.21207214623645
1	110.50593879672525
2	114.85285413817921
2	114.90895621780881
2	114.9468881541717
2	114.94945719124071
2	114.98107622351634
2	115.07496283543034
2	115.08247739526406
2	115.12778717438937
1	120.12768959781121
1	120.2878460560336
2	138.6488866020458
2	138.7160038871613
2	138.72633319620422
2	138.75141973149815
2	138.82041277835432
2	138.90716261786886
2	139.00055829032453
2	139.09576341870218
1	150.12936187728866
1	150.22531371594886
1	160.30370474407982
2	162.4776580078018
2	162.61041158489977
2	162.67462612336527
2	162.80246387571145
2	162.8773837676612
2	162.93041862155448
1	180.5297168842175
2	186.30501317936574
2	186.35550960799318
1	200.3286013846115
1	200.34158819478694
1	200.77571257653503
1	201.06436976135666
2	210.15042581070438
2	210.25802538508003
2	210.3230054132491
2	233.94270658286348
2	233.99923227228928
1	250.32709372773328
1	250.5532859280504
2	257.77801731049937
2	281.6536404817003
2	281.65957037219533
