1	80.43217574120135
2	127.3296907972365
2	127.36242469482086
2	127.41592909083674
2	127.48995312464679
2	127.52139666783525
2	127.54796475864978
2	127.59387136608456
2	127.5971416299013
2	127.60596008946007
1	150.4788891727448
1	150.5551055677574
2	156.1884950111918
2	156.24797026799828
2	156.35230710671127
2	156.36414793875915
2	156.46736264330207
2	156.48913312239625
2	156.55716487699655
2	156.55913876189882
2	156.62897514568735
2	156.69503075793446
2	156.8335413429982
1	160.4074128964775
1	180.87331364626942
2	184.9280969865551
2	185.02665762545462
2	185.05367973278442
1	200.61166970323816
1	200.62225416113313
1	201.42802894540415
2	242.35389777465608
2	242.43124126032808
1	250.7844940750718
1	250.87902355492682
2	271.14536733350076
2	271.22843960851276
2	299.8745079208109
