1	80.50417341666036
2	114.25602900252427
2	114.3294611568754
2	114.37546125407017
2	114.45880509962063
2	114.47334471848329
1	120.4780569289598
2	137.5833956458559
2	137.68032568479856
2	137.8021060093975
2	137.9141162081534
2	137.95492121810355
2	137.9814143039325
2	137.99296285576156
2	138.0500856438805
2	138.14939135968922
2	138.22777870544448
1	150.57292465192884
1	150.669810858219
1	160.46335996112504
2	160.90302581895978
2	160.9327156152084
2	161.03783301525033
2	161.1649973318505
2	161.27429213094908
2	161.34349882360522
2	161.43833915059366
1	180.63634274440113
2	184.1961003785206
2	184.23489195572373
1	200.59349377838222
1	200.82698560586482
1	201.29716101599533
2	207.40242594392723
2	230.69766569032507
1	250.4763601137024
1	250.95063495518664
2	254.02850354229724
2	277.23867020196184
2	277.3150422625121
