2	129.9559972192079
2	244.69141687162806
2	244.74225738780228
1	509.29057798283407
1	511.187149040826
1	539.7058719238861
2	543.3094503911963
1	669.5462752619968
2	1117.3433363297863
1	1160.3279497137548
1	1171.8631346830166
1	1389.389175375816
1	1429.4602031936238
2	1668.5165027317084
1	1705.426513211865
1	1721.361780703579
1	1834.5563738474875
1	1972.6765321983423
2	2334.485067187613
2	2403.3711303990444
2	2403.4133028751594
2	2449.347658686084
1	2542.8923124391144
1	2543.2847904640466
1	2551.341363005704
1	2931.694639456848
1	2944.3492255741903
1	3023.67116363969
1	3053.8585568167664
1	3161.6807309603623
2	3184.238941307539
1	3189.468401266301
1	3339.9076314753656
2	3459.7338364108696
1	3514.9399443180614
2	3551.6359353628877
1	3641.961177493919
1	3786.7198884429854
2	3804.190395238226
2	3850.1255073140796
2	4056.799260538913
1	4240.542207581293
1	4340.805825588829
1	4398.395945562186
2	4447.202791558545
2	4493.1775917973355
1	4636.863086049571
1	4656.599995904488
1	4764.754823699244
1	4780.5197342543515
