1	80.66486251015854
2	108.06956377978861
2	131.03561229920754
2	131.100809589157
2	131.1494065545732
2	131.22719212987508
2	131.24718130398335
1	150.77683976122296
1	151.01695280936147
2	153.91528371421649
2	153.93536494848246
2	154.00582633878693
2	154.02157191036065
2	154.05266705011263
2	154.1956915202128
2	154.28654673541595
2	154.37782699652345
2	154.43936188791062
2	154.4697856415873
2	154.52080183100512
1	160.8213704517426
2	176.8800189924333
2	176.9267235947925
2	177.00043245284277
2	177.10025989461926
1	181.09003166926072
2	199.87522402711016
2	199.94338688738299
2	199.94976876165435
1	200.17565087263168
1	201.26654066672378
2	222.8283761932679
2	222.91951580674672
1	230.87611959762557
2	245.63477905781562
1	250.43364946530036
1	250.48494190352358
1	251.0744496614076
1	251.37736248716067
2	268.5604919922669
2	291.4928859402891
2	291.53839006235586
