2	138.0843414513
2	230.99151348859164
2	231.05512499224656
1	509.4174636401419
1	511.1737932137193
1	539.6653179344
2	556.0977037468548
1	669.5595736121439
2	1113.4839763947602
1	1160.4734856144732
1	1171.930969754706
1	1389.3958942049123
1	1429.493181577521
2	1670.8926333090633
1	1705.4224439566399
1	1721.4282854080632
1	1834.6089729094904
1	1972.6410724314085
2	2321.1865570659056
2	2390.9022474115927
2	2414.0883501443677
2	2437.398341565578
1	2542.740656731768
1	2543.2905619281005
1	2551.303644372742
1	2931.6142891597297
1	2944.3406113386964
1	3023.5280382527358
1	3053.939918752389
1	3161.767120150017
1	3189.5920448165375
2	3203.7552378011706
1	3339.7607656603986
2	3482.503022807904
1	3514.8543404337897
2	3575.406269235985
1	3641.9174371747504
1	3786.6720729522326
2	3807.5749954083735
2	3830.820633706543
2	4039.841290080814
1	4240.588288614226
1	4340.67529916061
1	4398.339468671043
2	4457.929689744611
2	4481.175794707022
1	4636.869554785215
1	4656.552978651706
1	4764.731589721852
1	4780.548865913131
