2	108.31545459876429
2	114.86378931148398
2	127.13967871562163
2	205.97721487767126
2	222.42685210543036
2	225.5266763146914
2	246.27203674543705
2	272.4188632954122
2	274.3112588960454
1	461.08680386777604
1	461.10277868119795
1	461.1840180453227
1	489.15814538831756
1	489.57953607924463
1	509.272897774717
1	509.3612543520869
1	509.440214952773
2	532.2920398647286
2	547.7916150907932
2	553.8905046272223
1	619.5253639039119
1	619.6286353391502
1	619.6298067211072
2	1094.7253374220875
2	1104.3370431839635
2	1116.6348741954607
1	1160.391391149682
1	1160.405366789432
1	1160.4059147343974
1	1171.6419715318016
1	1171.6741701707451
1	1171.754991276575
1	1389.1440731561775
1	1389.261968253489
1	1389.3561557217865
1	1429.344228762275
1	1429.4427514915549
1	1429.5157164833242
2	1664.402815609735
2	1676.5140963115855
2	1679.4560486039345
1	1705.2916809521844
1	1705.3225867252845
1	1705.421149220394
1	1721.2149686656167
1	1721.306128738701
1	1721.4010397976763
1	1834.3610538254425
1	1834.4290812971437
1	1834.4880681844663
1	1972.2990428073078
1	1972.348168773386
1	1972.4134797275112
2	2319.9924660487172
2	2336.084544979233
2	2347.9512043097175
2	2391.577456814045
2	2406.5320630323263
2	2415.345232929822
2	2416.3260104123833
2	2429.876357286764
2	2439.1592258174505
2	2439.2458434743326
2	2439.27901913308
2	2453.377408702463
1	2493.339604955951
1	2493.357916991471
1	2493.4445351098825
1	2501.345321316209
1	2501.4374172975786
1	2501.5123127574084
1	2542.5237333346877
1	2542.5384121904312
1	2542.545779092777
1	2881.5843312642546
1	2881.680855255699
1	2881.6847900463094
1	2894.345016641543
1	2894.381867423839
1	2894.4220300281063
1	2973.554310020272
1	2973.6405209069094
1	2973.6802077178763
1	3053.4818258508462
1	3053.549023746204
1	3053.5523513884204
1	3111.6356636570154
1	3111.7126785152864
1	3111.7741698603822
2	3177.9804404936426
2	3180.317561195649
1	3189.2596825718265
1	3189.3810683890338
1	3189.4429334876263
2	3191.118596086939
1	3339.5164098095393
1	3339.518109022097
1	3339.586847787074
2	3461.7279997254955
2	3464.065203850918
2	3464.571415383762
1	3514.432757270968
1	3514.5159198516703
1	3514.519772339008
2	3624.1313691165296
2	3630.9034435350977
1	3641.485989035667
1	3641.5404176402767
1	3641.561154814426
2	3649.360391800876
2	3771.634536281224
1	3786.2986465799163
1	3786.312960825645
1	3786.360597918705
2	3797.72550284415
2	3869.2403614932937
2	3874.6770425412096
2	3883.847701810864
2	4034.2333514320344
2	4036.076439715653
2	4048.053202989306
1	4190.432729801558
1	4190.534969822525
1	4190.550500969073
1	4340.273398103946
1	4340.315070464456
1	4340.370005790528
1	4398.266021647712
1	4398.300715910465
1	4398.397872320472
2	4441.341325211427
2	4444.385648486431
2	4446.724496351968
2	4488.9380862040225
2	4489.961183047465
2	4493.585396926226
1	4636.510281705748
1	4636.537578461356
1	4636.604960261321
1	4656.269416780221
1	4656.29737314634
1	4656.347953103079
1	4714.237975322689
1	4714.679650688505
1	4714.739638279444
1	4714.834276926951
1	4730.513747471996
1	4730.536196307194
1	4730.571793905675
