1	80.68511801813928
2	118.81839295264865
2	118.84502645146472
2	118.84605714373588
2	118.93006196923066
2	118.93404647484809
2	118.93484214564202
2	119.0322879654266
1	120.59267114502423
2	148.0389697808881
2	148.08468741890638
2	148.11987290507278
2	148.21028415843082
2	148.37444561563018
2	148.45207874855132
2	148.51178472389333
2	148.5262469722672
2	148.57935582034136
2	148.64453394092766
2	148.68622818594142
2	148.75434312600316
1	150.91300807507668
1	151.00817297361303
1	160.85513176341644
2	177.15856842649777
2	177.26574010066113
2	177.34969494328126
2	177.42271928920118
1	181.12904214462026
1	201.30923761807804
2	206.28588022751583
2	235.50448405657806
2	235.73411928937458
1	250.53682386666637
1	250.60214067694346
1	251.20970722421208
1	251.40124156134414
2	293.8117459208726
2	293.82905777881757
2	293.8651617899248
