1	80.37809167553728
1	80.5770449887583
2	102.1679670299336
1	110.34800442423739
2	119.89279110841215
2	119.96522705829486
2	119.96869116819141
2	120.02168580819338
2	120.04811754477406
2	120.11611451952724
2	120.1450049497404
1	120.2164717874874
1	120.52845367205306
2	126.04775387790464
2	126.1152356821377
2	126.20765615586114
2	126.28010695885546
2	126.32375748896315
2	126.42311259890602
2	126.49139353553959
2	126.51176405002319
2	126.5869167337806
2	126.5933630375085
2	126.65001783806848
2	126.72946728117842
2	126.77491518689449
2	126.77780769803223
2	143.10672072909685
2	143.14619266257282
2	143.196685959055
2	143.23408188087083
2	143.33159368607022
2	143.412495752106
2	143.49749030893838
2	143.49801063276647
2	143.5365977037763
2	149.80980346622908
2	149.98713215203696
2	150.16151714179958
2	150.19703108964012
2	150.27078603988215
2	150.28152805229317
2	150.33156332251215
1	150.37220720654028
1	150.46252202068757
1	150.59571807282154
1	150.68162228879885
1	150.8928437955089
1	150.9251421834886
1	160.3502461686592
1	160.73432932281648
2	166.4511233027337
2	166.57035726819302
2	166.67715066283185
2	166.75207169449328
2	166.7891585392524
2	166.8873612650412
2	166.8901842252238
2	173.69652785964604
2	173.88728385894788
2	173.96787946392752
2	174.0125880543023
1	180.41733458184794
1	180.8244469304927
2	189.4753852010536
2	197.53130491279347
1	200.41286825329428
1	200.68361368497833
1	200.84931726248067
1	200.954225946469
2	212.64660625412165
2	212.7745371537405
2	212.91072599343977
2	221.42075865227304
1	230.7063300505314
2	235.9163437927243
2	245.1734635821459
1	250.21238533125572
1	250.37765832411694
1	250.56203613437765
1	250.6509643765046
1	251.04617180435986
1	251.2744680338285
2	268.9815270180169
2	281.88236779236604
2	281.8892309533302
2	281.9406765708035
