1	80.39834830814975
2	91.60030141045964
1	120.15818117161156
2	139.4337466601705
2	139.51886146525524
2	139.53193165713202
2	139.55210253952006
2	139.59146077990144
2	139.65903086884714
2	139.73185154473634
2	139.8233083282349
2	139.83455100339668
2	139.86746597774422
2	139.93166955791267
2	140.01418457157644
2	140.10256334185988
2	140.14342378665626
1	150.51193142668896
1	150.69211827278625
1	150.78657592854952
1	160.45255903497625
2	163.57126896245575
2	163.65273952569686
2	163.70061402581342
2	163.76240670561413
1	180.23337358796724
2	187.28865094805283
2	187.32689558371663
2	187.3416076948675
2	187.3422328747596
1	200.45713100379035
1	200.46000049865572
1	200.5949660672342
1	200.7391176657734
2	211.25408659651558
2	211.28774747461543
2	235.11090175256615
2	235.13163339558764
1	250.16592425958046
1	250.73036005724552
2	283.0036184892767
2	283.0081882870621
