1	80.25987168455944
2	110.57562873588321
2	110.5847434459345
2	110.58488520653802
1	120.19158449153211
2	133.53012203459804
2	133.54821760844527
2	133.6155183325903
2	133.6975809995731
2	133.7414031058349
2	133.75390959225956
2	133.8351764525687
2	133.85043428172497
2	133.89124798655868
2	133.9536605241086
1	150.19013895448583
1	150.3006020141874
2	156.50626762484004
2	156.571614766549
2	156.61271371682056
2	156.70583232175167
1	160.47638937006963
2	179.37821475945825
2	179.40005613897463
2	179.51973369312142
2	179.5977986962093
2	179.65554239866378
2	179.67805423778668
1	180.5849145385378
1	200.23958182699906
2	202.26215508923806
2	202.35507868434703
2	202.41266967364336
1	230.6367609272095
1	250.21328952275522
1	250.9794683702165
1	251.10607414541175
2	271.00328016041107
2	293.85404503101967
2	293.86056520291464
