1	80.36172190364464
2	131.87724903923444
2	131.91280674538112
2	131.97656992457615
2	132.0589802421981
2	132.1258076427769
2	132.14545542932981
2	132.2238560458829
2	132.28434491267933
2	132.32304843955757
2	132.33064310602524
2	132.37690737235042
2	132.4317689256208
2	132.52543208831605
1	150.341854323681
1	150.60508238586075
1	151.190072999952
2	155.22133892259413
2	155.27405774987517
2	155.49981455459206
2	155.57042053251993
2	155.60456839374095
2	155.64582056815203
2	155.72833190056693
2	155.8245130655762
1	160.4917488571682
2	178.54830611734909
2	178.64630526823316
2	178.74471613512827
1	180.75947838469745
1	200.50279593521378
1	200.72312835455395
1	201.4240103416117
2	201.7890868058976
2	225.03876734636478
2	248.3331660425638
1	250.51272039348544
1	250.7461546792198
2	271.5851545249849
2	294.89193287986245
