2	135.81997828971024
2	231.1153707907674
2	231.21500235628406
1	461.31866787144764
1	489.4238754123093
1	509.3758947440719
2	540.7718886818121
1	619.3916963262627
2	1112.4640601218255
1	1121.6901234408126
2	1136.310437686948
1	1160.3700015571653
1	1171.8208237857236
1	1389.3765554081117
1	1429.3553610423082
2	1660.458802937762
1	1671.3107533344794
2	1684.230703050671
1	1705.4758710998844
1	1721.3209058106895
1	1784.3367661661664
2	1803.3054341449279
1	1834.5162158088256
1	1922.583070212766
2	1946.286717015104
1	1972.405988534424
2	2327.4044800208294
2	2398.8735868517106
2	2398.896919254924
2	2422.69884729183
1	2492.537119069304
1	2493.455969258181
1	2501.4047533499997
2	2517.962745747814
1	2542.566347432989
1	2881.4512012881682
1	2894.560810140502
1	2973.62628452964
1	3053.5789675046112
1	3111.498374231535
2	3184.982902071306
1	3189.4715751995695
1	3289.624895528085
2	3304.1594951503675
1	3339.6094120251355
2	3447.055944364547
1	3464.4399380295713
2	3494.644065409404
1	3514.582990728694
2	3542.336790294713
1	3591.556128751853
2	3613.8177740802
1	3641.638251347214
2	3780.5230291526354
1	3786.3766286456125
2	3828.1881675016252
2	4018.739571175839
1	4190.283619054096
1	4290.5304841705565
2	4304.598210596391
1	4340.3663818630885
1	4398.434150905612
2	4447.583948469797
2	4471.413025638751
1	4606.072137844941
1	4636.646181472497
2	4638.15670445436
1	4656.402058151971
1	4714.50641084638
1	4730.514295842538
