2	113.80369448422762
2	233.04906718992373
2	257.0638782892912
1	461.1730108032042
1	489.597466085394
1	509.31919390600945
2	543.3650318849698
1	619.5223529593053
2	1116.1369194631843
1	1160.293199321095
1	1171.6372586867326
1	1389.2824392751454
1	1429.3741233586757
2	1641.1821699079069
1	1705.2266564531674
1	1721.2843793196614
1	1834.2834484119269
1	1972.2538022702704
2	2333.3041373090336
2	2404.823929607414
2	2428.7399296141075
2	2428.920742132272
1	2493.2076277226083
1	2501.2990230061855
1	2542.462931600711
1	2881.609497007041
1	2894.298898150828
1	2973.5403085579264
1	3053.448345091085
1	3111.6214781899416
1	3189.3607282961025
2	3192.432198590171
1	3339.423522820192
2	3478.754550657377
1	3514.4220615557515
2	3598.1658700967932
1	3641.532032713895
1	3786.27810107312
2	3789.034808800379
2	3860.668867903145
2	4027.69555483695
1	4190.511000232844
1	4340.3205316861395
1	4398.177424385694
2	4457.273574733402
2	4505.049205653986
1	4636.515850012587
1	4656.318663858152
1	4714.644661025724
1	4730.719184371158
