2	136.86091924888777
2	229.32422463938104
2	229.39877648121097
1	509.684002954535
1	511.3844643606771
1	539.9471719991609
2	552.9401493541228
1	669.8357500002076
2	1107.5731411996255
1	1160.7463701630877
1	1172.1932486062885
1	1389.7039144632772
1	1429.8462876813085
2	1639.2565465309192
1	1705.96902806244
1	1721.8041847023596
1	1834.8798004597845
1	1972.82968695035
2	2332.5824391543065
2	2401.941056901252
2	2401.96166919071
2	2425.0249932730253
1	2542.7550457531465
1	2543.543122577783
1	2551.616903365394
1	2931.8940780374737
1	2944.639741548037
1	3023.9322137438467
1	3054.024315743097
1	3161.894742707685
2	3187.8252345553556
1	3189.93934016881
1	3340.103131053915
2	3465.1786271971428
1	3515.2153320238776
2	3557.6367645468163
1	3642.1541968943598
1	3786.921743856901
2	3788.7100511969716
2	3834.9792776258246
2	4042.9183567408986
1	4240.835390146088
1	4340.904839461269
1	4398.847821284424
2	4458.960168504699
2	4482.101543483893
1	4637.1864782747725
1	4656.734711361293
1	4764.801937644167
1	4780.852542492387
