1	80.24742468357307
2	128.48660466249316
2	128.52771826822152
2	151.35699234113218
2	151.40106598402258
2	151.4680107439894
2	151.53072544887905
2	151.69811715245618
2	151.71718000443732
2	151.7294279341632
2	151.79502101165536
2	151.81455022959332
2	151.8645814397301
1	160.35884592454642
2	174.16257162034483
2	174.23566238680624
2	174.25894412613863
2	174.29257049508234
2	174.347266194561
2	174.39117722795734
1	180.71027480977747
2	197.04820117526242
2	197.1391837436617
2	197.1809808308061
1	200.09946786074414
1	200.20306544932052
1	201.36482738634368
2	242.69897975733525
2	242.79596206729047
2	242.859633382745
1	250.36836971928668
1	250.55524454618916
1	250.63312037696156
2	265.633583049985
2	288.409390718822
2	288.5025960448837
