1	80.39504969124386
2	115.91174759719533
2	115.96524294342744
2	116.02237849154503
2	116.08088932327092
2	116.13063819524744
2	116.22919420486913
2	116.317568749041
2	116.41431354393781
2	116.49556312078424
2	116.57411741158161
1	120.30284706217226
1	120.53124325340676
2	144.63268252390117
2	144.76756302444795
2	144.79840926694476
2	144.8787324818509
2	144.94107240303512
2	144.95610611009798
2	145.0231570511766
2	145.07267703130418
2	145.1109733979523
2	145.212401235868
2	145.30514295077177
1	150.39973515071964
1	150.48114579639773
1	150.55168319700184
1	160.4886725817571
2	173.3877625840167
2	173.51636462091497
2	173.53473668375938
2	173.61723528541268
1	180.679452923106
1	200.38063691652553
2	202.0825304838035
2	230.69507115865667
2	230.8469050269159
1	250.10437321364378
1	250.38696582879945
1	250.97064235177078
1	251.18745046919034
2	259.35674548996025
2	259.4004663199562
2	288.0002019608218
