1	80.18621860043879
1	80.37414060181091
2	115.43249547126538
2	115.4552757825628
2	115.50554998794016
2	115.55437532705908
2	115.59067178395632
2	115.67851412898828
1	120.35411729718031
2	135.7594097899721
2	135.77573926050835
2	135.8169086314932
2	135.91049200631693
2	135.9509486913921
2	136.00197209024088
2	136.05472719998343
2	136.13768684493297
2	136.2308381735309
2	136.2594436762024
2	136.31604035386374
2	136.346764152458
2	136.41513655936885
2	136.50923287738738
2	139.26051558097618
2	139.37315861369314
2	139.41880005863177
2	139.45812957417633
2	139.57228207088704
2	139.63358333522737
2	139.6614350197108
2	139.69068809657622
2	139.77358610000223
1	150.12535862658507
1	150.14064191660168
1	150.32845818787433
1	150.43942610695404
1	160.22275187821137
1	160.45477933519214
2	163.07628745876252
2	163.1253706695404
2	163.2914727517158
2	163.35318365964676
2	163.42483274444328
2	163.4479074548238
2	164.55650432044337
2	164.64321247467595
2	164.66668766485537
2	164.82790725261478
2	164.89492653917642
1	180.62456606003408
1	180.78181224142602
2	186.87612516975935
2	186.94089587984098
2	192.96066959852482
2	192.9879005040789
2	193.06501259598465
1	200.0237234827571
1	200.14807442322663
1	200.3050079811385
1	200.39342646387118
1	201.1749012175824
1	201.35353926645672
2	210.7620269444007
2	210.89842340962497
2	210.9430789733751
2	221.4241398731006
2	221.44693852506677
2	221.50027671391896
1	250.3774232230645
1	250.49627888872303
1	250.58185105058095
1	250.7646512988836
2	258.3950345301464
2	278.5594471922732
2	278.64675731862525
2	278.70241403396716
2	282.26810947418784
2	282.3123336291073
