2	113.06371058135849
2	120.33289893570176
2	214.13315828285678
2	225.42973488712303
2	253.5076114306983
2	261.0726371673627
1	461.17247302220466
1	489.72154762885157
1	509.40541952506857
1	509.6381235927942
1	511.3837736902539
2	534.4613797293575
1	539.9797596073645
2	542.5332442480083
1	619.6451618234947
1	669.7498984410261
2	1096.0897524356433
2	1128.9658142535143
1	1160.4086767016927
1	1160.9313190049734
1	1171.655901485433
1	1172.2800677750336
1	1389.2015266871965
1	1389.7782673236222
1	1429.3664504474236
1	1429.898831212759
2	1657.8579051734928
2	1668.4976223994918
1	1705.2744242696124
1	1706.0532599155058
1	1721.331682779398
1	1721.741921593798
1	1834.471610461476
1	1834.99708712472
1	1972.312374941294
1	1972.8078528124695
2	2325.339941517773
2	2331.862485880437
2	2416.1277893562706
2	2416.163344434214
2	2419.132946962018
2	2442.5898863219686
2	2442.636350580744
2	2444.275195502938
1	2493.323340118994
1	2501.442287614769
1	2542.531671623082
1	2542.5387388750246
1	2543.6494602013036
1	2551.7178703802897
1	2881.7391161562073
1	2894.411275380607
1	2931.957412136312
1	2944.679023816791
1	2973.5668718034626
1	3024.0629602383024
1	3053.4715791055755
1	3054.1178645047335
1	3111.664924262751
1	3162.028729378403
1	3189.396279903279
1	3189.995362930573
2	3193.282524032731
2	3202.5985459078433
1	3339.5626761402627
1	3340.152090752585
2	3451.34237480197
2	3483.4625754396416
1	3514.3565560206935
1	3515.2027763092583
2	3567.7177798162984
2	3615.4906208434163
1	3641.478655965903
1	3642.241735608821
2	3779.687272748684
1	3786.362974028407
1	3786.965817677728
2	3792.3804763014455
2	3820.502792268943
2	3873.5020441971806
2	4017.1338536217454
2	4037.6873235578432
1	4190.601663958432
1	4240.799440383836
1	4340.4202672800175
1	4340.900002648348
1	4398.315071651004
1	4398.818687092111
2	4436.5168337095165
2	4466.4646204673445
2	4483.38396308087
2	4494.61694108353
1	4636.527916448168
1	4637.196651067809
1	4656.334825556564
1	4656.8995144607525
1	4714.698833996108
1	4730.559099526287
1	4764.848387856622
1	4780.902770771166
