2	110.33058524201257
2	205.64040457995088
2	253.34584892515585
1	461.031524671149
1	489.63193437268245
1	509.22847828551807
2	539.3113353612134
1	619.6150488092874
2	1087.5665828060994
1	1160.3525433260193
1	1171.6174956109
1	1389.1914948636452
1	1429.3733742774677
2	1659.5613486359437
1	1705.3205208149627
1	1721.2594596000804
1	1834.399765527643
1	1972.2480214484697
2	2326.9831083368963
2	2398.493762726274
2	2422.325260031818
2	2422.364293599628
1	2493.30434722484
1	2501.323094334348
1	2542.5076790976896
1	2881.5747701039745
1	2894.304680814237
1	2973.5283144735517
1	3053.454115447939
1	3111.6122969086105
2	3184.985242692358
1	3189.283806052062
1	3339.5309512684125
2	3447.2024297486378
1	3514.3550814990804
2	3614.110787510089
1	3641.4882713378756
2	3780.866300809397
1	3786.244963168415
2	3852.411913372728
2	4019.220598369815
1	4190.514255273059
1	4340.3221172358535
1	4398.239997590641
2	4424.4668062163755
2	4472.106901717074
1	4636.531429422326
1	4656.2888406633065
1	4714.6211386872865
1	4730.510777150359
