2	120.54537560752232
2	238.05115667195392
2	238.1162475438484
1	509.5476449189165
1	511.17362991626874
1	539.8137272045076
2	543.5540126603632
1	669.6541106074042
2	1107.6087670383088
1	1160.4786075168286
1	1171.9865692372812
1	1389.4074455919342
1	1429.5484795072653
2	1671.5959179090848
1	1705.614861988472
1	1721.5153877665446
1	1834.616629757948
1	1972.64943099456
2	2329.7004995492607
2	2400.1490481306487
2	2400.242551527665
2	2447.174798499215
1	2542.8012103197902
1	2543.4110783814644
1	2551.288913375876
1	2931.7144672416716
1	2944.4870459428785
1	3023.6442653724116
1	3053.868877769253
1	3161.829607126473
2	3175.7538029862426
1	3189.675449515045
1	3289.3838038800827
2	3316.6634754866536
1	3339.9107678522614
2	3457.6934526309005
1	3464.2264777461523
2	3551.7294724836843
1	3641.951729306099
1	3786.628146734591
2	3786.7630474434327
2	3833.7667961534585
2	4045.2713905706178
1	4240.570269679461
1	4340.67083110666
1	4398.6652354712105
2	4444.73919207667
2	4491.805643120032
1	4636.858510747419
1	4656.544346830091
1	4764.742725370027
1	4780.546730962388
