1	80.34546201154261
2	112.48743609587878
2	112.50166307118113
2	112.50699097870879
2	112.53361743003275
2	112.6188785768892
2	112.70384630152186
2	112.70786675300971
2	112.75158473989121
2	112.80291448306946
2	112.89701785886535
1	120.25759149750208
1	120.45355548745343
2	136.13448546589086
2	136.19310720345118
2	136.22429315428693
2	136.2598197016801
2	136.26204407515087
2	136.30361696953187
2	136.47393425704576
1	150.24779954114854
1	150.46008343038926
1	150.55662885329556
2	159.67692833123922
2	159.85403243211903
2	159.93676612269712
2	159.98500210861968
2	160.08017880876923
2	160.1609872100388
1	160.63781595937135
1	180.73243403947396
2	183.31342424269872
2	183.49206018143502
2	183.5563184461628
2	183.6888379871264
1	200.2291844739884
1	200.27314114275447
2	206.85628984661363
2	206.85891777873485
2	230.39446188718085
1	230.66581205857693
1	250.17543544822243
1	250.4948597649272
1	250.98597426863319
1	251.1828038477617
2	254.01242585666301
2	277.6692441543656
2	277.7076408342268
