1	80.31770898078963
2	108.05532576420245
2	108.13147295925971
2	108.19629123537149
2	108.26968895896377
2	108.3281145448588
2	108.38648259644063
2	108.44388540877887
1	120.22083507591492
1	120.44662209490423
2	131.47538400332184
2	131.50859924407928
2	131.51222033320573
2	131.56133173226468
2	131.64206211530498
2	131.64415420728236
2	131.70222460534058
2	131.7428258058649
2	131.76239214143774
1	150.3636140244299
1	150.36595126197963
1	150.44004385287818
2	154.95382086661422
2	155.02476153031066
2	155.12386624066022
2	155.23055923807448
2	155.2777209955352
2	155.28039621970265
1	160.38763982115475
2	178.2924318456661
2	178.34490538037514
2	178.36479679168775
1	180.69340661412312
1	200.38156480264672
1	200.5145296061457
1	201.30883022284962
2	201.79861703148612
2	201.8796251354222
2	225.31516208741073
2	248.63539270390223
1	250.53568182720076
1	250.5577515656726
1	250.591064693293
2	272.0043425891933
2	272.03345259271356
2	272.11926567577615
