1	80.41209186883175
2	104.06825675798724
2	104.07470230557155
2	104.15168393777532
2	104.18604790904872
2	104.26962429515306
1	120.45150612398248
2	127.6055740763576
2	127.6057641035806
2	127.66429784461091
2	127.77283224788869
2	127.78550879494969
2	127.8233881577114
2	127.87197754529507
2	127.91278197738879
2	127.98014608130933
1	151.02775963762883
1	151.02946123968886
2	151.23551033764582
2	151.2433171221876
2	151.36583288793233
2	151.38078039852388
2	151.46813308630448
2	151.5111023437983
2	151.6641686177688
1	160.42505990109092
2	174.68253641124184
2	174.73775371794403
1	180.62592489331453
2	198.19464991461606
1	200.47630036321274
1	200.73411787292244
1	201.204269571218
2	221.76933108984636
2	245.20549720590634
1	250.6079669988325
1	250.81493364948074
2	268.6857571899979
2	292.156541551911
2	292.2035660288432
