1	80.5421328819242
2	105.381777291607
2	105.38531320638259
2	105.41322700764219
1	120.54708067339274
2	133.65417518672353
2	133.7239858387091
2	133.73834424292883
2	133.81903474485986
2	133.84378815420155
2	133.9313335921196
2	134.02257192022535
2	134.04298947308743
2	134.09851719049817
2	134.15288700980895
1	150.64289601707915
1	150.76536127534152
1	150.91758010849318
1	160.4269942943348
2	162.01551556828056
2	162.1098309970393
2	162.22906435527335
2	162.38491947608452
2	162.50803624274465
2	162.60209165276478
2	162.660939931205
1	180.9467894734963
2	190.29268214263595
2	190.36770900021565
2	190.45407604446885
2	190.5239600203882
1	200.16520042459672
1	200.71706429551168
1	201.53030915042575
2	218.68904639683683
2	246.96266689732548
2	247.00955607779463
2	247.0365199170773
1	250.58359723347561
1	250.82575715275806
1	250.9882894816901
2	275.2224322379221
2	275.38662363506506
2	275.4245003069862
