1	80.36088915622983
2	98.11313404065186
1	110.41980065372476
1	120.17286144514283
2	121.93344082345371
2	121.95232488091845
2	122.01232839689965
2	122.06142664202743
2	122.1142027538234
2	122.13615221318665
2	122.16338846164052
2	122.26170725003331
2	122.35309792882558
2	122.36298291308977
2	122.37992297039662
2	122.42310594488953
2	122.49757492286463
2	122.59060829548243
2	145.83946693580526
2	146.07084100952525
2	146.16069788087844
2	146.16080732151718
2	146.22849430090218
1	150.4938833444108
1	150.57771509765362
1	150.6819986583477
1	160.3723021787922
2	169.67593056722723
2	169.67840921118255
2	169.7488861527213
2	169.80632926584823
2	169.90380429866605
1	180.41232121200068
2	193.41672916502864
2	193.42110542345716
1	200.41497648115825
1	200.73043269184075
1	200.86463511743776
2	217.38012574064126
1	250.44278712295176
1	250.55446758007312
2	264.92013318989757
2	265.0122448321031
