1	80.24254774957399
2	104.33799768173269
2	127.52075921475864
1	150.2364965058948
2	150.70133220208842
2	150.75303159422862
2	150.8020835466774
2	150.8044971416517
2	150.85827872232812
2	150.95400996147012
2	150.9689825539954
2	151.058706762194
2	151.0754417116395
2	151.15747654318392
2	151.18195991215973
1	160.59353112580473
2	173.7629210819663
2	173.82502055798466
1	180.6915523511859
2	196.98891888383753
2	197.0212523204637
2	197.20497637097182
2	197.2819999359927
2	197.28367128869428
2	197.34231388588617
1	200.18937235260972
2	220.05736703335373
2	220.1035444470458
2	220.11284776538892
1	230.6349773209211
1	250.22219543235335
1	250.99659136598464
1	251.13831294116974
2	266.36118519410184
2	289.4810162458549
2	289.5597988466795
