1	80.20364555272006
1	80.32457695622766
2	87.46703172276342
2	111.29341355344259
2	111.35891503702447
2	113.53600625828145
2	113.61023933611307
2	113.70531278643183
2	113.77215141399378
2	113.81829870277693
2	113.88721403925284
1	120.1586647606425
1	120.39278176189474
2	135.1787175261485
2	135.25173866729497
2	135.2917311908556
2	135.34741641017507
2	135.4204500308365
2	135.4699901462275
2	135.56174583826768
2	135.66171437271575
2	135.69113372318873
2	135.77893396520423
2	135.84345064999027
2	135.92234562099992
2	141.6037520352343
2	141.67907941377325
2	141.77781239629317
2	141.8176711840079
2	141.90204332539275
2	141.96263903286757
2	142.06824391189542
2	142.10960414286296
2	142.20261848409686
2	142.23953702766084
2	142.31626599769908
1	150.08020767261803
1	150.20041271187532
1	150.50937618945542
1	150.5188803563722
1	150.61248833740262
2	159.00462123618217
2	159.06885570421053
1	160.3180381016133
1	160.54565214232088
2	169.89431440155263
2	169.94931149213434
2	169.99337004690466
2	170.08773152141293
2	170.24349482784822
2	170.26748668108047
2	170.31908127289853
1	180.5406381202697
1	180.84209925735652
2	182.91280206511502
2	182.98839521000906
2	183.22028947885687
2	183.26054886491508
2	183.3273952260912
2	183.42345952316373
2	197.95398668541833
2	198.16087018898347
1	200.17114747802245
1	200.33115443704565
1	200.34106397856567
1	201.3600362539919
2	206.70313683387812
2	206.72061986966528
2	206.7318074476335
2	226.2542961571564
1	230.59425643985713
1	250.1308337447183
1	250.4927317210186
1	250.51081928256357
1	250.954624913319
1	251.12487371761972
2	254.2153508047408
2	254.4789301208359
2	278.33186234185615
2	278.3462555264355
2	282.30272839638496
2	282.395195259565
