2	133.7898409089871
2	248.87654230001235
2	271.9099290696663
1	509.43753629736017
1	511.10202312252665
1	539.6977183823847
2	571.0621682038319
1	669.6115398256562
2	1123.2503221940426
1	1160.4746681939876
1	1171.9192754724672
1	1389.3786363826277
1	1429.5404955119047
2	1675.4983789083137
1	1705.3450690259804
1	1721.5073618824629
1	1834.5255891709983
1	1972.635588634166
2	2342.901873596291
2	2411.8628402730983
2	2411.864486052103
2	2457.8877977843813
1	2542.8223891843654
1	2543.237086634761
1	2551.3120621584108
1	2931.6738628114513
1	2944.3815675006804
1	3023.4913643671443
1	3053.8420651201604
1	3161.7038512781846
1	3189.5109210859127
2	3194.221728750403
1	3339.7520592961055
2	3493.383020664423
1	3514.839453155618
2	3562.3932890065644
1	3641.916414523082
1	3786.6664374808647
2	3792.582638183916
2	3838.5774337828466
2	4022.696173050766
1	4240.594797352924
1	4340.7395821588425
1	4398.301126784991
2	4459.823215809508
2	4482.878440711446
1	4636.863780954955
1	4656.550326730617
1	4764.638390203984
1	4780.575886974324
