1	80.20585708923316
2	102.36754445233717
2	102.36957307911277
2	102.37940541958132
2	111.44657362687006
2	111.45384405283474
1	120.09953578787025
1	120.16046721715226
2	126.2304833431254
2	126.28877182569347
2	126.35397750907747
2	126.40680073711809
2	126.48303430365317
2	126.565241449738
2	126.63868760033633
2	126.67859197138385
2	126.71536296378814
2	126.73607113514502
2	150.24034327599307
2	150.24801741576283
2	150.33477965219478
2	150.35195910496415
1	150.39231875204402
1	150.46938043077415
1	160.49378661828698
2	173.98704842908688
2	174.04008345661813
2	174.2388318043776
2	174.25650020394815
2	174.32871509131942
2	174.36765304775747
1	180.6208738225272
2	197.8235701398443
2	197.83755186700253
2	197.90766446589967
1	200.17416020779248
1	230.64657678721565
2	245.52785930961664
1	250.1024228706487
1	250.96817370783276
1	251.15044803867124
2	269.41943484275646
2	269.48878833870396
