1	80.23683864819162
2	102.37676474381547
2	102.47353374533613
2	102.50768169983056
1	120.12466509430155
2	126.22696965478447
2	126.23229879362428
2	126.2816117441028
2	126.29586478005318
2	126.38167211033199
2	126.45550127538512
2	126.47384594640147
2	126.53152712343955
2	126.5321694917814
2	126.59186045213156
2	150.15347553490554
2	150.22088435958267
2	150.25346272435326
2	150.3296994731418
1	150.3922131691549
1	150.43667680094342
1	160.51818981243588
2	173.8872110968704
2	173.93529007671273
2	174.13942096417597
2	174.18269717677993
2	174.2039289220401
2	174.2306673180425
1	180.58391174807699
2	197.7357018283548
2	197.825864264691
2	197.91187783439102
1	200.14816234090995
1	230.6604970602308
2	245.52231844062098
1	250.12270218362875
1	250.96090536922736
1	251.15803704913614
2	269.3780304307797
2	269.4426630475105
