1	80.38439113451903
2	106.89122657807569
1	110.59713053673765
1	120.3149915202917
2	130.2257909884424
2	130.27107557495611
2	130.29474400130414
2	130.33349682718546
2	130.4061614981995
2	130.48171283413362
2	130.5682931793259
2	130.59565231153152
2	130.6485145099274
2	130.69019969601044
2	130.69568760148164
1	150.7258266063216
1	150.7709914962472
2	153.52469210059505
2	153.5651952520007
2	153.63933927499235
2	153.77364486067086
2	153.82172257794483
2	153.89173792288392
1	160.41836674166692
2	176.8582661812957
2	176.9377154645857
2	176.99798051295485
2	177.09326106188578
2	177.1439181452593
2	177.1875001541173
1	180.68146798346044
2	200.32111551792147
1	200.51185139040592
1	200.75396970285502
1	201.28252799279662
2	223.59505708809525
2	246.94937269196765
1	250.51096847387967
1	250.62305748840788
2	270.24343066017997
2	270.3331346400898
2	293.6057831938728
