2	103.47726936783103
2	185.7285255920369
2	222.66423626041959
2	233.40982958776934
2	246.5540162679409
2	257.2656879438329
1	461.06759650425295
1	489.6361237258263
1	509.20380176949055
1	509.21525853623797
1	511.1597798252033
2	532.5036542585319
1	539.6003137708271
2	543.5033146327669
1	619.5790647626625
1	669.4998406110565
2	1092.24645404356
2	1104.615055452458
1	1110.3675357607858
1	1160.3104462626309
1	1171.6342409795654
1	1171.883414215466
1	1389.210547137413
1	1389.2533211144437
1	1429.2506919341097
1	1429.3156569806436
2	1640.886837121075
2	1676.719440170185
1	1705.2896246650769
1	1705.3310558844166
1	1721.1863538936425
1	1721.3834000464155
1	1834.3698361344218
1	1834.5176479797437
1	1972.2640523809184
1	1972.505032621759
2	2320.180939660602
2	2332.7284490280886
2	2391.675295027442
2	2404.2825157272578
2	2415.5100680047726
2	2428.1244978381087
2	2439.36909368398
2	2452.03222200467
1	2493.286085189009
1	2501.2937638363223
1	2542.5206423359587
1	2542.701993847616
1	2543.253953726722
1	2551.283076656602
1	2881.626107645524
1	2894.2862172303503
1	2931.6202443202137
1	2944.26137200947
1	2973.461439493684
1	3023.510250712328
1	3053.421750747182
1	3053.76321308843
1	3111.6027638919827
1	3161.632622965521
2	3178.2277501239555
1	3189.3253466953047
1	3189.3543844275628
2	3191.440120439091
1	3339.4780057249486
1	3339.7871354243407
2	3464.2396063505794
2	3477.8451909864243
1	3514.398130176842
1	3514.813409220291
2	3549.3223501593598
2	3631.111517693571
1	3641.4897193335732
1	3641.8492687055823
1	3786.2182534498324
1	3786.5546765726763
2	3787.8244843493976
2	3798.0021050472483
2	3835.5249372542016
2	3869.4169453815425
2	4026.381366244831
2	4036.3312189304716
1	4190.524690957265
1	4240.517068956154
1	4340.277830851094
1	4340.618357428469
1	4398.262341907705
1	4398.315940949535
2	4441.461389001285
2	4455.786555017419
2	4479.647213377269
2	4489.192772688901
1	4636.535434919435
1	4636.790717613646
1	4656.29631699831
1	4656.486236254449
1	4714.591106473966
1	4730.541637400165
1	4764.6269471386595
1	4780.494493251588
