2	124.65133726627599
2	239.7503266681362
2	262.76848248312564
1	461.1818761792581
1	489.7438092096158
1	509.38549591383827
2	562.0947794787071
1	619.6257148746242
2	1114.5492680317636
1	1160.4610419577305
1	1171.7601923027105
1	1389.287148271457
1	1429.4676558094554
2	1643.9516935305533
1	1705.3364402657905
1	1721.28816630871
1	1834.4423819363935
1	1972.4127729653305
2	2334.56695262847
2	2403.5707899633494
2	2426.6257096133363
2	2426.6735524913993
1	2493.315443267065
1	2501.460234388634
1	2542.4679543164816
1	2881.8048334991636
1	2894.3668292432035
1	2973.607674986702
1	3053.570094276875
1	3111.7391304490684
2	3186.2268471862612
1	3189.418498232415
1	3339.4674374119836
2	3462.5147442597304
1	3514.4043963376666
2	3623.7100219553863
1	3641.655958071325
1	3786.4245710253404
2	3807.829410291312
2	3876.9069613831202
2	4037.977464881165
1	4190.617163098738
1	4340.381061103927
1	4398.354576365747
2	4452.382948391618
2	4498.422177190274
1	4636.628752959991
1	4656.368109742988
1	4714.663887612728
1	4730.67455057759
