2	134.20515581684833
2	226.84591225607457
2	249.99062337057399
1	509.57425320581444
1	511.2635489275055
1	539.7726286566402
2	573.9748478710344
1	669.6964073542523
2	1129.470165551163
1	1160.6252666877526
1	1172.1763642249039
1	1389.5735872786963
1	1429.628263151059
2	1661.7794206973906
1	1705.7669833106866
1	1721.5183502779369
1	1834.6665171487427
1	1972.7570771034373
2	2333.0033801739532
2	2402.500757166773
2	2425.584960368503
2	2448.6996401098104
1	2492.2449030352086
1	2543.485224146632
1	2551.509141584802
1	2931.767026419319
1	2944.5199534935696
1	3003.203931558631
1	3023.7478922295572
2	3027.348091684428
1	3053.879444987174
1	3161.9024139801336
1	3189.8405251886397
2	3212.50779462111
1	3339.9820011540933
2	3467.182414753641
1	3515.023373400092
2	3559.7584669738612
1	3642.0923198692317
2	3768.0262612587503
1	3786.7258148190776
2	3837.497812454423
2	4022.615655908806
1	4240.681292698925
1	4340.833588572642
1	4398.752876231982
2	4462.353765184781
2	4485.478150874776
1	4586.140197546691
1	4656.652180897961
1	4764.705723655316
1	4780.699977998334
