2	106.39669475622095
2	120.0962990439176
2	156.48418472775927
2	191.63021401411928
2	225.63397163889556
2	228.59673245098634
2	249.4135967318806
2	252.6124178693824
2	263.07371270717806
1	461.0783551784314
1	461.17403872142637
1	461.47921105666
1	489.5021187477065
1	489.62589366754185
1	489.6551446383234
1	509.29978498935697
1	509.3042903385326
1	509.4900398880863
2	535.443552524178
2	540.860305529092
2	549.0017650606678
1	619.2353680365582
1	619.3332864485352
1	619.5299538452397
2	1097.117691441364
2	1107.4905452316507
2	1117.3395429772647
1	1121.5678207893943
1	1121.765070124929
2	1141.375826335955
2	1144.7719049751659
1	1160.3693652540098
1	1160.467871000524
1	1160.5319550061076
1	1171.6125291903006
1	1171.7036604385573
1	1171.9504242635546
1	1389.1978705923718
1	1389.2622496403394
1	1389.3741247892792
1	1429.3414508542012
1	1429.4409094224686
1	1429.5316789933672
2	1655.7653980454081
2	1669.037886014658
2	1669.7708043483651
1	1671.3401571031702
1	1671.472382212813
2	1692.869097282605
2	1693.8302039002197
1	1705.2547859409501
1	1705.37044905809
1	1705.5576578014204
1	1721.2332032670279
1	1721.2572803974444
1	1721.4440530913057
1	1784.3820136809966
1	1784.5422007907111
2	1812.0107819215298
2	1813.909588831197
1	1834.4137784084548
1	1834.4692982550355
1	1834.6650602036734
1	1922.1969982044423
1	1922.4515968044927
1	1922.6958734951704
2	1955.014207232707
2	1958.0205840552223
1	1972.286630277326
1	1972.3755266280666
1	1972.4924404034723
2	2323.1185327034204
2	2336.307049865575
2	2342.284728601367
2	2394.639961376449
2	2407.8393187467395
2	2414.3596474957485
2	2418.410254450193
2	2418.500182817621
2	2431.6335982577893
2	2431.7318257584056
2	2438.390130940054
2	2462.400147550561
1	2492.392825037575
1	2492.5967001979197
1	2492.893738939024
1	2493.3086058116432
1	2493.415262981596
1	2493.5493540776006
1	2501.3471569438884
1	2501.4352468796737
1	2501.590390658412
2	2503.1775123476395
2	2534.489678510759
1	2542.5024634513984
1	2542.5794625979975
1	2542.702897279125
1	2881.445803515758
1	2881.593949717505
1	2881.7132589147645
1	2894.3099244453074
1	2894.4383736330465
1	2894.6817037975993
1	2973.4460579077067
1	2973.527072310768
1	2973.667002607014
1	3003.750475265387
1	3003.932081540371
2	3027.376138642933
2	3038.9025175367087
1	3053.414937527505
1	3053.4752277047555
1	3053.6713552005804
1	3111.505244455732
1	3111.5864941055065
1	3111.730411022372
2	3181.1691444061707
1	3189.2873331132387
1	3189.341308108733
1	3189.6933086627346
2	3194.2047424081425
2	3207.026025312016
1	3289.6560350225013
1	3289.824146296882
2	3313.3466916113666
2	3327.1333668385637
1	3339.483819931954
1	3339.5800822266806
1	3339.678043863859
2	3443.361408951544
2	3456.354464084883
1	3464.645614001076
1	3464.840426036108
2	3471.3031767104953
2	3480.219532986427
2	3495.305347335349
1	3514.3461948347567
1	3514.531903137138
1	3514.6118349630883
2	3567.3099103655222
1	3591.7730901405203
1	3591.9362525925
2	3610.2899223099316
2	3623.137882631118
2	3623.192294011334
2	3639.3745666434124
1	3641.52892448962
1	3641.5623155266767
1	3641.6573754673877
1	3736.1003628084727
1	3736.1712714088267
2	3753.196395364663
2	3766.1215381786124
2	3777.036118405102
2	3783.5372190322605
1	3786.2532316367847
1	3786.307333699584
1	3786.5106446485174
2	3790.012259916813
2	3807.562521504801
2	3848.566408866889
2	3855.574736768957
2	3861.4547713728884
2	3875.0303612933844
2	4015.440996765112
2	4028.33701424089
2	4047.707107602999
2	4064.444910820195
1	4190.374541150657
1	4190.470725054932
1	4190.590699332326
1	4290.37733479778
1	4290.616698537542
2	4314.234981702735
2	4335.960991541362
1	4340.339136672672
1	4340.40788222611
1	4340.542962907207
1	4398.216426380917
1	4398.263542509821
1	4398.584278985264
2	4433.3875761159825
2	4444.447034204419
2	4456.087648567243
2	4468.228025164492
2	4480.108262854901
2	4481.031773866806
1	4586.569788508318
1	4586.867964901133
2	4600.255033621753
2	4624.247629473968
1	4636.516808382815
1	4636.607172182984
1	4636.748799183048
1	4656.263823998974
1	4656.325838755743
1	4656.477655887566
1	4714.546987535696
1	4714.667201899634
1	4714.760485477722
1	4730.391019025572
1	4730.571457409824
1	4730.752031489921
