1	80.39647436533969
1	80.46704314040382
2	119.77212634783442
2	119.79938882996265
2	119.8722187608439
2	119.8731031619316
2	119.87789161037072
2	119.95675071586389
2	119.97263367286263
2	120.00204077210759
2	120.07008717806067
1	120.47957726423118
2	120.54121990185769
2	120.62208182331425
2	120.68274171241468
2	120.71716384400833
2	120.73915592897512
2	120.76369019908651
2	120.82909372907353
1	120.89245578202953
2	143.7739982332047
2	143.84435108263494
2	144.0158098885305
2	144.0531582156358
2	144.11162835028983
2	144.2105305142718
2	144.23551151471202
2	144.25082860960472
2	144.3272897851968
2	144.33941331022007
2	148.7016446131665
2	148.86969151610197
2	149.06248891758017
2	149.13988651597623
2	149.2006616250827
2	149.2606324476351
2	149.30564387420856
2	149.38548333917254
2	149.4645835046501
2	149.5085610101389
1	150.13724358928212
1	150.4122699880462
1	150.60281129129996
1	150.61379058635433
1	150.77005974849587
1	160.3565465733332
1	160.543667055458
2	167.0247784950055
2	167.07959771169425
2	167.09431235288332
2	167.17125395527395
2	167.17163781324282
2	167.2086555012367
2	177.34948167900487
2	177.3557071639552
2	177.3623901956655
2	177.41674721272946
1	180.7437055062935
1	180.83803000502832
2	190.4544526067315
2	190.5352911878115
1	200.22529054844824
1	200.32448343207085
1	200.74054885039808
1	201.3459045485506
2	206.01331225938415
2	206.088056866757
2	213.56948424300992
2	213.72130975193707
1	230.64320195554473
2	234.84980887079587
2	236.8515781152433
1	250.13682371728598
1	250.45950051204005
1	250.49349056345545
1	250.49627304419334
1	251.00253234583212
1	251.09421983045576
2	260.02080920424964
2	283.2984406062731
2	283.36238464525667
2	292.34083083947826
2	292.44020788402634
2	292.44925394255193
