2	135.30707539164365
2	226.67000540035255
2	272.3571734005799
1	509.56861217869084
1	511.35723613754567
1	539.8117125821542
2	546.5244834646062
1	669.6810893041991
2	1094.7824502807944
1	1160.6623689613027
1	1172.2702895204081
1	1389.6812900664813
1	1429.6831636547463
2	1665.9483376643193
1	1705.8008720591174
1	1721.5889560691007
1	1834.7521419602203
1	1972.8684096561394
2	2351.2438852466016
2	2396.9234699889807
2	2419.744551667639
2	2442.599629071302
1	2542.901408609186
1	2543.5085592180103
1	2551.5999264445613
1	2931.75897218241
1	2944.5588132916573
1	3023.8279895123687
1	3054.0509355372797
1	3161.9344173767295
1	3189.8046726771104
2	3196.498223965373
1	3339.9527238203027
2	3470.606359399107
1	3515.0553558997062
2	3561.9495128136273
1	3642.0941918806443
1	3786.8258747153773
2	3790.4033522340396
2	3858.9343904840075
2	4041.6505775812843
1	4240.70873282787
1	4340.871364308345
1	4398.824197377976
2	4430.001817712871
2	4498.618983364233
1	4637.149900245519
1	4656.665381694066
1	4764.850739700568
1	4780.7924810466975
