1	80.65393263335758
2	110.78512397211078
2	110.79372536581296
2	110.86718210841337
2	110.95140635388684
2	110.98887935804512
2	111.00498417453558
2	111.09627133958828
2	111.1424117128779
1	120.84039799632642
2	139.2966171206651
2	139.36466579622635
2	139.43043872679877
2	139.48645625674519
2	139.48866411002956
2	139.53044998814096
2	139.58366336447037
2	139.7219050993991
2	139.77236598388882
1	151.19231474324027
1	151.40914161562245
1	160.67863431407693
2	167.86467156793185
2	168.02788982688108
2	168.12080240997446
2	168.15874001657352
2	168.30215848779036
1	180.9848961391832
2	196.42571511572842
2	196.66743337934432
2	196.7221558562046
2	196.79104813674994
1	200.19538039858014
1	200.95069845671705
2	224.87731973718584
2	225.07180865617792
1	230.76300713608316
1	250.23813036422195
1	250.5913524372966
1	251.13708222627562
1	251.22261253675916
2	253.3914938560109
2	281.96291432287234
2	282.05048394834176
