1	80.47948944744098
2	116.72611963626399
2	116.75343502051898
2	116.84431969905783
2	116.92424143503557
2	116.93917691383498
2	116.97828853937504
2	117.07502573848689
1	120.20164135958076
1	120.49497547814774
2	145.7342637314043
2	145.75668059439428
2	145.80752469519075
2	145.82021424295633
2	145.86535540756597
2	145.90682974304178
2	145.96543045374463
2	146.05267272233758
2	146.1131455776799
2	146.22355931653993
2	146.29759028497836
2	146.36739038607698
2	146.462122142979
2	146.5221978708885
2	146.5771526641093
1	150.59566978304485
1	150.73208645420786
1	150.76543219835742
1	160.51942383785794
2	175.14894940754658
1	181.1039598373083
2	203.83411077979855
2	203.97455701096237
2	204.03848651109837
2	232.91687921506573
1	250.11277311120773
1	250.47380688107845
1	251.01993962509553
1	251.12077340499695
2	261.8599066756372
2	290.9506230960916
2	290.97948625920293
