2	128.2368934361699
2	163.52852803756107
2	223.6134651416088
2	247.5252654593773
2	250.0274281522633
2	278.8128198793075
1	459.3002671179792
1	461.05691492874723
1	489.6170422234148
1	509.5053901421908
1	511.1182870826715
2	533.7099026719624
1	539.6597359074493
2	567.2985845352046
1	619.5468223582395
1	669.5221915251067
2	1106.1237477316329
1	1110.3349854728683
2	1115.2563390219461
1	1121.8390596991417
1	1160.4867532733952
1	1171.9185738791277
1	1379.3106010722265
1	1389.2052329023143
1	1389.4368087843582
1	1429.4693678510137
2	1654.6925854372503
2	1663.215177295554
1	1671.4373297864927
1	1705.272636227805
1	1705.5116068094712
1	1721.431871865266
1	1784.472804180496
1	1834.5687517193232
1	1922.5090439565158
1	1972.588404156979
2	2322.463295055266
2	2326.602497299949
2	2394.100241121995
2	2394.149794032322
2	2413.062639866757
2	2413.1036647695814
2	2417.9025205745124
2	2441.911333297716
1	2492.741729162979
1	2493.2551431318307
1	2501.340329003816
1	2542.717805646858
1	2543.3065080377055
1	2551.2805340477853
1	2881.5667681615464
1	2894.3143010474164
1	2931.645746417186
1	2944.3077955877047
1	2973.535605127162
1	3003.906825044528
1	3023.634772857781
1	3053.8597840397047
1	3111.6620449701354
1	3161.7508620044678
2	3181.124455765976
1	3189.3657771581557
1	3189.576726613658
2	3191.83894284641
1	3289.7864160603126
1	3339.812141772316
1	3464.781728861251
2	3467.3912100650728
2	3480.248679064705
1	3514.8263631032028
2	3562.7495753545672
2	3566.808737918492
1	3591.8691575553003
1	3641.9475842234906
1	3736.5126178046226
2	3777.4202636416294
1	3786.678079016207
2	3797.4670391148693
2	3825.1049632325553
2	3855.20788456486
2	4015.8615661343333
2	4057.068606583839
1	4190.49301986073
1	4240.574228331265
1	4290.676542879225
1	4340.65568797406
1	4398.216002894968
1	4398.4819377700705
2	4445.243747626615
2	4460.8675016133975
2	4469.112633550797
2	4489.721153399132
1	4586.797956334594
1	4606.566133533572
1	4636.811178561163
1	4656.5662352873715
1	4714.51853729505
1	4730.521481901599
1	4764.669283410266
1	4780.54036708058
