1	80.11780994599616
2	94.74896529264798
2	95.35722437505335
2	105.44342624781103
1	110.36294070462905
1	110.44051569097476
1	110.45373775784134
2	118.58423940075443
2	118.66425200782895
2	118.74961208176849
2	118.78756017147107
2	118.87928051111084
2	118.93214331382866
2	118.94728513691307
2	119.13376166373281
2	119.16534412501659
2	119.17549893508036
2	119.25821739980245
2	119.29734507514019
2	119.39410223754625
2	119.44621608526009
1	120.15449940152217
1	120.22907587177926
1	120.306517744826
1	120.33553828122388
1	120.3572966058217
2	127.24201238256627
2	127.2769323690898
2	127.35078771017358
2	127.93709220193725
2	128.0334305832324
2	128.16464525024114
2	128.16558733696712
2	129.30030488534294
2	129.3694970163557
2	132.87604097507452
2	142.39116236915928
2	142.39836030401355
2	142.40478147604594
2	142.43304212587097
2	143.0288046677882
2	143.0670353104483
2	144.76990892478395
1	150.03116021859046
1	150.12629538309923
2	151.11582158117324
2	151.17988057079978
2	151.18990274256862
2	151.2122199547327
2	151.2858541069849
2	152.0964913540482
2	153.20481694305647
2	153.22982639006793
1	160.2427012315003
2	160.9612786070126
2	160.98513515293476
2	161.07944687002785
2	166.2748954943841
2	166.2857676577949
2	166.3219097130699
2	166.90104964159357
2	166.94191742271238
2	166.97264654244324
2	167.00215969008494
2	167.0268342101369
2	167.06649668577006
1	170.1026191499394
2	174.9241421228076
2	174.93314506453515
2	175.02673066556306
2	175.04023233564342
2	175.09708095501168
1	180.28788741755142
1	180.43778675910625
1	180.4489459243343
1	180.6203277890201
2	184.83910875667294
2	184.85454044623694
2	184.9028168954722
2	184.90356664073718
2	184.98552710552605
2	185.0175588921658
2	190.77424995360198
2	198.71741561118742
2	198.7370873971909
1	200.05489338367047
1	200.078679117522
1	200.47379053726
1	200.50178954203892
1	200.7927792401482
1	200.86198981056694
1	200.96130695032028
1	201.01856374974037
1	201.10327614934639
1	201.18439592752316
2	213.85349326558864
2	213.88609063154897
2	222.56771036479387
2	226.4799326263424
2	232.52036287305359
2	232.53851833889775
2	238.421396042957
2	246.34348862180278
2	248.952832513626
1	250.0496228405027
1	250.13350561578767
1	250.31614261841767
1	250.45373813856597
1	250.5058867924636
2	256.3599487726358
2	261.561930591725
2	262.2427127174637
2	262.2668892738477
2	270.1645432049731
1	271.17276253406783
2	272.89287339818037
2	285.44565235630904
2	286.14312142473347
2	304.0345181836127
