2	193.62946269083204
2	216.34108147927637
2	261.8220514619917
1	509.25610378745137
1	511.1689994484555
1	539.6469290261845
2	557.4686353498845
1	669.5410715781685
2	1103.332525085525
1	1110.4059421614609
1	1171.910487037631
1	1389.1711752242466
1	1429.3515290467863
2	1649.1758334526423
1	1705.346509475634
1	1721.3937157015232
1	1834.558852585428
1	1972.6390439973738
2	2331.466611616741
2	2422.508632172736
2	2445.1827250195674
2	2467.9455384619973
1	2542.742897701595
1	2543.2946313852667
1	2551.280305407019
1	2931.6032042217544
1	2944.3484828194996
1	3023.5792645796373
1	3053.8434460634708
1	3161.722982088801
1	3189.3036366964
2	3218.5247037016657
1	3339.810258298068
2	3491.446506981438
1	3514.848618650791
2	3559.6264162790594
1	3641.9665376656108
1	3786.659093728537
2	3809.793020189079
2	3832.567064571224
2	4037.2513950580174
1	4240.538315050478
1	4340.712659339838
1	4398.374705307167
2	4446.588489735346
2	4469.346419695268
1	4636.770838924605
1	4656.501463201694
1	4764.653437625572
1	4780.57076345036
