1	80.57730210299962
1	80.57949319237169
2	106.07689596152443
2	106.1128308090724
2	109.92066791134701
2	109.96809166750653
2	110.02754938060247
2	110.12131216789905
2	110.18997472594883
2	110.28312775624588
1	120.50801297540932
1	120.53999748267798
2	133.61821202641326
2	133.70139676424904
2	133.79229231303557
2	133.8758092871353
2	133.93703338524418
2	133.9574128397531
2	134.04985050925112
2	134.126753853243
2	134.1298853934593
2	134.18043317103655
2	134.3664391635486
2	134.4229235976403
2	134.52514909629028
2	134.5441152992747
2	134.58577427848965
2	134.65739825564535
2	134.67298605207458
2	134.69990073731367
2	134.74840083318279
2	134.83357884537395
2	134.92296548766564
2	134.95620998692743
2	134.9772978696015
1	150.67931515011463
1	150.79277710274224
1	150.85286228116206
1	151.13019778165045
1	151.2596685890845
1	151.3410728205595
2	157.0685981238949
2	157.14385324097194
2	157.37531428495177
2	157.4607491043879
2	157.46936769314235
2	157.55324814785
1	160.4413651876172
1	160.48787116539668
2	162.8196953595475
2	162.89796837082275
2	163.0161709669982
2	163.0841486225409
2	163.11078006709974
2	163.1440883424323
2	163.25481877345135
2	180.62160280419454
2	180.7974142013787
2	180.8792359953433
1	180.93413721175713
1	180.95440702288508
2	191.0988471738372
2	191.3334894336528
2	191.4349534142255
2	191.49876739682333
1	200.39429366816645
1	200.77099207438954
1	200.84802805336867
1	201.25508790832205
2	203.9823869250909
2	219.71836256137664
2	227.51511529792722
2	247.94796065751618
1	250.11837062620194
1	250.2271706106343
1	250.5566356824574
1	250.57842400771415
2	250.94464140099362
1	251.00337619992814
1	251.0033961051272
1	251.1715185593611
2	274.50374499209386
2	274.5999911608959
2	276.1672555218618
2	276.23323105459235
2	276.2691838244939
