1	80.26788499374652
1	110.649268500147
2	138.6767676649102
2	138.70873654502472
2	138.74248285397516
2	138.78347268210683
2	138.84284070652308
2	138.91455898066988
2	139.0086014561305
2	139.08544610202725
1	150.15389858801728
1	150.27800395136887
1	150.39326599593335
2	162.11075878889113
2	162.12995591209986
2	162.18498568443692
2	162.20649580662274
2	162.33653123297913
2	162.34162735602268
2	162.41063480549553
2	162.45159629406268
2	162.4863440886804
1	180.72351346552486
2	185.4593900763311
2	185.59713868327972
2	185.60240384869863
2	185.64201511813073
1	200.11105707355176
1	200.94383475637565
1	201.22414292508148
2	208.86761192389892
2	232.15221070758608
2	278.92727779323116
2	302.2622830904311
2	302.36017944629185
