2	125.42007426794571
2	126.5051156190593
2	197.55899024447731
2	220.7599119376145
2	221.34354751654718
2	221.922839028653
2	244.6133088908171
2	245.19084121938656
2	245.7146333733983
1	459.32978289609656
1	461.1015106251094
1	461.16452370006454
1	489.6701791964929
1	489.68732907748984
1	509.19770290845076
1	509.25915978031793
1	511.1599025820573
2	530.684739750356
2	531.9842284301175
1	539.6068952308914
2	555.3229661525297
1	619.5710240426042
1	619.6065670218466
1	669.555004725446
2	1102.6529259393697
2	1104.0245095197197
2	1104.3535954195982
1	1110.3494965126354
1	1110.3580401946324
1	1121.8161992324206
1	1160.3001569652731
1	1171.6178883582638
1	1171.794386343396
1	1379.3499567261306
1	1389.1448083808477
1	1389.1928821931608
1	1389.2015289570859
1	1429.3215935333342
1	1429.4115806416578
2	1652.7444627760296
2	1652.9643844179768
1	1671.417663632002
2	1674.7027631788815
1	1705.2852687819232
1	1705.376668797267
1	1705.3770693272768
1	1721.241607786195
1	1721.3978067568712
1	1784.4867018145117
1	1834.431685096886
1	1834.5097236015204
1	1922.4713368983844
1	1972.2963810894546
1	1972.560842280305
2	2318.257801184641
2	2320.6097812808935
2	2320.7102986644236
2	2389.833922252597
2	2392.2011741599576
2	2392.3240869915717
2	2392.3543352952015
2	2413.660741013695
2	2416.135295558365
2	2437.4801772767105
2	2439.887007789205
2	2463.7791583915096
1	2492.6626841895018
1	2493.190724311706
1	2493.334032255216
1	2501.3296470089485
1	2501.3742148866704
1	2542.4512057651586
1	2542.732028901989
1	2543.210267494485
1	2551.278548260105
1	2881.5873295905158
1	2881.642783747651
1	2894.2967812527477
1	2894.390996606903
1	2931.5782059861776
1	2944.2643143807304
1	2973.511056119941
1	2973.5421826797474
1	3003.9683300847737
1	3023.5343387900098
1	3053.474551810214
1	3053.7929421860554
1	3111.6053593919987
1	3111.676230407857
1	3161.6881676141884
2	3176.313083749828
2	3179.3607983002944
1	3189.311473633206
1	3189.3639053278644
1	3189.458362753477
2	3203.255316970973
1	3289.780663865466
1	3339.4513404301883
1	3339.812250222105
2	3462.317618111625
1	3464.85883668231
2	3465.544371692974
2	3489.5783139805044
1	3514.4247679384134
1	3514.8298254836786
2	3560.960101485567
2	3561.0831735092206
1	3591.8779330100815
2	3629.231818639984
1	3641.5053320493134
1	3641.8323404382877
1	3736.559252803679
2	3775.6617573706053
1	3786.2587210974834
1	3786.5768023122705
2	3796.0833232726472
2	3799.723957474129
2	3823.3844088336436
2	3823.570668430219
2	3867.542398571145
2	4014.108906682695
2	4034.407629357565
2	4038.222607002932
1	4190.514531817387
1	4190.601220648548
1	4240.490202166229
1	4290.627614780649
1	4340.347943132057
1	4340.589889151492
1	4398.223865602577
1	4398.286975756903
1	4398.329508503915
2	4439.564935078436
2	4443.4518579720725
2	4443.808108569023
2	4467.323081636691
2	4467.676970340516
2	4487.293094892604
1	4586.869584143499
1	4606.571463045364
1	4636.553636452517
1	4636.784634811424
1	4656.310243202594
1	4656.4798101031765
1	4714.603474807294
1	4714.673746446064
1	4730.546154238238
1	4730.640993274398
1	4764.662266675465
1	4780.553235922774
