1	80.4709384874895
2	113.70571610212023
2	113.79878190074066
2	113.8042332718652
2	113.89443529963681
2	113.9145709814501
2	113.93887470529184
1	120.36434349907123
2	137.65525157642384
2	137.7701581027843
2	137.78845847904554
2	137.88279502776842
2	137.9193840676422
2	137.96003360546192
2	138.00354249755105
2	138.0847823683741
2	138.18241723130026
1	150.62886035479553
1	150.70327110551415
1	150.78576115543638
1	160.4574197349538
2	161.52608249099285
2	161.6120008173088
2	161.62223964841533
2	161.7015297086387
2	161.7676126409006
2	161.8574309162679
1	180.80958721239347
2	185.35587492642784
2	185.4334645183669
2	185.50949399127282
2	185.58767993697916
1	200.35225543501537
1	200.77456248349804
1	201.1967835903309
2	209.28802676157272
2	233.0899190330203
2	233.09566171266445
2	233.1534771480239
1	250.17039322464635
1	250.40123647923443
1	250.9859447745975
1	251.14089654906329
2	257.0375763848394
2	257.0518593947399
2	280.92304515561585
