2	119.19774584005151
2	214.51871641829564
2	262.1966388889432
1	489.5817570257432
1	509.2280452561646
2	548.1885897633088
1	619.5859947867758
2	1096.4180393873128
1	1160.3260113799683
1	1171.6374775969919
1	1389.1849382820953
1	1429.2858362560848
2	1668.4263274463724
1	1705.2834996409817
1	1721.1999913756704
1	1834.3810932339388
1	1972.3088640560638
2	2335.8232275507194
2	2407.3442353697924
2	2431.1884668056086
2	2431.225584222305
1	2493.338047777214
1	2501.3055020434003
1	2542.5050992949937
1	2881.6465162309864
1	2894.3298193590367
1	2973.549066062072
1	3053.3939603933254
1	3111.6096542060645
1	3189.261330861867
2	3193.964377590067
1	3339.474912509084
2	3456.1136541520714
1	3514.3551960377185
2	3622.97483324577
1	3641.51597669785
1	3786.270215509067
2	3789.8361695897706
2	3861.2943503327742
2	4028.1904142192525
1	4190.48279394047
1	4340.304984156573
1	4398.239382586595
2	4433.342423638376
2	4481.043057602891
1	4636.491731390004
1	4656.308720929452
1	4714.584858518581
1	4730.5945439438665
