1	80.18463510648533
2	100.52224890575594
2	100.59575413110005
1	120.18277657541583
2	124.34842894572185
2	124.46762238535973
2	124.47156143465823
2	124.55340551805392
2	124.58121058394636
2	124.66879227231017
2	124.76597909534175
2	124.78535968305027
2	124.78782793579552
2	124.80460586187509
2	124.8846028289729
2	148.30718716965768
2	148.39170726657935
2	148.47134006407063
2	148.53108625931662
1	150.09531202886214
1	150.18405346513612
1	160.52426909445308
2	172.0786728283869
2	172.10583412556653
2	172.39608397675556
2	172.43567187146806
2	172.47643916640678
2	172.48195382617763
1	180.6149839550412
2	195.951609374431
2	195.95720489353488
2	195.98828533088
1	200.18098168665801
1	230.65711723705363
2	243.65059309356167
1	250.07414718470457
1	250.9262070850118
1	251.1114809677759
2	267.52673825151663
2	267.59884601050436
