1	80.38136464961583
2	120.45246126642868
2	120.50362707466307
2	120.53603921503147
2	120.55679776385138
2	120.63214091484555
2	120.72196284787452
2	120.79577610480398
2	120.8300136573144
2	144.26486555375894
2	144.42572983849166
2	144.462038731847
2	144.54770272722303
2	144.55166336171706
2	144.6423495880638
2	144.74566962449413
1	150.27227826442885
1	150.50424572363457
1	150.58443863164138
1	160.62747363718393
2	167.61415365982708
2	167.7063339970523
2	167.74973823934675
2	167.75896626081334
2	167.80824583218836
2	167.8661230811342
1	180.79260244077705
2	191.27852210696153
2	191.47661841376384
2	191.50708864059172
2	191.68676671512975
1	200.1748737310224
1	200.1802785202584
2	214.83524669642821
2	214.92350778454323
1	230.63582563677835
2	238.37027043960234
1	250.1585452937489
1	250.4553467426433
1	251.02814856952477
1	251.11059213468167
2	262.014974207665
2	285.58853858835676
2	285.6635470379985
