2	124.84424974397214
2	240.3075455903379
2	263.4337714398146
1	509.3918282992544
1	511.2465941185493
1	539.6382109893366
2	540.5503861672483
1	669.6640175752948
2	1117.7248961784476
1	1160.3316144846322
1	1171.8301603184
1	1389.2179187055253
1	1429.3541581425768
2	1671.909227526902
1	1705.4000509356881
1	1721.4195030375204
1	1834.624848104984
1	1972.6529211143304
2	2341.6176200627106
2	2410.850498598278
2	2410.92356946209
2	2457.0447156937366
1	2542.769530177569
1	2543.349022782167
1	2551.323882697351
1	2931.5861964329247
1	2944.3311474829584
1	3023.5942072297994
1	3053.9276480811045
1	3161.780538605413
1	3189.468708447369
2	3195.9090857668225
1	3339.8360446399574
2	3473.0062986723733
1	3514.9113953232027
2	3565.414936391517
1	3641.9479489308956
1	3786.66526291923
2	3819.40103918542
2	3842.4544839691403
2	4050.3120741444254
1	4240.506005625839
1	4340.682700582576
1	4398.327358912398
2	4442.792781712864
2	4489.047770352923
1	4636.837009372563
1	4656.558273413803
1	4764.667875707938
1	4780.56707734633
