1	80.83977717251138
2	103.54626593321643
2	132.80647865280486
2	132.8256100040876
2	132.90099622774028
2	132.9563308512344
2	132.98390018759807
2	133.01077484695105
2	133.18954107250747
2	133.24181728706756
2	133.27860955522885
2	133.33011790363017
2	133.35068440646558
2	133.43585256740576
2	133.51305500023113
1	151.46811354059267
1	151.59679394728366
1	151.6677002664605
1	160.90517550011762
2	162.05921422654103
2	162.11535795096427
2	162.21453842169396
2	162.30382845254084
2	162.38319674974812
2	162.40653875975227
2	162.47369371647952
1	180.98002133889267
2	191.14742160492082
2	191.22751970878602
1	201.1118817390604
2	220.40108191440223
2	220.4298295511597
2	220.5273787484652
2	220.57521418235572
1	230.78720509972578
2	249.64421454863165
1	250.4028651481832
1	250.63709753176954
1	251.1799177297847
1	251.30053559369816
2	278.8163931139609
2	278.8974841120865
