1	80.35874770933765
2	112.0287913000911
2	112.11459391407304
2	112.12700764408525
2	112.22173863418337
2	112.29732831989509
2	112.29876819866622
1	120.40447815307121
2	135.9521117848909
2	135.98430465950264
2	136.01676430980953
2	136.04524377762598
2	136.0683117686909
2	136.13740199324286
2	136.15059191411396
2	136.244862640245
2	136.29922163754156
1	150.22649289815664
1	150.43754507351622
2	159.92881882352722
2	160.01021688133864
2	160.12309898068105
2	160.16638517166209
2	160.24715414471436
1	160.35234741978633
1	180.81468388842268
2	183.95587350420803
2	184.0457673027605
2	184.14545268351597
1	200.293782258052
1	200.58206069885912
1	201.41583705492283
2	207.85448231721273
2	207.97667217098333
2	231.91500670249314
1	250.5608761255028
1	250.711178363682
2	255.78943489220757
2	255.84487080132607
2	279.86696327659945
