2	113.75939603463067
2	115.60792762279654
2	130.68393403626285
2	209.6634952769401
2	226.1522653189031
2	232.88188970299782
2	232.94556228550158
2	250.00469836693108
2	256.6892448942156
1	459.239975538416
1	459.322301583958
1	461.11595105610814
1	461.180069448589
1	461.3889671690912
1	489.64809829911735
1	489.7446522719332
1	489.80071524156006
1	509.35384567881994
2	536.1523203069447
2	538.9404331737247
2	542.5551150424075
1	619.4706082836623
1	619.5320202417417
1	619.6690098018986
2	1103.288852894873
2	1108.5599918999087
1	1110.4088644497353
1	1110.4347835709245
2	1114.2713400063553
1	1121.766653561886
1	1121.8369193764706
1	1160.5156309800566
1	1171.813621801875
1	1379.3059093616375
1	1379.3571454615183
1	1389.178815614381
1	1389.203698551843
1	1389.3794649416532
1	1429.4782900353039
2	1644.1089031214387
2	1657.191739204501
2	1662.084104648089
1	1671.3685187888839
1	1671.4496467048814
1	1705.2131339198138
1	1705.240963797806
1	1705.4543882576227
1	1721.4132700194548
1	1784.5221313411153
1	1784.571907450437
1	1834.568126001784
1	1922.4550160193226
1	1922.6096816154345
1	1972.4114285659748
2	2324.9814764819225
2	2326.0035639676257
2	2329.077694093157
2	2396.5798804323576
2	2396.653809360853
2	2396.739639808038
2	2400.4915127583668
2	2400.5806423984704
2	2420.176922838332
2	2420.3512725675323
2	2443.639090289123
2	2448.170089912455
1	2492.696930772421
1	2492.8934346990454
1	2493.259969829895
1	2493.3271160730865
1	2493.469949977958
1	2501.3179834944826
1	2501.320575967611
1	2501.448672755669
1	2542.6714012923635
1	2881.5863249638082
1	2881.6601271504537
1	2881.7978661667266
1	2894.3130159343223
1	2894.3260269435336
1	2894.5624974562324
1	2973.5304002677794
1	2973.6375595213694
1	2973.69797360331
1	3003.951124255141
1	3004.0323820255503
1	3053.5976174436273
1	3111.6698455732603
1	3111.712631372408
1	3111.765045599032
2	3183.585210078286
2	3186.5746678852524
1	3189.2950283659743
1	3189.3579318782804
1	3189.531199610334
2	3196.0218961266532
1	3289.11141972501
1	3289.7705946955302
1	3289.776504983269
1	3339.6286814085747
2	3448.5956741827117
2	3454.676733866218
1	3464.8221919140387
1	3464.914334744818
2	3469.8180202251574
1	3514.575644102965
2	3543.9560414126086
2	3548.798809488378
2	3565.219451203302
1	3591.9109797245105
1	3591.9823810051894
1	3641.699053662
1	3736.5093888287715
1	3736.5342055931824
2	3779.8559241006146
2	3782.105072223489
2	3784.0589880976877
1	3786.4535135413835
2	3827.6063172669915
2	3829.7913576711626
2	3854.473313827461
2	4018.370774351786
2	4019.0646437845394
2	4044.130854776258
1	4190.4857445464
1	4190.529530893687
1	4190.585492375956
1	4290.646961762538
1	4290.704610285161
1	4340.461043033093
1	4398.158997198993
1	4398.237812458741
1	4398.486340920506
2	4442.292556107172
2	4447.685225029405
2	4449.050200998437
2	4471.499291384899
2	4472.889351887092
2	4489.369232640928
1	4586.8025868194545
1	4586.868066924454
1	4606.521913731181
1	4606.549196974729
1	4636.64142142626
1	4656.41149036559
1	4714.546369147596
1	4714.596299210168
1	4714.689550954854
1	4730.44604718266
1	4730.511797683623
1	4730.656458513998
