2	123.7445535097907
2	243.0675156793006
2	243.15131927740282
1	461.16636351082917
1	489.65987812057375
1	509.341454284569
2	529.497049558436
1	619.5107064384862
2	1102.3050489369666
1	1160.2919083610516
1	1171.6831394308538
1	1389.2850569388295
1	1429.3516004227283
2	1651.144899441875
1	1705.2103360825836
1	1721.2968379469962
1	1834.3362002002666
1	1972.2613910733235
2	2319.3673421237745
2	2391.0111222438795
2	2414.850435366956
2	2438.8041369706348
1	2493.214641056185
1	2501.3166813186776
1	2542.392153956241
1	2881.6740852886824
1	2894.266229639071
1	2973.607092509498
1	3053.4656297153306
1	3111.6098589070725
2	3178.526457573143
1	3189.3534099865888
1	3339.430279900859
2	3464.899700646249
1	3514.3756096056363
2	3608.1429018373237
1	3641.54347468689
2	3775.234353189146
1	3786.3313860503827
2	3870.704852726628
2	4037.725851139259
1	4190.429073385516
1	4340.2628259805
1	4398.1817498789105
2	4443.449355814878
2	4491.1129840975855
1	4636.480753508979
1	4656.297252573111
1	4714.655229560029
1	4730.63957743377
