2	135.72683880950999
2	194.62717630890182
2	218.41050743944402
2	226.84131026736063
2	242.33495159403637
2	272.35065124406884
1	509.1949356857454
1	509.59009351539595
1	511.1203985157789
1	511.38048886730064
1	539.6208366531624
1	539.8736379149408
2	545.6360751947155
2	552.437581031684
1	669.5187950898722
1	669.696208472908
2	1101.1395548126811
1	1110.3526308201783
2	1115.003949833021
1	1160.7086009634397
1	1171.812542631883
1	1172.1453277950989
1	1389.2002443442655
1	1389.7296405975626
1	1429.3010863302527
1	1429.6973666161398
2	1649.7976283766461
2	1661.604380047936
1	1705.2836220378533
1	1705.8812945887098
1	1721.3408424984325
1	1721.7451894534827
1	1834.530361758289
1	1834.8932043196323
1	1972.510026606553
1	1972.7867758411014
2	2317.7284378747836
2	2344.75101778631
2	2389.2715946324447
2	2413.052962120509
2	2413.0647825654873
2	2435.875316003517
2	2437.0162712026636
2	2460.8227209384822
1	2492.1860435047165
1	2542.6593327789124
1	2543.26308937849
1	2543.485168546007
1	2551.2166787448914
1	2551.591855303904
1	2931.644988882614
1	2931.8162565842736
1	2944.351301653647
1	2944.5929827210575
1	3023.5543186684617
1	3023.8107000905907
1	3053.7738916454605
1	3053.9714703706627
1	3161.643092233253
1	3161.8645569684854
1	3189.3489938293214
1	3189.9008533596425
2	3200.346334800171
2	3210.192169628543
1	3339.8168107546758
1	3340.0981159143635
2	3460.652284461878
2	3486.641689565257
1	3514.7926219756764
1	3515.1195688267376
2	3558.224420653775
2	3574.5471939570098
1	3641.832133569935
1	3642.090423841979
1	3786.5918012457473
1	3786.9146789100073
2	3796.708185734619
2	3799.311202479973
2	3802.246429450243
2	4030.051905059323
2	4035.250497828337
1	4240.521946502376
1	4240.75763767294
1	4340.599535535569
1	4340.758125408296
1	4398.230930303875
1	4398.752122929872
2	4440.82148996685
2	4462.6708734142785
2	4464.675026485699
2	4478.796569968771
2	4485.483199298119
1	4636.787618358087
1	4637.1181587984365
1	4656.464134948892
1	4656.707444915851
1	4764.584249334479
1	4764.794265539993
1	4780.4987788661365
1	4780.849453270449
