1	80.13693946245975
2	94.34362876857307
2	118.16327323552801
2	118.24875886621129
2	118.30556798712185
2	118.41145564997326
2	118.47458859596522
2	118.49680289618213
2	118.5262777539017
2	118.61296739979527
1	120.12174337028131
1	120.42554064766837
2	142.04364244739847
2	142.05418237589623
2	142.14534831941356
2	142.2018607310795
2	142.20935842012798
2	142.29512147938118
2	142.34503776137544
2	142.4410434667817
1	150.05123436254522
1	150.14218235597139
1	160.25340681057997
2	165.84281782934806
2	166.0257664005643
2	166.11052706199476
2	166.1677865118138
2	166.23678705739388
1	180.613925318059
2	189.68356648815444
2	189.76528105027086
1	200.08505437071904
1	200.16231007430767
1	201.24050944112085
2	213.54865156251543
2	213.70313047763372
2	213.74269305754194
1	250.38181654151552
1	250.4886566554725
2	261.18086537808546
2	261.18945849038147
2	285.0557623799149
