2	124.76870295722108
2	211.10589211241168
2	268.6016178666073
1	461.2334376681633
1	489.7532955388874
1	509.3278671697292
2	556.1624727834211
1	619.6428800557359
2	1102.6009252090112
1	1160.4770770602804
1	1171.6123673058948
1	1389.4558064639298
1	1429.349736290824
2	1677.887613704506
1	1705.3173729449531
1	1721.2911937023816
1	1834.4415963499619
1	1972.3680267444302
2	2339.3191228333253
2	2425.6769682415547
2	2425.7465588284326
2	2425.832311351795
1	2493.4497059469113
1	2501.3279072671958
1	2542.5611825080864
1	2881.643362278503
1	2894.4004783867704
1	2973.776602304131
1	3053.4879393436536
1	3111.849834452394
1	3189.408278394459
2	3202.135003243876
1	3339.5654120812987
2	3461.0510345558696
1	3514.4259873783158
2	3576.043597257766
1	3641.6384331128393
1	3786.321805517168
2	3806.1739875985077
2	3863.6832391408566
2	4036.2728686596697
1	4190.584941874299
1	4340.417429784273
1	4398.260949245897
2	4438.83030441376
2	4496.4059114014735
1	4636.549071012412
1	4656.328706634615
1	4714.686979168062
1	4730.630065033489
