2	141.4477389438125
2	228.75270645150587
2	257.86383759276714
1	509.7023891735721
1	511.16225420003155
1	539.7648799549503
2	548.9744589967884
1	669.6058207570771
2	1102.1633272520912
1	1160.713132161047
1	1172.1146255170609
1	1389.6591273305896
1	1429.6774835132371
2	1655.3963182892946
1	1705.6420223273365
1	1721.5315760560707
1	1834.7124713438534
1	1972.7644446372421
2	2325.011192513242
2	2412.3571719998677
2	2441.4644823273957
2	2441.560892554711
1	2542.9553663900506
1	2543.264548661699
1	2551.3062396760497
1	2931.6189188502417
1	2944.3542831028417
1	3023.5885944641277
1	3053.909811462667
1	3161.733708856104
1	3189.7912259373074
2	3198.4964794626962
1	3339.832302483801
2	3460.480944956705
1	3515.0683060470933
2	3576.9468959559945
1	3641.8654824950004
1	3786.818418503872
2	3809.870486732458
2	3838.966907191815
2	4042.821165595241
1	4240.536934180361
1	4340.717362939038
1	4398.690103591508
2	4450.376251689907
2	4479.467445488724
1	4636.883299213692
1	4656.653106519976
1	4764.7213606149835
1	4780.708961842669
