1	80.19449972945569
1	80.27548553255627
2	106.46848763672737
2	106.48714940660423
2	106.5410812113052
1	110.48576079709974
1	120.10881054766459
2	127.1452210554648
2	127.2324229758564
2	127.2507620639316
2	127.27220508366533
2	127.31853125273467
2	127.33402711084047
2	127.34367854954269
2	127.39676056094432
2	127.4444011783993
2	127.50429234627552
2	127.54870058650289
2	127.55202682226736
2	130.3216360535536
2	130.34669359918266
2	130.37773454532362
2	130.4208931676932
2	130.48594926580012
2	130.57053794264007
2	130.66157832794778
2	130.7294681653505
2	130.7480434962094
2	130.8471705164642
1	150.07132997557568
1	150.11286069522825
1	150.25805877673164
1	150.28137017610348
1	150.3384079580204
2	150.89834166330454
2	151.06924564924563
2	151.14146421415722
2	151.21357302534486
2	151.3051928758545
2	151.34062827600832
2	151.40094927676856
2	151.4351742163121
2	154.1931331166817
2	154.22782800359397
2	154.319906479158
2	154.35911211001118
1	160.51334021699293
2	174.7597876224805
2	174.853315154688
2	178.0034657836747
2	178.01698518774933
2	178.19936849368662
2	178.26602148094634
2	178.2931674286279
2	178.325512701804
1	180.53332317850908
1	180.58741509914745
2	198.61301261735468
1	200.0573244774584
1	200.14527689825488
1	200.94456442964676
1	201.1724701525227
2	201.8573726496641
2	201.9365754768048
2	201.94289998683988
2	222.47901122121579
1	230.61890641513392
2	246.31903822794538
2	249.58326846422483
1	250.1167181336461
1	250.3301532977372
1	250.92582855812216
1	251.14889993355965
2	269.9778276863386
2	273.47994801514943
2	273.5151713126842
2	293.83231679319874
