2	105.57660470156007
2	166.77986046273543
2	224.85215913793462
2	224.85882595087858
2	248.67147973654542
2	253.98655880605207
1	459.344520995982
1	461.0644906799788
1	489.6252454055049
1	509.5581274676402
1	511.5549543830969
2	534.8968637974513
1	540.0107556146539
2	573.548940117272
1	619.5512550142831
1	669.9265006087959
2	1107.2681924711353
1	1110.4203656080776
1	1121.7727193495575
2	1125.6292040121818
1	1160.7535091943269
1	1172.2404468111356
1	1379.3509494891398
1	1389.2104535531457
1	1389.703106262946
1	1429.7270980810902
2	1648.660204729455
2	1655.9107621218368
1	1671.4097795536293
1	1705.3087575887519
1	1705.9778723646941
1	1721.766889512252
1	1784.4751941837646
1	1834.8425852523264
1	1922.5051665949247
1	1972.9402670362037
2	2317.04153149057
2	2323.682937039056
2	2395.249815269202
2	2395.275631228688
2	2404.2112048676636
2	2404.296484203479
2	2419.068194793311
2	2433.425403924396
1	2492.736277262842
1	2493.172771716465
1	2501.277672517352
1	2542.980428898399
1	2543.607186740429
1	2551.7782091577747
1	2881.552332810354
1	2894.3722227666726
1	2931.8485085516945
1	2944.7323332243295
1	2973.569191111372
1	3003.988895798355
1	3023.9138858437145
1	3054.0905572052843
1	3111.2608233768747
1	3111.6545883806925
1	3161.9479375557794
2	3182.3187380614954
2	3188.6881412400567
1	3189.3831938646636
1	3190.0002960135694
1	3289.7296293338823
1	3340.3112054481194
2	3450.2050238874276
1	3464.805240442373
2	3468.5201360871306
1	3515.1256195630594
2	3563.8731541212605
2	3566.401088286091
1	3591.919728899421
1	3642.178008680556
1	3736.5107253568453
2	3778.587420821223
1	3786.9386107263285
2	3798.9376905783433
2	3826.2602691207207
2	3827.9985129314096
2	4017.108893528896
2	4031.3544543701414
1	4190.525619306292
1	4240.820443537445
1	4290.686443013686
1	4341.009622523096
1	4398.216229768022
1	4398.839678668321
2	4446.425304795534
2	4467.165022082256
2	4467.205598082113
2	4470.2654532920305
1	4586.801954875748
1	4606.4950130730795
1	4637.3313540483605
1	4656.777137130013
1	4714.526114385779
1	4730.586691936197
1	4765.065240536069
1	4780.9383579200485
