1	80.47180851305794
2	105.01302422619663
2	128.2788071257704
2	128.34513597491275
2	128.35547246884263
2	128.41153058710313
2	128.52673926938456
2	128.59270270280962
1	150.6558083928776
1	150.81680394913073
2	151.70596844028697
2	151.78715099946956
2	151.8591800987128
2	151.93132966957268
2	151.94054707185657
2	151.9837451686434
2	152.0074722647009
2	152.06656919685958
2	152.20213300166023
2	152.2050589772955
1	160.70789918326787
2	174.87687998713741
2	174.92161689557355
2	175.0863712243423
2	175.12742173089762
1	180.91736136158647
2	198.33921149745268
2	198.4079672357361
2	198.50695256017784
2	198.6197919689464
1	200.24660362495004
1	200.37052677926997
2	221.37690015637364
1	230.71203271161968
2	244.7485783198819
1	250.37312559433695
1	250.67447548848492
1	251.25919769415853
1	251.26943035733186
2	267.9882458864105
2	291.2684092622393
2	291.28801120410094
