2	141.10335249262508
2	152.332720734969
2	223.75873059506245
2	233.76197487580365
2	233.80015817644025
2	247.65395951515572
1	459.45007444844316
1	461.2704165949917
1	461.3012696973504
1	489.3766110393192
1	489.710671409636
1	509.3924103298027
2	557.3271533351868
2	558.1389029188947
1	619.3559044185633
1	619.7119606720556
2	1105.1834910426091
1	1110.5979245533877
2	1114.254793523878
1	1121.629666035216
1	1121.9695623238147
2	1129.15057676586
1	1160.4449660569362
1	1171.8067873998896
1	1379.4210306317104
1	1389.3153334376962
1	1389.4140135433968
1	1429.410645195274
2	1647.2130726156465
1	1671.3487855318167
1	1671.7116671628198
2	1676.9683267461876
2	1676.9766798935093
1	1705.3604173811007
1	1705.4971442582503
1	1721.3580334945439
1	1784.3313997489045
1	1784.6360051669574
2	1795.9959765251326
1	1834.5334759532623
1	1922.622027768397
1	1922.6955958179547
2	1938.9679406107728
1	1972.4222993624455
2	2320.148076951759
2	2342.3477019923175
2	2391.5848713691876
2	2411.9085683048133
2	2412.001353873876
2	2415.3562171080675
2	2435.0214936056686
2	2439.2096253423483
1	2492.577832405704
1	2493.034251268752
1	2493.3827439762085
1	2493.3913320853712
1	2501.495925749759
1	2501.5255078216874
2	2510.646624950694
1	2542.6308711989154
1	2881.44337190906
1	2881.727964740729
1	2894.506035948421
1	2894.5447265643206
1	2973.5947977660685
1	2973.7299711850146
1	3004.0745708998265
1	3053.588972549254
1	3111.524866991792
1	3111.8085271743093
2	3177.711334345963
1	3189.391853886791
1	3189.4096003129475
2	3199.7343765336614
1	3289.6889844258685
1	3289.9413459213215
2	3296.796839218337
1	3339.632699594414
2	3454.602773164969
2	3463.518708923547
1	3464.502273042722
1	3464.8818161172685
2	3487.3616998545936
1	3514.5885290484416
2	3547.2587374948334
2	3558.884196436125
1	3591.5584795803375
1	3592.0029895935068
2	3606.5077894821347
1	3641.628926290223
1	3736.686945953712
2	3779.0312275647857
1	3786.4374493087976
2	3797.0359095140107
2	3844.707534236071
2	3848.5328611090436
2	4010.752480611013
2	4035.299401948431
1	4190.269117325051
1	4190.575005384099
1	4290.517426547452
1	4290.8304267903595
2	4297.31182619145
1	4340.3997576312395
1	4398.464950332718
1	4398.561605514753
2	4440.2269917074
2	4450.945687962684
2	4474.274093776722
2	4487.988920470489
1	4586.974103079673
1	4606.075896984824
1	4606.639445126709
2	4630.860785588571
1	4636.612806889706
1	4656.311911520839
1	4714.4818407548755
1	4714.766238423353
1	4730.459042242147
1	4730.64039312702
