2	198.52957541342383
2	218.3108856102511
2	222.39198389080184
2	246.28701201528412
2	247.00657180156267
2	275.5977339646548
1	509.2143612885564
1	509.305733825412
1	511.1118323454868
1	511.2029296766485
1	539.6711221515895
1	539.67179449761
2	556.3346308338279
2	562.3304862342982
1	669.4982079973968
1	669.6053365089443
2	1105.0148130362816
2	1107.2179288214008
1	1110.4076327573205
1	1110.493941713505
1	1171.8703089452601
1	1171.9566985254646
1	1389.2300627831967
1	1389.3122099715838
1	1429.2846474674463
1	1429.3252460600859
2	1651.9456365587987
2	1653.7170805300323
1	1705.3369014752839
1	1705.353468490858
1	1721.3447919213625
1	1721.3569590810691
1	1834.5304310675206
1	1834.5642644679192
1	1972.5075513508832
1	1972.5121401957508
2	2321.6140848542354
2	2340.123120307898
2	2393.1897034776384
2	2426.172832019814
2	2440.906241080065
2	2454.866079805223
2	2464.8210871857304
2	2483.603699561056
1	2542.7346644410104
1	2542.7515285252507
1	2543.251631489947
1	2543.3404314060035
1	2551.288781428827
1	2551.3334948589827
1	2931.5941098043904
1	2931.6376106801663
1	2944.314721328487
1	2944.357038463585
1	3023.538561264584
1	3023.5395331429277
1	3053.8336228779162
1	3053.905583393734
1	3161.638365527428
1	3161.6691437032628
1	3189.320993596463
1	3189.38933133301
2	3200.379571424308
2	3204.3213731421442
1	3339.729474818345
1	3339.7462079346105
2	3487.12797607038
2	3490.560910571364
1	3514.8500126425533
1	3514.853745696388
2	3538.242210621298
2	3573.1193936329632
1	3641.8542019821316
1	3641.9634202992547
1	3786.5691767387207
1	3786.6523511544683
2	3800.660942185165
2	3802.5500500751914
2	3824.5602383030955
2	3831.2416564719288
2	4031.960033096651
2	4039.2320923267393
1	4240.465210057737
1	4240.555131183879
1	4340.603115205199
1	4340.6839103705415
1	4398.244341591493
1	4398.3414591484825
2	4444.738867832622
2	4462.027693872552
2	4468.645155014335
2	4490.764002835155
1	4636.841707255585
1	4636.893077830639
1	4656.448136869214
1	4656.559611513491
1	4764.629164908384
1	4764.686376832516
1	4780.476434128586
1	4780.5118960580185
