2	139.1375567995639
2	225.96954397743133
2	254.8594415124407
1	509.70418181620863
1	511.41934037871226
1	539.89503061905
2	544.2521456920568
1	669.7448415071128
2	1094.2124577979218
1	1160.8089088294705
1	1172.2129830303656
1	1389.7422347873485
1	1429.8566075487288
2	1673.1337597683796
1	1705.9243561136268
1	1721.7211493384223
1	1834.9561125252378
1	1972.7678252373503
2	2338.7422833495207
2	2425.585024083226
2	2425.6758024776864
2	2425.7651934896903
1	2542.576175245041
1	2543.5306701239756
1	2551.673383665156
1	2931.8502414153313
1	2944.6225081060816
1	3023.9376331568587
1	3054.1010655421046
1	3161.9596693694384
1	3189.937493443032
2	3207.0479100543325
1	3340.1036927648747
2	3467.621627461978
1	3515.1700266439398
2	3583.3408345125317
1	3642.1258148993834
2	3785.9883763936728
1	3786.960767843323
2	3814.997180490307
2	4046.4876782855945
1	4240.769286873702
1	4340.853142417347
1	4398.753087558561
2	4451.694426687411
2	4480.617176277637
1	4637.220096695076
1	4656.813861852754
1	4764.85520909927
1	4780.93417564623
