1	80.15390751417087
1	80.65143960361698
2	103.7966733950031
1	110.57191431007666
2	115.47061379582237
2	115.4743488702843
2	115.54064665226109
2	115.56741290629486
2	115.60907707200732
2	115.61356497856475
2	115.68317447955387
2	115.71323016318243
2	115.7193195233339
2	115.78832621219688
2	115.87185292172697
2	115.89078636305187
2	115.94529108874853
1	120.14398777550393
1	120.23025743637986
1	120.29232363424894
2	132.8494193726198
2	132.8651072819631
2	132.90414142756202
2	133.0014118082495
2	133.17808563245993
2	133.26836795351025
2	133.31604761028635
2	133.4048742429293
2	133.4823884243068
2	133.48377334934816
2	133.5362978002575
2	133.63187606068115
2	133.71613288880212
2	139.29910928177046
2	139.33880788880447
2	139.37220057828668
2	139.37542157627715
1	150.11543944183404
1	150.25290319179703
1	150.29723931385317
1	150.3391672672831
1	150.9298014416976
1	151.01547703037556
1	160.69364055790265
2	161.89396351306777
2	161.9051775021964
2	162.00011691826688
2	162.06229131238777
2	162.16197050085972
2	162.24825123177536
2	163.1042647884392
2	163.11831613916956
2	163.15786899885
2	163.21137377941972
2	163.26102043037352
2	163.2901073417125
2	163.31972921541913
1	180.58304009825375
1	180.92255403288297
2	186.9962448367358
2	187.0543062998164
2	191.01558980851598
2	191.09637266928982
2	191.24228238631014
2	191.3392399583847
2	191.49006878517315
1	200.210183425593
1	200.21537574475892
1	200.75572943320208
1	200.91649134542635
1	201.23787806026047
2	210.78924194682833
2	220.07422656055323
2	220.16610650850032
1	230.80487250471757
2	234.66505530138934
2	249.14882193525568
1	250.31085813341116
1	250.3263701886004
1	250.64262134017267
1	251.0705425427252
1	251.34183014880094
2	258.5295414047866
2	258.58159936444906
2	278.2371937989445
2	278.2667270499223
2	278.26719302386573
2	282.3791752551464
