1	80.11568932384563
1	110.71072838428077
2	118.68245142703914
2	118.72464701913711
2	118.76450638292353
2	118.8170634711191
2	118.84863985066507
2	118.91866873768564
2	118.92645639293264
2	118.92842694200168
2	119.0008919042292
2	119.06929362331522
2	119.08056267190528
2	119.11177247822572
2	119.18652680225652
1	120.18673961769345
1	120.28841830199411
1	120.37013686612586
2	147.38315693745736
2	147.49157700284215
2	147.4953780973207
2	147.56859353706392
1	150.18111060529858
1	150.25954510958664
1	150.36256020656805
2	176.09827081890447
2	176.12670476735076
2	176.19061098250748
2	176.19795263884367
2	176.26244639057867
2	176.28719990138234
2	176.30819800845867
1	180.6301657861307
1	200.25020269522452
1	200.9108527303974
1	201.29311667068345
2	204.8754669385258
2	204.9054605253167
2	233.5083273311605
2	262.3574012534229
2	262.4377599988231
2	290.91972685345934
