2	127.76455611956452
2	220.7831519801517
2	267.29096055211795
1	509.42941040122673
1	511.1902883284307
1	539.7151907139844
2	569.6459736651992
1	669.5427886257479
2	1104.6087366644333
1	1160.45705091909
1	1171.9504329321846
1	1389.4514214624458
1	1429.4903075067343
2	1662.785653858791
1	1705.5702114186722
1	1721.4318832505596
1	1834.751924645455
1	1972.6227184110808
2	2337.3714730476468
2	2407.0837867935497
2	2407.1354035320683
2	2430.3969587947113
1	2542.8234073170183
1	2543.3192901093294
1	2551.2696634355016
1	2931.6569653059423
1	2944.405007079687
1	3023.526299903148
1	3053.853919108327
1	3161.7505049537176
1	3189.616799618502
2	3197.9450975759464
1	3339.813098700791
2	3453.7356683962084
1	3514.7644199605757
2	3546.834417624768
1	3641.9326306098224
1	3786.645681219101
2	3802.591641942986
2	3849.147754633099
2	4035.216712314822
1	4240.588913330255
1	4340.721755412009
1	4398.570605896982
2	4453.898224426125
2	4477.179935292484
1	4636.851895336002
1	4656.556975821235
1	4764.694112695148
1	4780.584676222977
