1	80.27789551455749
1	80.51305543973017
2	97.28980395460225
2	120.90931418668801
2	120.99519525873323
2	121.02666169433313
2	121.10273988964843
2	121.1256814013188
2	121.15631533605283
2	130.40050067707244
2	130.43129130634287
2	130.50957472175725
2	130.56891054057357
2	130.61358713884022
2	130.67832237689848
2	144.65955364065033
2	144.72885163988687
2	144.79531821415856
2	144.81452518447807
2	144.89433991976276
2	144.94672935579652
2	145.0279063521082
2	145.03117950554065
2	145.05474281801767
2	145.0748811103519
2	145.0914781082316
2	145.18601862377406
1	150.10886709887433
1	150.2556996395404
1	150.3781535377002
1	150.68196170336319
1	150.9535438423596
2	158.7842413716379
2	158.8685463204242
2	158.9046898739488
2	158.99702795643216
2	159.05672793122943
2	159.05802611104073
2	159.12086390516058
2	159.17731231944023
2	159.31823172890967
2	159.35267629373118
2	159.44143785380888
2	159.51889279055573
1	160.69827796008238
1	160.94809071881508
2	168.14176348969121
2	168.29703620437127
1	181.0233245320543
2	187.04246121614042
2	187.13954471171274
2	187.1556966251539
2	187.16479328558964
2	187.1662028727109
2	187.23139680124558
2	191.95202864190344
2	191.99456369440767
2	192.10727175860748
1	200.16993680265296
1	200.2694264012505
1	200.36934670935165
1	201.11080730577044
2	215.5218304052423
2	215.61236165548664
2	215.77407339860483
2	215.95761479239474
1	230.6793193552904
1	230.79137050323598
2	239.136027430553
2	243.82660480152515
1	250.12381768072996
1	250.31663206764318
1	250.3415258369571
1	250.58007528109957
1	251.04299512196448
1	251.10696010304326
1	251.20373862988495
1	251.25306964468308
2	262.77930807414066
2	272.13600240421545
2	286.4088466340679
2	286.4196702828884
2	300.5036559939204
2	300.5731701628343
