1	80.15351747315573
1	80.2134622516465
1	80.31827620497809
2	96.41917073298491
2	96.46881590730622
2	108.93191781272697
2	109.01034679959957
2	109.07655981975469
2	109.10278968876091
2	109.17441747169099
2	109.17594227236842
2	109.20579293160495
2	109.2150754673197
2	109.27710989304909
2	109.28073215418928
1	110.70607630184514
2	117.28876612429363
2	117.38552152303322
2	117.45938784416217
2	117.55449387572277
2	117.60222562012726
1	120.28504997899367
2	120.37364872790829
2	120.45546569009275
2	120.5225649434027
2	120.57748703534892
2	120.58423351532801
2	120.6206115103461
2	120.68969144657527
2	120.77914676328572
1	120.84368584007831
1	120.93927440856011
1	121.01798214025048
1	121.04467269614499
2	137.95547146485225
2	137.98709896150436
2	138.14823616584565
2	138.1895138301236
2	138.28027533004075
2	138.29958880814513
2	140.43488405734274
2	140.4701688059227
2	140.5035770932339
2	140.53849349797875
2	140.54910316727768
2	140.55583771106916
2	140.56712123646636
2	140.5770009445184
2	140.63472192352302
2	140.7275329818894
2	144.1783522420539
2	144.22809969541817
2	144.25677924733964
2	144.27535093690122
2	144.2876567383703
2	144.3023226877878
2	144.3780719653951
2	144.3829190402203
1	150.04495518178842
1	150.15020373212488
1	150.20276986689268
1	150.3007082210252
1	150.35621543576764
1	150.46746973032464
1	150.6492560274955
1	150.69924887528833
1	160.2077294507616
1	160.32072420820109
2	163.6316589838726
2	163.66831512564943
2	163.67227475050802
2	163.78524967734026
2	163.8468537174797
2	163.90629513514128
2	163.98233909899778
2	166.94509760492255
2	166.9865434214454
2	167.05248965283334
2	167.08639184998756
2	167.10395723403312
2	167.1421036458628
2	168.07180992702123
2	168.16606835544619
2	168.17033958358184
2	168.26387363182369
2	168.29522488442925
1	180.56831954011963
1	180.75887255860403
1	180.85294306683159
2	186.86508524799032
2	186.8739571624992
2	191.75445531871216
2	195.9681836233133
2	196.0879385684748
2	196.14037434809688
2	196.1726616929638
1	200.0867215308909
1	200.21292213570823
1	200.21358896568586
1	200.25189212652725
1	200.27179096700453
1	201.05300156564815
1	201.15007061305442
1	201.27869984622038
1	201.3607663746038
2	209.99931595628533
2	215.64080272557715
2	215.69924208410103
2	215.74552763858847
2	225.04664126148907
2	233.12983490366474
2	233.26141144404477
1	250.3835329831618
1	250.41329250305841
1	250.49802652468725
1	250.53657983474082
2	254.1254942583259
2	254.15007737603875
2	263.3259701625102
2	263.3806003747865
2	279.4495610742187
2	279.5440690408777
2	283.02999507307584
2	287.1550444129225
