1	80.37117321622442
2	93.93151731832704
2	117.08392412965436
2	117.1367828638968
2	117.14810008967157
2	117.22482832024207
2	117.32270584429318
2	117.37685620810188
2	117.45440936666309
2	117.54587000261257
2	117.61997498673762
1	120.17253539655694
1	120.26255505948494
1	120.46277306502677
2	140.49646315637693
2	140.57941011993006
2	140.64318313315962
2	140.8387114421126
2	140.86567374778951
2	140.93274332629562
2	140.9750697782898
2	140.9983050184159
2	141.07179250994656
2	141.1624494290934
2	141.19595200506353
1	150.2320754532902
1	150.42791195211353
1	150.46372730476386
1	160.5818558806277
2	163.5786200218595
2	163.95993566648744
2	163.983015741159
2	164.14250071509895
2	164.2419517418259
1	180.91074289656157
2	186.98214843432388
2	187.01871027054744
1	200.29128945654003
1	200.38628909792243
2	209.891729124617
2	209.99095871594034
1	230.71218438633946
2	233.0486386805833
2	233.11945933716117
1	250.13720888675212
1	250.51009196123582
1	250.9424889696559
1	251.22984577803214
2	279.3135190922663
2	302.5684051732745
