1	80.25640405038844
2	104.60361440026145
2	133.95447068044237
2	134.09733071403522
2	134.13853540931484
2	134.19320859904374
2	134.22810567822629
2	134.32551717637247
2	134.4193374864267
1	150.115546116073
1	150.2257418528668
1	150.39329816121605
1	160.59253548578542
2	163.36843079464964
2	163.39902246998844
2	163.4139382337436
2	163.60778579398132
2	163.63704737690702
2	163.69512778219382
2	163.85523668095846
2	163.88619236418623
2	163.9628537162833
2	164.01177381131552
2	164.07899444768242
1	180.75392810759408
2	192.60589943486164
2	192.73335467045248
2	192.833779437297
2	193.06879793598037
2	193.0804050046827
2	193.17191009606134
1	200.1950783483856
1	200.33654123486764
2	221.87821324521568
2	222.0452899358777
2	222.35349990058396
1	230.63297808702467
1	250.18711317168137
1	250.45889274677913
1	251.01044635875496
1	251.2445803035102
2	280.5567567838237
2	309.8599308162825
2	309.89574728857286
