2	130.25737278212662
2	246.9996960627154
2	247.02936512829325
1	509.6555257731002
1	511.4413576003382
2	539.0531538575201
1	539.8890122708892
1	669.7977873973533
2	1122.9511422685657
1	1160.6327985407793
1	1172.1748362899339
1	1389.685758740156
1	1429.7820311135274
2	1677.7273687984
1	1705.8215640158396
1	1721.751225576154
1	1834.750811040565
1	1972.7671647014045
2	2349.2983423281917
2	2407.653904316679
2	2407.673230512099
2	2436.898873658818
1	2542.9624313236636
1	2543.4060284088
1	2551.4514340539704
1	2931.872713717474
1	2944.6498012390102
1	3023.7089214010057
1	3054.0236372886898
1	3162.005489489716
1	3189.873624936052
2	3195.9453923556553
1	3339.956066112844
2	3458.7972317343306
1	3515.094571820292
2	3575.588776393893
1	3642.0734627483757
1	3786.9139382267977
2	3809.092787668161
2	3867.5480391389297
2	4042.6995004475934
1	4240.706714137381
1	4340.724537701151
1	4398.797293748976
2	4451.447708579479
2	4480.704504722265
1	4637.096835328397
1	4656.819777222753
1	4764.78030358299
1	4780.772542642016
