2	131.65733343290975
2	245.6189569442889
2	245.70434551448645
1	509.53784430941613
1	511.2634503551534
1	539.7131870563995
2	564.4820438873209
1	669.5644148478268
2	1111.2337329578322
1	1160.6390337461287
1	1172.1475707705556
1	1389.640500849741
1	1429.657647304063
2	1658.0556482754744
1	1705.7561298723792
1	1721.573103439534
1	1834.772204998464
1	1922.7314893191785
2	2341.406582035147
2	2409.743340616716
2	2409.769215879571
2	2432.589920920213
1	2492.3268315088117
2	2523.6873399396054
1	2542.887478620878
1	2543.2522996088446
1	2551.364124702556
1	2931.701809750998
1	2944.4778993328614
1	3023.7582998687412
1	3053.9528315709504
1	3161.7620029065006
2	3184.346773360754
1	3189.744667944936
1	3339.8939260212946
2	3457.7571016033526
1	3514.8655708059387
2	3548.867368459552
1	3642.025696349532
1	3786.7476908370495
2	3799.4254532269215
2	3845.0117071324676
2	4049.9862887110776
1	4240.639435995018
1	4340.801703843644
1	4398.702348843588
2	4460.12122483068
2	4482.877128204551
1	4637.045972063492
1	4656.644231478339
1	4764.706027763859
1	4780.678419726247
