2	141.9761327356104
2	228.4086708904721
2	257.3430499510101
1	509.5392475180819
1	511.1905412003544
1	539.6555950401732
2	545.5585445663478
1	669.5590645382747
2	1093.24882136802
1	1160.5031672181417
1	1171.8840282525905
1	1389.44078347664
1	1429.4641355863891
2	1641.043679286102
1	1705.585278002547
1	1721.4894112481259
1	1834.6409721317486
1	1972.6005722490622
2	2332.8829673813034
2	2419.395744358223
2	2419.413385935977
2	2448.2151976636897
1	2542.760903236846
1	2543.2236870791535
1	2551.293961497956
1	2931.7055767354677
1	2944.3890834112913
1	3023.563579031439
1	3053.8426287903794
1	3161.7559740073557
1	3189.6330478093546
2	3197.6754810591024
1	3339.855981797981
2	3486.0170081062843
1	3514.830712772798
2	3572.47983717982
1	3641.905687886185
1	3786.5978159819574
2	3803.0619576998743
2	3860.7587883786327
2	4033.6670011394513
1	4240.519444676758
1	4340.691905843827
1	4398.512862114973
2	4466.1648251318375
2	4494.983929179723
1	4636.903761534427
1	4656.486385267643
1	4764.612844416376
1	4780.627724108474
