1	80.37823974273294
1	110.1856608884067
2	127.9543222353897
2	127.96453879476005
2	128.034423762289
2	128.1088658987369
2	128.20462668089039
2	128.25225246832738
2	128.30471266627038
2	128.37595592043547
2	128.46697248469673
1	150.55232172741194
1	150.68184595664337
2	151.8543592832756
2	151.8700629913082
2	151.94046479314053
2	151.96632338573104
2	151.98423595979335
2	152.05785140330119
2	152.09547645720318
2	152.16993834615855
1	160.45732998040458
2	175.56959437056855
2	175.58578073159342
2	175.65769679407907
2	175.6592802430169
2	175.7564148899221
2	175.80182713431077
1	180.67235202602217
2	199.32676529590273
2	199.35129547725992
1	200.42631051235523
1	200.66658012557343
1	201.25548348946273
2	223.33811320586543
1	250.4460297571892
1	250.65687956237855
2	270.7154657023165
2	270.7560946916883
2	294.51411862175706
