2	123.22107600729625
2	240.86012418139484
2	264.44667915966363
1	509.5040993556698
1	511.25946112583347
1	539.7728708524628
2	546.7219425429723
1	669.6419234280639
2	1111.411172924572
1	1160.6150076268855
1	1172.03886682561
1	1389.5659111044854
1	1429.5625233411893
2	1652.5077445808176
1	1705.8151379585775
1	1721.5527837816196
1	1834.6076610258976
1	1972.77557303256
2	2334.865908052335
2	2405.4524765359033
2	2405.5346441409147
2	2428.9453510677395
1	2542.8046914061783
1	2543.362608578416
1	2551.4083580992133
1	2931.707430630714
1	2944.4976426363983
1	3023.757356509072
1	3053.90346829794
1	3161.7788045518655
2	3181.882311213341
1	3189.6726254491264
1	3340.026058398237
2	3487.7516521155426
1	3515.000336059568
2	3581.847525572995
1	3642.0243217200436
1	3786.686894110689
2	3793.5638382898987
2	3840.6420988878604
2	4028.86188862881
1	4240.6210813473235
1	4340.738412169829
1	4398.6910072575
2	4452.342724904611
2	4475.851443609302
1	4636.886396192049
1	4656.6840593121615
1	4764.734135870982
1	4780.618324008443
