1	80.15972329764487
2	95.54596181956502
2	119.41282753708661
2	119.41387670050494
2	119.55212188607744
2	119.63657588021837
2	119.64929425376951
1	120.15134823015859
1	120.35915432227314
2	143.3231512693886
2	143.3250467253997
2	143.35278007843021
2	143.43316127192386
2	143.4786506168535
2	143.51663827792183
2	143.52188902670508
2	143.59607876187664
2	143.76016500372384
2	143.79993944076938
1	150.16722158671692
1	150.17807324417055
1	160.56062788192804
2	167.11999693641152
2	167.18790264264734
1	180.60333565111196
2	190.9754488726793
2	191.02170308047252
2	191.34467198283528
2	191.35736541554988
2	191.45327293228488
2	191.5015819143123
1	200.12459683407366
2	214.81817135866842
2	214.8696830595068
2	214.94215837849896
1	230.63411074165447
1	250.08255490879333
1	250.94251791019926
1	251.13671813591753
2	262.57431845635
2	286.4310108001236
2	286.45889885725904
