1	80.21081715377997
2	115.92161454846408
2	116.01712108883994
2	116.05275786466812
1	120.22375318733229
2	139.6261545972642
2	139.69976356911306
2	139.79276734141288
2	139.82680866809383
2	139.83849975354315
2	139.90841065193112
2	140.00543158438305
2	140.02632909613288
2	140.03598759910358
2	140.0553852157587
2	140.070170520774
1	150.1231759022747
1	150.34239929253022
1	160.63126780336066
2	163.1765333853898
2	163.24143920416375
2	163.3142879565974
1	180.63945562654285
2	186.81048255512044
2	186.88682761819186
2	187.004632788846
2	187.03966950887147
2	187.0770390259491
2	187.16038796168078
1	200.17053103995883
2	210.40174816480183
2	210.49110038614
2	210.56612722453073
1	230.68713472618114
1	250.1779392978062
1	251.03649429658287
1	251.17171886424617
2	257.62874707263916
2	281.28057281671937
2	281.293089490459
