2	138.91661178817387
2	226.14827039894263
2	255.26746104808154
1	509.58396476095345
1	511.24565460434764
1	539.8302426996149
2	546.2599725603154
1	669.6464402733437
2	1128.271152676183
1	1160.700852017081
1	1172.1706524343706
1	1389.613404661537
1	1429.6228577615127
2	1681.1898173299
1	1705.8362440142062
1	1721.5302983041208
1	1834.7829012292382
1	1972.829767538319
2	2321.409192868888
2	2408.6323289936327
2	2437.7185261578056
2	2437.7387802571043
1	2542.9201611797303
1	2543.471539927489
1	2551.4686531849306
1	2931.684044034072
1	2944.5696397135425
1	3023.7781675541123
1	3053.959914923844
1	3161.867381020738
1	3189.796352040173
2	3194.330981769481
1	3340.0050121025497
2	3485.316422107155
1	3515.069579564088
2	3572.62135513833
1	3642.002209070372
1	3786.6936334875263
2	3805.479219974018
2	3834.5117183986276
2	4038.23839709775
1	4240.656247685164
1	4340.850116239743
1	4398.674040026089
2	4445.629535963544
2	4503.893013590513
1	4636.963482379068
1	4656.705407790858
1	4764.780700500125
1	4780.712782558954
