2	161.93697989993217
2	254.10155069915274
2	254.13365621301162
1	509.2833019034743
1	511.22558077987196
2	530.7279257492964
1	539.7176555565612
1	669.5953083418273
1	1110.4603674186503
2	1130.0593355544918
1	1171.8266558826915
1	1389.2569679766057
1	1429.3578012832616
2	1660.2021992413277
1	1705.3642718521633
1	1721.4294328461767
1	1834.527662088792
1	1972.6031547749838
2	2328.642192316289
2	2420.766589316629
2	2420.850937427053
2	2443.8318999802805
1	2542.7327305442946
1	2543.2682950871617
1	2551.3243364075493
1	2931.676390097663
1	2944.2932238124904
1	3023.6020328488817
1	3053.783522666801
1	3161.7236954651
1	3189.4800307083883
2	3204.444529027777
1	3339.879496292732
2	3458.0158740688303
1	3514.8595065977
2	3550.2365885568765
1	3641.8844025922344
2	3780.781570348118
1	3786.6032480144504
2	3849.905793833967
2	4034.2933697986396
1	4240.559750323015
1	4340.617908623009
1	4398.386887758873
2	4449.1470301430245
2	4472.286820110221
1	4636.88568255661
1	4656.563517398268
1	4764.709842707317
1	4780.527299166512
