1	80.48393022965739
1	110.5435611684109
2	115.29157003000795
1	120.27563048184341
2	137.97528599854326
2	138.07220222698353
2	138.07608586107023
2	138.08436975700354
2	138.1347319211362
2	138.1503031108081
2	138.2492624517109
2	138.3184482834807
2	138.37445973450315
2	138.40618001949323
2	138.42589191020048
2	138.44647494847308
2	138.49602136697467
2	138.53170970867515
2	138.57539544608807
1	151.30753234186
1	151.3902644062162
1	151.4227756070956
1	160.45084694511903
2	160.7850078313901
2	160.832726994617
2	160.86320497890523
2	160.9226467899196
2	160.97260267460763
2	161.13542204578363
2	161.2157878896989
1	180.67312871417755
2	183.58809630948542
2	183.64134797415184
2	183.65375836594342
1	200.51202769579035
1	200.75518229367668
1	201.18868690004228
2	206.4149865860333
2	229.24430516627592
1	250.4635364765836
1	250.6979026386702
2	251.74629867250334
2	274.4730824135013
2	297.3039212470017
