1	80.192846227804
2	108.3944699608816
2	108.49009957255811
2	108.55002735646391
2	108.5693901241444
2	108.63327216986805
2	108.67632495406497
2	108.71348190144177
2	108.7780747720047
2	108.83696403115611
2	108.92034059368902
1	110.59565110054427
1	120.16345746111641
1	120.36183548198483
2	132.23633986607686
2	132.32805433806277
2	132.46139091288097
2	132.46337215875783
2	132.48747131501915
2	132.54118847916294
1	150.15193344503868
1	150.25571870391445
1	150.2862807874471
2	156.15112853132786
2	156.22942457991013
2	156.30106469379223
2	156.34458072092565
2	156.35826432292168
2	156.393650671659
2	179.90619869446934
2	179.97978265933995
2	179.98198622908978
1	180.64527552513945
1	200.17154272567956
1	200.85827844083826
1	201.19415866267727
2	203.78368553856393
2	227.63007705931653
1	250.34111214070595
2	251.51459362453556
2	251.52740039150288
2	275.373185926414
