1	80.27190143858613
2	142.108005705903
2	142.1374124489257
2	142.16823246610284
2	142.17302644929285
2	142.24021165563207
2	142.28547452676258
1	150.1293604956974
1	150.20366620247074
1	160.31211859699556
2	165.28557233401196
2	165.33513398107218
2	165.38474085171868
2	165.42854836555205
2	165.52842356784603
2	165.58078463443567
2	165.67926987287726
2	165.72872962673077
1	180.6565481609741
2	188.50356314764105
2	188.60275209184226
2	188.70143741963517
2	188.74256968991577
2	188.78183515432758
2	188.85884981814814
1	200.16316092688882
1	200.27702208783694
1	201.2105534119923
2	211.7437912336841
2	211.82182574637488
2	211.8941711245017
1	250.58665845836018
2	258.17614240657764
2	281.3301829490724
2	304.56790457515524
2	304.58936690982904
