1	80.21044852438868
1	80.26973674883156
2	101.98529742886039
2	101.99337609490452
2	102.01392214183622
2	104.06221810175481
1	120.43467539715768
2	125.85479758184891
2	125.88695443976903
2	125.9758528960313
2	125.97840120969416
2	125.98666167197852
2	126.0222694061229
2	126.11732177969051
2	126.1885013464854
2	126.19836862889007
2	127.95660627841177
2	127.95797207027437
2	127.96594189188785
2	149.72232605277225
2	149.9073114963419
2	150.02373093182194
2	150.08364719177857
2	150.15317163447804
2	150.17797629240854
1	150.18698910287577
1	150.27311911973106
2	151.85099748993184
2	151.88771727501955
2	151.94835379513538
2	151.97773421515765
2	152.11771726024352
2	152.1902885057167
2	152.26848029122837
2	152.2824392509106
2	152.29428689724548
1	160.27337532222882
1	160.3613190255556
2	173.5145339214118
2	173.6255286588608
2	173.77639478255483
2	173.93191659105867
2	175.81708174585776
2	175.82577668147295
2	175.90490449917274
2	176.04905805794886
1	180.68415364897433
1	180.71573762105442
2	197.3685291182567
2	197.41790678379368
2	199.6400307013646
2	199.7827915096736
2	199.86635716888782
1	200.1278815711966
1	200.22095709755385
1	200.30550114207998
1	200.3211280721101
1	201.20258266216555
1	201.299703274377
2	221.39653906568643
2	221.40152594539728
2	223.5488269727694
2	245.1720996807087
2	247.5444509268624
2	247.5566693960433
1	250.37462465362506
1	250.41084609951787
1	250.52593941925753
1	250.55206819563574
1	250.57063500305176
2	268.95677952240527
2	269.07512659292195
2	269.14609862706453
2	271.40525567811164
2	295.4371296151122
2	295.51667991155716
