2	154.3333536532846
2	225.74938907550973
2	249.56960199985545
1	461.29879632988064
1	489.4520954143277
1	509.4045751817316
2	535.4688024474125
1	619.3845832183714
2	1107.1549778617828
1	1121.6925575101266
2	1131.1273586022091
1	1160.3624150644614
1	1171.8276427354174
1	1389.3321176488353
1	1429.438039472823
1	1671.3361216846213
2	1678.924535810641
2	1678.9539135853959
1	1705.5018009327287
1	1721.3707279801924
1	1784.3166857318633
2	1798.0686182166867
1	1834.5006527442026
1	1922.564101027676
2	1940.978396687972
1	1972.4278319315547
2	2322.142242580855
2	2393.5558703048655
2	2417.3558756405096
2	2441.248429540405
1	2492.500043761784
1	2493.4510628622625
1	2501.404204682281
2	2512.6848061255323
1	2542.5825085920146
1	2881.473555349934
1	2894.558327701139
1	2973.5942200253708
1	3053.54593328312
1	3111.463200576398
2	3179.6750753384167
1	3189.4263151951154
1	3289.6247191265047
2	3298.8454188783408
1	3339.5989333399457
1	3464.4467155804746
2	3465.5275254255143
2	3489.421653812607
1	3514.6013355752366
2	3560.8298093410676
1	3591.642974460638
2	3608.510979022742
1	3641.5603939018724
1	3786.364714322648
2	3799.048046235376
2	3846.7054585717033
2	4037.321318766388
1	4190.267197943207
1	4290.477995382424
2	4299.304971331776
1	4340.4192723126125
1	4398.499483000953
2	4442.210663444019
2	4489.950046650132
1	4606.070603931146
2	4632.783286729836
1	4636.608055098158
1	4656.367353405457
1	4714.485125366245
1	4730.4768047919
