1	80.37996795559023
2	128.77397133392
2	128.84195329346608
2	128.92486339414012
2	129.0219406902977
2	129.07203273196617
2	129.07482285719635
2	129.09999384058315
2	129.1312032283536
2	129.2037654491427
1	150.51669641188994
1	150.69757988810446
1	150.7555143223879
2	152.7918386129738
2	152.88447580068518
2	152.91267044492244
2	152.9296110627594
2	152.99427070253586
2	153.02798680922552
2	153.0451907628239
2	153.13453680387562
1	160.41866288063918
2	176.8109609711132
2	177.03027885600528
2	177.11719984431403
2	177.14676614630804
2	177.22231267773415
1	180.159038082545
1	200.29823761764288
2	200.81231465938785
2	200.9272166226373
1	201.08766718531976
1	201.18162984801222
1	201.21178751533535
2	224.97843448855133
2	225.0612182745219
2	248.92332180772937
2	248.99620062974665
1	250.36973821288686
1	250.71799387164495
1	250.8006691630877
2	272.91888414333164
2	296.9168738485714
