1	80.63107603891287
2	107.65965460881712
2	107.73125409693213
2	107.79180311236195
1	120.423082739414
2	135.80816552716234
2	135.84308062528248
2	135.8879868480255
2	135.94622799619313
2	136.0077945500185
2	136.0572118783813
2	136.1043733757346
2	136.18834433655874
2	136.23092447594496
2	136.23976110374025
2	136.26135320572826
2	136.28135623119988
2	136.3374934814894
2	136.39104563688738
1	150.23233217728264
1	151.02161606736547
1	151.04130216201102
1	160.6205572690233
2	163.9741339922852
2	164.04164312520777
2	164.10667543569576
2	164.14934557488633
2	164.1718677665683
2	164.2877187472143
1	180.89798425044992
2	192.1571758605226
2	192.28615710199844
2	192.28898635180428
1	200.2774618625192
1	200.91849911839248
2	220.53449747664217
2	220.5878691525775
2	220.79126186607272
1	230.71701096664268
1	250.2784565079252
1	250.44271719123523
1	250.95821616881108
1	251.20193783228902
2	276.5777041684162
2	276.6211415995168
2	276.71059528824185
