2	153.4023148594417
2	269.58495588835626
2	269.6513248858503
1	461.17172383097306
1	489.69723549974356
1	509.3657293490661
2	531.0573622528005
1	619.6548261073151
2	1111.8629004722952
1	1160.263517887515
1	1171.6881243882242
1	1389.2048245594594
1	1429.4345429436871
2	1663.7528392326128
1	1705.229231349304
1	1721.2636510031211
1	1834.3670494286007
1	1972.329454415011
2	2331.720626639137
2	2418.8167160255634
2	2418.8982023481017
2	2447.9614469082026
1	2493.2718060201237
1	2501.2838767878457
1	2542.425593068113
1	2881.7739873073097
1	2894.3431243516243
1	2973.6056556068565
1	3053.493307229414
1	3111.7376157228796
1	3189.29859712779
2	3203.03104022105
1	3339.4514810371725
2	3464.3534366498834
1	3514.4333952768934
2	3609.667831766633
1	3641.6715322885884
2	3783.9296365032724
1	3786.404062207625
2	3900.100966449063
2	4045.305326960949
1	4190.569494933256
1	4340.31546987885
1	4398.258215171486
2	4451.876620858508
2	4509.9479090247505
1	4636.4998125046495
1	4656.354782519863
1	4714.657852548902
1	4730.75861633123
