2	132.98622722596573
2	204.49852900649594
2	276.01681492738777
1	461.13403771006216
1	489.589735321297
1	509.26009494387677
2	561.9841546480634
1	619.3538783995895
2	1110.099373602231
1	1121.7778980688665
2	1157.7719671789373
1	1160.313471751076
1	1171.6554232334188
1	1389.2048407957868
1	1429.3988151939561
1	1671.391313443954
2	1681.999084557643
1	1705.315009598307
2	1705.8439231563361
1	1721.281844890406
1	1784.3964244803217
2	1825.0335039858812
1	1834.4248167367239
1	1922.3574323026123
2	1968.0011395883694
1	1972.3262288836702
2	2349.2570921330607
2	2420.7936438656006
2	2444.588803247173
2	2444.607935897914
1	2492.6773759566463
1	2493.3776431508973
1	2501.362779354839
2	2516.124977527852
1	2542.607592372308
1	2881.5159484042547
1	2894.338612147593
1	2973.4188042081014
1	3003.6769819671404
2	3040.3348356732067
1	3053.519478219734
1	3111.5731975687995
2	3183.3843993400455
1	3189.3219604369956
1	3289.6289883077097
2	3326.299983778174
1	3339.534766239502
1	3464.6787194745016
2	3469.3106672431804
2	3493.0949654134247
1	3514.471181297583
1	3591.8053688653063
2	3636.093605253036
2	3636.1046684702947
1	3641.62662018825
1	3736.392093071077
2	3779.1453608671404
1	3786.367128640966
2	3802.916408425527
2	3874.455293039083
2	4041.2315022593616
1	4190.435962409685
1	4290.576001341889
2	4327.186615184863
1	4340.314198461291
1	4398.310036978519
2	4446.381647854068
2	4494.010010308989
1	4586.635787245654
2	4613.129115158699
1	4636.568902283052
1	4656.326940511762
1	4714.535604753172
1	4730.404411218464
