1	80.51219354752337
2	107.21588847965411
2	107.21976333266504
2	107.27926046956877
2	107.28668309768538
2	107.37133671719342
1	120.62181619117288
2	135.82236801291023
2	135.93272278322766
2	136.0250480601773
2	136.140269697067
2	136.21431611027722
2	136.24772451363629
2	136.3123783964667
2	136.36044517545892
2	136.3888465347758
1	150.64894481758472
1	150.7768994336674
1	160.57362087532485
2	164.62766328899295
2	164.8059057288234
2	165.0049219166779
2	165.05593562612563
2	165.0748764015776
2	165.091638858644
1	180.92616505942487
2	193.20742173022322
2	193.25288780360776
2	193.30463744172462
1	200.5893198509825
1	200.90217918664507
1	201.49098559795618
2	221.9035202248645
2	221.9844122093583
2	222.2792665592084
1	250.4108324530124
2	250.60887328959143
1	250.7157654627564
1	250.85854421409988
2	279.3183652927288
2	279.3656441352768
2	279.45192627770854
