2	140.02864859465745
2	226.76276480431565
2	255.56902996137526
1	509.2126474145497
1	511.11776197934864
1	539.7156464860506
2	573.3885267859778
1	669.5796810602803
1	1110.6335583236998
2	1122.1978392681897
1	1171.8862076729592
1	1389.4200296161628
1	1429.259196618925
2	1671.057847939177
1	1705.2782235675668
1	1721.4374567091086
1	1834.5377569715783
1	1972.5421476421448
2	2335.5052355117327
2	2422.1868772479697
2	2422.2406020992075
2	2451.102894633328
1	2542.76768558289
1	2543.33883438377
1	2551.35100932146
1	2931.642792775286
1	2944.4167553932757
1	3023.5685432476903
1	3053.8603713694642
1	3161.64344376298
1	3189.3903607732836
2	3231.0215778417487
1	3339.793128717788
2	3491.042022466403
1	3514.820028264366
2	3548.7998212580987
1	3641.8107435627303
1	3786.702878577133
2	3808.7620708102468
2	3837.6839091029874
2	4039.843623289391
1	4240.483232333485
1	4340.698959690157
1	4398.316880050611
2	4473.194207037918
2	4473.226926265818
1	4636.886845133309
1	4656.553535972133
1	4764.723349553122
1	4780.579537330198
