1	80.1763443907038
2	90.25910206094298
2	118.99014279783682
2	119.03000757387768
2	119.10503799308935
2	119.1328483104221
2	119.194382008965
2	119.22778551797472
2	119.24579944887819
1	120.12839715851594
1	120.47255966046983
2	147.82722318092553
2	147.92755029701343
2	148.0547385880622
2	148.08313665137703
2	148.09224833412694
2	148.12078192432344
2	148.15475506741842
2	148.24840732387352
2	148.2677714253173
2	148.29025949452188
2	148.33850851204903
1	150.1490159197307
1	150.1978222308969
1	150.2639940020677
1	160.55642238071172
2	176.58850350801998
2	176.60226473310684
2	176.62543563742906
2	176.72272905382414
2	176.74020485523243
1	180.59011296963052
1	200.15875492205302
2	205.3503004118008
2	205.38868191622328
2	205.576250540384
2	234.3370794676217
1	250.167674537599
1	250.41807316155905
1	250.93868677792108
1	251.18044421961142
2	262.9162023962556
2	291.75937751404354
2	291.7796074805208
