1	80.70445812314594
2	138.57357075154542
2	138.60387688280957
2	138.63016944527217
2	138.63037879211618
2	138.66015396567647
2	138.70527622836514
2	138.7715121295874
2	138.8593502889794
2	138.91813964237065
2	138.96404201408768
2	138.98295786182254
2	139.0244703385946
2	139.0627656975031
2	139.16252385435493
2	139.21751832338532
1	150.83525901073327
1	150.98114994008023
1	151.02468600630576
1	160.6372853845688
2	166.82335247913892
2	166.83883207004132
2	166.92969722706832
2	167.02283341210236
2	167.09787239869146
2	167.185423654203
1	181.00742733227096
2	194.97684962609958
2	195.2340047432652
2	195.3170554071824
1	201.31480933319088
1	201.42968972381183
2	223.26413944339126
2	223.43324095947384
1	250.268172714411
1	250.67858084140545
1	251.12603287249132
2	279.533979049754
2	279.56666275484355
2	279.59287286620696
