1	80.25240661353757
2	111.48556766664132
2	111.54722070435582
2	111.54931565590884
2	111.63835608630461
2	111.63838020431959
1	120.32419878212657
2	134.88167722832617
2	134.94245227813542
2	135.03635402573343
2	135.07752448019883
2	135.10726838298564
2	135.12328206638057
2	135.2060289964533
2	135.26659298831603
2	135.34670534376644
1	150.30550252408887
1	150.46809319724
1	150.50819290905187
2	158.32057257994964
2	158.35475668474962
2	158.53763840916693
2	158.63375742293465
2	158.6594059341511
2	158.73324592328552
2	158.77815646901172
1	160.59666124360442
1	180.68022636684114
2	181.75098693055435
2	181.7857805106639
2	205.23707537091346
2	228.50655588163
2	228.59262198312615
2	228.79636321595686
1	230.70730694904688
1	250.1658421735769
1	250.38123130143052
1	250.94029723757274
1	251.1427787574968
2	275.33173543093403
2	275.33990646703364
2	275.3987032058363
