2	119.44867628933876
2	235.43999484629614
2	235.50650626114796
1	459.330456198521
1	461.12677441471163
1	489.67945735646674
2	559.9834544270417
1	619.555718290275
1	1110.4637906280216
2	1116.4898948261352
1	1121.801195789884
1	1379.3405264675293
1	1389.3229514986888
1	1671.6238723122979
2	1672.987802606125
1	1705.273672228909
1	1784.5449284879203
1	1922.5863235006912
2	2345.3950078405096
2	2414.935994668359
2	2415.0201625805867
2	2461.3650575870724
1	2492.877784474719
1	2493.283577156034
1	2501.3548896337425
1	2881.5923208306
1	2894.491947255832
1	2973.665236492909
1	3003.941075415539
1	3111.8172731971686
1	3189.282636869165
2	3203.2982150894245
1	3289.8968879669883
2	3458.3290849946648
1	3464.826641985505
2	3551.12608432474
1	3591.970409236895
1	3736.650612050819
2	3782.9976424778747
2	3852.553846708247
2	4061.22882753989
1	4190.591716212378
1	4290.753102258321
1	4398.3230798477925
2	4455.386710793273
2	4478.606035280003
1	4586.885451507675
1	4606.6003291909055
1	4714.6705162295075
1	4730.477275649884
