1	80.57481165530315
2	100.8205282907299
2	123.91126796862889
2	124.03493292806812
2	124.12940667014334
2	124.16618936533624
2	124.16776189596641
2	124.22517746333934
2	124.28722638733181
2	124.35078529290162
2	124.366076235406
2	124.4508805388923
2	147.37801579498358
2	147.4768037998957
2	147.4825622815906
2	147.57202462137965
2	147.73524732047943
2	147.7514941422293
2	147.80296459395294
2	147.88399860996213
2	147.9532024750804
1	150.2083899342299
1	150.9171976919878
1	150.98231047934894
1	160.69686019391025
2	170.20461658644567
2	170.55564358304142
2	170.61348350103063
1	180.80607839889714
2	193.6361081099545
2	193.68419329220552
2	193.7730664604869
1	200.23941503295174
1	200.87586556008432
2	216.48913529325466
1	230.7455024321213
2	239.63106831397295
1	250.19345115553332
1	250.56568871569613
1	251.05310888196541
1	251.26742224966526
2	262.8013610439189
2	285.92148982831804
2	285.9334928887083
