2	138.7248902985838
2	151.63503611966414
2	210.4598890902913
2	236.39778729432047
2	258.2583259591723
2	264.57534613871337
1	461.1921878821135
1	461.4064233251683
1	489.7514898149149
1	489.80329294689506
1	509.3689033820669
1	509.4132576311936
2	545.3263402119846
2	546.9443900185437
1	619.5591206454206
1	619.611736902524
2	1095.4482659893183
2	1111.667961703049
1	1160.3285800936096
1	1160.454117087243
1	1171.6122722240177
1	1171.8293299407744
1	1389.2697449831683
1	1389.3646801259665
1	1429.411339718859
1	1429.5333451671395
2	1669.4954076606928
2	1676.4066809105393
1	1705.2546632233862
1	1705.5649875321346
1	1721.3365657507218
1	1721.4194613936509
1	1834.3319137221795
1	1834.5423949806095
1	1972.2821978657753
1	1972.4469721853643
2	2325.852237645543
2	2339.1927003543897
2	2410.5057628993727
2	2410.9301096880763
2	2410.9849222644034
2	2434.9672553178793
2	2438.7989851351294
2	2467.090684675385
1	2493.223840320555
1	2493.414568616344
1	2501.302398620855
1	2501.480980981272
1	2542.5299024643946
1	2542.660476621963
1	2881.645692145904
1	2881.7198695077495
1	2894.3698874753295
1	2894.6071518133067
1	2973.5132975833585
1	2973.6124172520977
1	3053.5429185998205
1	3053.5754667514184
1	3111.656706919062
1	3111.663327181744
1	3189.4499352376465
1	3189.5222598080763
2	3200.146583869151
2	3201.0862584984766
1	3339.443521914819
1	3339.7032744278326
2	3463.3326402052426
2	3483.46692375757
1	3514.4190721410655
1	3514.6607245594673
2	3558.953930510099
2	3624.761910849553
1	3641.6156234706573
1	3641.646889840358
1	3786.3420527106487
1	3786.448826227189
2	3794.0613535086286
2	3798.178229815726
2	3845.944275872638
2	3878.8168638006355
2	4037.3477650668924
2	4048.212676775976
1	4190.518886311313
1	4190.554969597886
1	4340.35425423898
1	4340.435588402316
1	4398.18678529012
1	4398.4877166390115
2	4443.957763229533
2	4471.710660706272
2	4491.728517958038
2	4499.975955632395
1	4636.546154835373
1	4636.701837219172
1	4656.359939794995
1	4656.381873566916
1	4714.657936289656
1	4714.722669054769
1	4730.681219629878
1	4730.708765835741
