1	80.7034349811971
2	96.66655137314876
2	119.44697641655938
2	119.51274137659806
2	119.55279490561897
2	119.59589057623685
2	119.65964325752724
2	119.74667089086904
2	119.8277561511457
2	119.86474732498283
1	120.21798855025447
1	120.54669828227513
2	142.26239613845368
2	142.28877511469344
2	142.31259574883316
2	142.32494950503113
2	142.36641521191234
2	142.38203052885868
2	142.47828112533196
2	142.52327058321956
2	142.55302223298256
2	142.58853390899017
1	150.8270229039998
1	151.00199297023073
1	151.08787833154392
1	160.66894762488525
2	164.97806422710775
2	165.061785766276
2	165.10986497048026
2	165.17293357731762
2	165.20690845624006
1	181.21639588277145
2	188.04107258994847
2	188.09547161354573
2	188.1514872537307
1	200.16074717283794
1	201.3425008604834
2	210.36168936767902
2	210.49934313578268
1	230.68164410502072
1	250.2880555260438
1	251.07862949340318
1	251.12379696606024
2	255.86424636194363
2	278.6518304657277
2	278.73781437091037
