1	80.3877171501621
1	110.6707177695422
2	114.76027430079863
2	114.82600606969906
2	114.89511255688151
2	114.97186301608816
2	115.02587974080703
1	120.39525363768227
2	138.70051134790177
2	138.71873463390105
2	138.83563441121458
2	138.90641246469227
2	138.9981675135007
2	139.03881578893265
2	139.13073052916658
2	139.17455528263926
2	139.23327660310648
2	139.26481890204943
2	139.33092388586098
1	150.3764903150404
1	150.47485380959316
1	150.5264734522163
1	160.3605350385561
2	162.66065831383304
2	162.72154380021232
2	162.80922051975062
2	162.92119938787584
2	162.96301671318787
2	162.99658406624317
2	163.02744470725256
1	180.7207562331149
2	186.5598023671277
2	186.57895038941862
1	200.37689669014682
1	200.50047410117824
1	200.94083304836704
1	201.27881017429726
2	210.47630021563288
2	210.55674897898535
2	234.37654478412696
2	234.46834103188672
1	250.55945313445577
1	250.64425904017713
2	258.30546524448914
2	282.2919414277444
2	282.3220698968654
