2	190.19573465969495
2	237.84561175206557
2	261.7054949273059
1	509.19816885726567
1	511.09743477019526
1	539.5948215470328
2	548.0268246896733
1	669.5247949523203
2	1096.6460608440502
1	1110.373305344651
1	1171.8724383380056
1	1389.183020209919
1	1429.2939908977182
2	1645.3477417005315
1	1705.3125690897764
1	1721.3543005850845
1	1834.4980381821752
1	1972.505215857151
2	2313.3445748959416
2	2408.741000033188
2	2432.5742041082726
2	2456.410507830662
1	2542.741217944317
1	2543.217747030015
1	2551.269454706569
1	2931.5854134150686
1	2944.323223469229
1	3023.5104406862456
1	3053.8254025597075
1	3161.662176374943
1	3189.3108601708323
2	3195.924280298536
1	3339.731656163728
2	3482.2488174852383
1	3514.7953048133227
2	3553.75475339464
1	3641.89610876341
1	3786.5808906220077
2	3792.276503674711
2	3816.1488759957515
2	4030.921779447746
1	4240.427470149224
1	4340.668780485872
1	4398.302133412544
2	4436.433486526145
2	4484.113257425872
1	4636.787213182032
1	4656.508007809218
1	4764.594666264539
1	4780.474861822129
