1	80.18822724651803
1	80.23872385294874
2	109.6359547049728
2	109.73545133024187
2	109.81864575453933
1	110.5164251170323
1	120.23903129292118
2	124.99973091139508
2	125.02509643101878
2	125.08483659011121
2	125.12559568369939
2	125.15465904559966
2	125.1998838559082
2	125.2830818060141
2	125.34612045590343
2	125.35343804939151
2	125.42351112365823
2	125.48856160444552
2	125.5594189119393
2	132.89215844499597
2	148.8173817208919
2	148.91404758444682
2	148.999819730003
2	149.00298355974954
2	149.088920075421
2	149.2020601767786
2	149.2117784472049
2	149.23904215910866
1	150.13784472578078
1	150.22432602915478
1	150.22980005405353
1	150.28766866109459
2	156.1469580173771
2	156.21719986201745
2	156.3006780293528
2	156.35862082810687
2	156.4324042244481
2	156.50677916729856
2	156.54306329574186
2	156.59302977861157
2	156.69014992902947
2	156.71944454684765
1	160.5497983887657
2	172.72807497017456
2	172.889998400977
2	179.39138495192245
2	179.39319270863538
1	180.60316807656415
1	180.6609299870091
2	196.53591888479588
1	200.1113310583329
1	200.86968338367694
1	201.12781905473577
2	202.61009145210267
2	202.68595234831986
2	202.8889653341155
2	202.98723988315217
2	203.0236518089824
2	220.30585567061098
2	225.80739355018733
2	225.85130023482162
2	225.87978164541462
1	230.69118049664394
2	244.0304670601019
1	250.17405767214046
1	250.37115472430563
1	250.89590793781778
1	251.2329153742558
2	267.90921804588635
2	272.3154504700237
2	291.73836061927256
2	295.5853812917813
2	295.6215312176531
