1	80.61871649060517
2	107.51823750340003
2	107.57930390410972
2	107.59614124042933
2	107.6090674558319
2	107.66029027663055
2	107.70016928101461
1	120.54564460964919
2	131.2756169385967
2	131.31515839404798
2	131.41253327808278
2	131.5391356742271
2	131.56508003336327
2	131.6455948607946
2	131.70398675437923
2	131.77209527872878
1	150.7597491772934
1	150.91218454603697
1	150.92352273261912
2	154.66609768780862
2	154.91768520695567
2	154.94790788931385
2	154.96654711289867
2	155.1168482853755
2	155.18841019192556
2	155.2472720137599
2	155.25218708288588
1	160.61316471647586
2	178.24473177181918
2	178.26124341734146
1	180.915586481005
1	201.20914836360376
1	201.40195231936582
2	201.84869358999185
2	201.91614915219435
2	225.45657219119514
2	248.93542536234105
1	250.2061820958159
1	250.5936786992233
1	250.96646342981208
1	251.27326139096562
2	272.40609863693186
2	272.50522388476384
2	272.5517936381329
