2	130.3493083475105
2	176.88161290775417
2	222.52216606137904
2	245.25554963724318
2	246.3538886062136
2	269.6064010708783
1	509.53273306522647
1	509.55118104953146
1	511.2039989008805
1	511.3356225533504
1	539.7123556499749
1	539.8225738847572
2	541.2829543461396
2	547.8613674231286
1	669.5872080593062
1	669.7180850447031
2	1110.5442991453754
2	1127.7421832502314
1	1160.508501164742
1	1160.712543840172
1	1171.9604419881664
1	1172.2334853037687
1	1389.3955369709583
1	1389.6203367993114
1	1429.3928992290698
1	1429.692704247866
2	1661.236373737144
2	1679.8221085738132
1	1705.5782799725932
1	1705.8209015538107
1	1721.396269295315
1	1721.5928169020974
1	1834.6249027236734
1	1834.7542353857514
1	1972.657645202643
1	1972.8001645018005
2	2333.844825298054
2	2340.218442535769
2	2403.499232570579
2	2408.528059993889
2	2408.547981865451
2	2426.6542371430337
2	2449.8387362485782
2	2454.065617601868
1	2542.50161703977
1	2542.7468491829145
1	2543.2882559491873
1	2543.5245179262643
1	2551.336659362345
1	2551.5397976730364
1	2931.767303603113
1	2931.8569287426194
1	2944.4080299254642
1	2944.6185163553314
1	3003.129273789569
1	3023.5886166368814
1	3023.796488586189
1	3053.906681305989
1	3161.7605893087925
1	3161.9076113630626
2	3182.8476748593207
1	3189.593788626907
1	3189.8009007840406
2	3192.132986000619
1	3339.8444251679994
1	3339.9670912077345
2	3456.0765408563516
2	3493.6362565187746
1	3514.9590486536126
1	3515.111786288316
2	3547.193775119846
2	3563.22372596853
1	3642.007186324525
1	3642.0593010180223
1	3786.7293047318326
1	3786.853570744339
2	3795.2118122498755
2	3797.632266871024
2	3843.2089668931176
2	3864.742083094521
2	4025.3885327427843
2	4050.356934020385
1	4240.574684608807
1	4240.696781543389
1	4340.8364228864875
1	4340.898965508877
1	4398.517143807118
1	4398.813273933217
2	4458.095863416093
2	4467.769496713093
2	4480.841799165265
2	4514.201774155594
1	4636.550248207914
1	4636.872394298819
1	4656.6710245948225
1	4656.734565735673
1	4764.763047477826
1	4764.830762383754
1	4780.627649845536
1	4780.69483064241
