1	80.8090702563029
2	97.17388392145574
1	120.6299939487143
2	126.15398732133525
2	126.25198307738722
2	126.27785467402158
2	126.28858931982822
2	126.29794292538556
2	126.39253799984239
2	126.43842370754074
2	126.5420376734254
2	126.58208093865962
2	126.61405290437817
2	126.64009437656763
1	151.45418787165005
1	151.49740005117818
1	151.63840306033353
2	155.13089212333037
2	155.40022842428297
2	155.4992588481743
2	155.57215362504135
2	155.6598132538539
2	155.7112819977314
2	155.7376896138692
2	155.7679402329177
1	160.84101741092363
1	181.030609213354
2	184.0896505062959
2	184.16718151479185
2	184.17463889735524
2	184.2365892019557
2	184.27558738045028
1	201.03841582766944
2	213.16500504982253
1	230.8963713637993
2	241.92948256850892
2	242.0718432056585
1	250.29755760605195
1	250.6761215643262
1	251.20478562224747
1	251.39114858628022
2	270.83314579937894
2	270.930587274794
2	270.94080520077836
