2	137.53081939251146
2	229.4432557114773
2	229.44618022753602
1	509.2682562088395
1	511.2727833995979
1	539.712217840723
2	550.895143416303
1	669.5916064603038
2	1102.0832390698324
1	1160.3724153147741
1	1171.8854052254296
1	1389.4366537363883
1	1429.4345814930286
2	1653.1668767916062
1	1705.4802517787436
1	1721.4105635603264
1	1834.6231858265949
1	1972.72528557586
2	2319.1752931989413
2	2411.071600968977
2	2411.1031926118876
2	2456.997142826447
1	2542.848035179735
1	2543.319684119315
1	2551.3239958470012
1	2931.7032387125496
1	2944.3145215993914
1	3023.63314603526
1	3053.9037558846694
1	3161.7604619424524
1	3189.4452339347313
2	3191.792331780281
1	3339.844333754504
2	3444.4438900967366
1	3514.980094191421
2	3559.267297065095
1	3641.9112165889974
1	3786.6933285824707
2	3811.821440106652
2	3857.754043961403
2	4041.4880028950392
1	4240.549819318828
1	4340.752245077104
1	4398.395475653216
2	4454.859110260695
2	4477.879302772979
1	4636.900418739107
1	4656.666946376968
1	4764.683033562255
1	4780.598568937132
