2	134.80891164009313
2	228.10180964509897
2	251.41861005445105
1	509.43163905926014
1	511.2219145303615
1	539.7465024288233
2	554.6683975156816
1	669.6746667486367
2	1114.5189791445368
1	1160.5254457190542
1	1171.978938330733
1	1389.3823589644082
1	1429.5795346058408
2	1674.3695709427466
1	1705.485698450348
1	1721.5125551383576
1	1834.6435406338362
1	1972.693287281125
2	2327.532342127418
2	2397.5806104589765
2	2397.622197732879
2	2444.171281083016
1	2542.809993758354
1	2543.415069747936
1	2551.4281525337133
1	2931.706281111403
1	2944.4283470229598
1	3023.6066367201406
1	3053.9619889136434
1	3161.7953391023334
1	3189.584423924606
2	3190.6592962011896
1	3339.891970988979
2	3470.600523139528
1	3515.01491264876
2	3540.5694559673325
1	3641.8992854484995
1	3786.613013024759
2	3797.159049985736
2	3843.8898539435636
2	4053.7850754011542
1	4240.636412209357
1	4340.823626085435
1	4398.439715991157
2	4450.318176727964
2	4473.702664259072
1	4636.893475156719
1	4656.587329688
1	4764.81746937672
1	4780.645790950091
