2	146.59959245100714
2	192.59362351520832
2	261.7733353106229
1	509.3578532558551
1	511.1702412639481
2	538.2531373213642
1	539.6387744669055
1	669.5114943365056
2	1091.342247299643
1	1160.3417731714765
1	1171.9026209067079
1	1389.258200606775
1	1429.3439532593447
2	1644.3457910676304
1	1705.3584472578373
1	1721.3695608583532
1	1834.5246895766822
1	1972.6273064129493
2	2335.618416353239
2	2404.8051699398466
2	2404.8957575757963
2	2427.794819496809
1	2542.73811913154
1	2543.3310319656002
1	2551.2631217308663
1	2931.638321108267
1	2944.355384664797
1	3023.5304710285855
1	3053.821887794693
1	3161.6700512882094
2	3188.2297841027425
1	3189.432834700961
1	3339.8495653490622
2	3464.7704888396756
1	3514.8742486074398
2	3556.948413524809
1	3641.8587184642643
1	3786.6083360881175
2	3787.308863537122
2	3833.47529562496
2	4040.846865282275
1	4240.4928817837
1	4340.728997758043
1	4398.3782137169665
2	4455.595148858032
2	4478.706945601897
1	4636.92041463226
1	4656.495165245885
1	4764.679518532659
1	4780.620188192875
