1	80.23858088328736
1	80.27149847419174
2	110.48383903271167
2	110.50847533835483
2	110.52006420674027
1	120.13185130549637
2	134.32161237447085
2	134.38761609334298
2	134.47967793328377
2	134.54153282009017
2	134.56191428267766
2	134.59496578388138
2	134.6450871014583
2	134.6928410176625
2	134.69724782904157
2	134.72554418150227
2	134.81873291083113
2	134.87607870910975
2	138.97930853817562
2	139.07661625124567
1	150.16437181604914
1	150.18202000315154
2	158.13165379578552
2	158.17575892692338
1	160.35115068108857
1	160.56150675462888
2	162.16477012107555
2	162.1930437186285
2	162.23580800224067
2	162.25070730457543
2	162.4208606124797
2	162.45879841797972
2	162.4711697342041
2	162.53052593971606
2	162.56208081195263
2	162.62585667899086
1	180.58410438385314
1	180.671683597259
2	182.050131724787
2	182.14331674343043
2	182.3698845671482
2	182.4347624064778
2	182.51006276902632
2	182.51211293535826
2	185.41670221005288
2	185.42380609463254
2	185.48828691958775
2	185.4921895521819
2	185.64094175916122
2	185.80867271640355
1	200.14983635011353
1	200.2297855941379
1	200.2490299610826
1	201.19973376548722
2	205.84638474316785
2	205.85078266265273
2	205.8971038355124
2	208.67652750270867
2	208.70119749891848
2	208.78817248170358
1	230.60465157376277
1	250.08959752153586
1	250.56011951218912
1	250.94082592830074
1	251.08818094833083
2	253.63003489325163
2	255.04811006282034
2	277.4324780556001
2	277.4869920853123
2	278.28434560301736
2	301.4267194456207
2	301.52615183561676
