2	194.11928248753048
2	218.01049050286767
2	241.82826184307112
1	509.15158326408545
1	511.08622659199415
1	539.6764512116542
2	551.9575745097401
1	669.5120425388536
2	1100.651275572034
1	1110.3577997447526
1	1171.8208090006538
1	1389.2265044455012
1	1429.326770242683
2	1649.3011094809171
1	1705.2500860875973
1	1721.3348269419282
1	1834.5376080998883
1	1972.57175540576
2	2317.278832328574
2	2388.809067240157
2	2436.5400825673437
2	2460.405147838531
1	2542.663775913979
1	2543.2141316717593
1	2551.26730190517
1	2931.554554712091
1	2944.332945381106
1	3023.507268594296
1	3053.80609836759
1	3161.682804016805
1	3189.343986884369
2	3199.8974247489696
1	3339.801165814017
2	3486.3361224296104
1	3514.7658650751123
2	3557.764553234694
1	3641.829489889153
1	3786.6070035297153
2	3796.3554171478336
2	3820.2108917375845
2	4034.8681629585926
1	4240.489566968902
1	4340.601745396471
1	4398.249196725504
2	4440.42713081746
2	4464.267129211966
1	4636.805293122128
1	4656.513197880572
1	4764.634990157981
1	4780.510676600317
