1	80.58283430152552
2	107.2551972699832
2	107.26759424394074
2	107.29729800769
2	107.34555172794853
2	107.38436628716713
2	107.39347509198784
1	120.56732857829607
2	130.93163563867986
2	130.98440575539487
2	131.0771967030621
2	131.14141177815728
2	131.20279798986752
2	131.2921524788783
2	131.30812121901056
2	131.33836899066944
1	150.71958583973574
1	150.994380828602
1	151.07516637207337
2	154.3285696988354
2	154.4469353911867
2	154.48280495701863
2	154.51993706209797
2	154.58787828509355
2	154.67954757683358
2	154.7316012805001
2	154.80269255799817
1	160.63581343537726
2	177.868097069295
2	177.92769261900924
1	180.89979441717395
1	201.20278485522718
1	201.40457879764622
2	201.51776079511467
2	201.52819508976174
2	225.08562866861405
2	248.51894068726742
1	250.19182721994352
1	250.63246187797063
1	251.0328441665923
1	251.21710162315912
2	272.10765654754346
2	272.1752750834726
2	295.65537013267715
