1	80.22615909612456
2	96.37933292742993
2	125.08721027102602
2	153.84019646061287
2	153.85921465595942
2	153.89558760762102
2	153.9148086348515
2	154.10272871216333
2	154.19787932837144
2	154.2318561645577
2	154.27244828529209
2	154.36709990204903
2	154.41828198402254
1	160.40977348116033
1	180.67885130104239
2	182.60758754492244
2	182.6602079504756
2	182.68159027897275
2	182.7669801768735
2	182.8994517242139
2	183.04847882686744
1	200.15485074667637
1	200.17337237255313
1	201.2871217341068
2	211.40152979800726
2	211.48718973100452
2	211.55339961981846
2	240.0685368256182
2	240.09823612828575
2	240.14010185938994
1	250.3949278823062
1	250.51894454880195
1	250.56806687242573
2	268.7063986105078
2	297.4040026557706
2	297.4531698876691
