2	120.99326657310687
2	133.5305342446212
2	133.66573390179855
2	192.5467297958806
2	204.61344860299496
2	224.35517537985965
2	247.0674947137622
2	251.95000402182725
2	263.9722664818646
1	461.1240805771967
1	461.42374436956806
1	489.5813617263003
1	489.73415434577464
1	509.2719085095004
1	509.37232957121245
1	509.62172893588325
1	511.4235010176241
1	539.9558112792715
2	542.1798980456731
2	549.9578978321939
2	559.3969786763979
1	619.3245075865647
1	619.7007016407247
1	669.669511956939
2	1098.0314127738127
2	1109.8957411898045
1	1121.8472539436964
2	1126.9904903061388
2	1145.7848798738153
1	1160.3744517976481
1	1160.5127285658912
1	1160.621045854318
1	1171.5969635234287
1	1171.9073407642272
1	1172.1374460018399
1	1389.2027378328244
1	1389.4050391493265
1	1389.6366604708007
1	1429.3687118979258
1	1429.4874199114347
1	1429.7573786235434
2	1647.2206362524303
2	1654.831242806482
2	1669.9763037064345
1	1671.3461627136892
2	1693.8575050978486
1	1705.3399727798417
1	1705.5717119819576
1	1705.8958664380598
1	1721.3165278426388
1	1721.4233325834648
1	1721.6061280748047
1	1784.3651172623925
2	1812.9769406786388
1	1834.361997421913
1	1834.6339641162713
1	1834.7463751412718
1	1922.4351008725805
2	1955.9256565432545
1	1972.3385572800491
1	1972.548448578473
1	1972.8142497336921
2	2336.024234048795
2	2337.2471920539747
2	2356.749319155507
2	2408.7804121512654
2	2426.8482175184045
2	2426.9193971420605
2	2427.627795502014
2	2427.690986545296
2	2432.535445389137
2	2432.5932601834834
2	2449.5614474449444
2	2451.2833256200674
1	2492.60900927174
1	2493.3290920709633
1	2493.5427315486595
1	2501.341233888133
1	2501.5957603272313
2	2504.0579414688273
1	2542.5483676049957
1	2542.7017037410105
1	2542.950786703895
1	2543.5637853007406
1	2551.664520128466
1	2881.4623205496277
1	2881.7145447594526
1	2894.4265499118487
1	2894.5396451271613
1	2931.835907040822
1	2944.5861455022223
1	2973.3868470696943
1	2973.6937448815024
1	3003.676570962049
1	3023.8210472124056
2	3028.3168573478733
1	3053.495758820301
1	3053.6021758117627
1	3054.063065487793
1	3111.5090074155496
1	3111.760091296612
1	3161.8413631291883
1	3189.367218991399
1	3189.501687031967
1	3189.8977636021536
2	3195.1328513474923
2	3198.8440420812476
2	3208.110110938742
1	3289.653441944889
2	3314.3033012274213
1	3339.5470575287645
1	3339.774947806566
1	3340.0866564551998
2	3457.2508936385866
1	3464.6816822216238
2	3468.278894408619
2	3471.3785169827734
2	3481.157214192701
1	3514.499241262775
1	3514.6089448794314
1	3515.0076765943763
2	3562.1517032505603
2	3562.8726266512444
1	3591.8096817338464
2	3624.154442415068
2	3624.254249942066
1	3641.620353773794
1	3641.7063851629
1	3642.075494982926
1	3736.3393101555175
2	3767.061100082437
1	3786.328745719046
1	3786.468607895094
1	3786.7724940295498
2	3789.259257835446
2	3790.875021390205
2	3799.350627437171
2	3834.7841554275374
2	3846.636994481425
2	3862.445923929574
2	4012.122474780706
2	4029.270281040582
2	4039.0327199458325
1	4190.456178990602
1	4190.579793737537
1	4240.767667775459
1	4290.591098113748
2	4315.2182402002945
1	4340.301999826381
1	4340.483755482188
1	4340.922879356638
1	4398.258084533182
1	4398.675254879548
1	4398.771761760972
2	4434.349463403952
2	4437.847130796565
2	4470.417176790146
2	4482.01088368235
2	4485.166289531646
2	4493.215308920744
1	4586.600491696712
2	4601.1257876228765
1	4636.5947769183085
1	4636.638002765704
1	4637.120801711907
1	4656.269843537462
1	4656.513258281144
1	4656.776768970201
1	4714.127296608666
1	4714.491999895655
1	4730.42871137683
1	4730.702273897835
1	4764.926385796134
1	4780.821486544109
