1	80.22611095776251
1	80.40861871258335
1	110.50678861986754
2	113.1354832092674
2	113.18400824501067
2	113.23480737984349
2	113.29976763489955
2	113.36302597577557
2	113.43587430393187
2	113.43779509471378
2	113.49659228633118
1	120.38112028808
2	125.68193554790135
2	125.74381165376157
2	136.97047599596053
2	137.04450493932745
2	137.09429871155766
2	137.15975731975809
2	137.20961498202803
2	137.28657587494007
2	137.33034978279582
2	137.36486650298016
2	148.94297593192303
2	149.0212508597515
2	149.08788402195682
2	149.16868859062143
2	149.23381855079353
2	149.2505546163981
2	149.35083437263987
2	149.44992823146924
2	149.5408851101072
2	149.5684950327527
2	149.73828891492835
2	149.83802348429327
2	149.90479261966718
1	150.08028267098376
1	150.17260823849523
1	150.25038977401644
1	150.3661614384099
1	150.58980610309834
1	151.25950400975094
1	160.45544413564977
2	160.85242052408742
2	160.90022889265433
2	160.99639409665164
2	161.04956864035165
2	161.05848241336344
2	161.14344091922194
2	172.21320299333448
2	172.34040442022206
2	172.37327968989007
2	172.5473731032758
2	172.62381569207702
2	172.6327137664535
1	180.63957507626705
1	180.7141461129902
2	184.6597766205406
2	195.5939457029694
2	195.87265509631573
2	195.90989845709976
1	200.0940415243181
1	200.44107947848082
1	200.6768452608199
1	200.9520432184114
1	201.18570259023832
1	201.38350340691267
2	208.4335506536422
2	218.89198894138352
2	232.27786282006113
2	242.043713661171
1	250.37349392340778
1	250.47181629875246
1	250.76247043932437
2	256.0781950442303
2	265.39811818494303
2	279.93736037313784
2	279.98632283480197
2	288.6268417808748
2	288.66173251512623
