1	80.63294499048429
2	115.14184798753587
2	115.19966883965756
2	115.25355018155791
2	115.27681961597763
2	115.357107142187
2	115.44752865848746
2	115.5232092719061
1	120.57173003626139
2	138.8634770387482
2	138.96334402817968
2	139.02082531356638
2	139.1114010916188
2	139.19234689742663
2	139.2421909098433
2	139.29400955413226
2	139.3537313293458
1	150.7628166516426
1	150.98845553710572
1	151.04075248910482
1	160.59185505244005
2	162.2930761582113
2	162.4754906038526
2	162.56215124526784
2	162.72924794133434
2	162.7763972005967
2	162.8500256806117
2	162.91336023259328
2	162.93083148485076
1	180.881470131802
2	185.8490836319666
2	185.8928057111726
1	201.2138478623858
1	201.35187925703787
2	209.52928703156124
2	233.03547103521987
1	250.2040292618773
1	250.66289931219623
1	251.0337724414479
2	256.4560314687789
2	279.97066964047923
2	280.08925088399457
