2	129.64320517130497
2	225.02446509446895
2	248.83045525310996
1	459.2913429425997
1	461.1308181949324
1	489.64514967175205
2	535.0363564891477
1	619.5586570558111
2	1107.4519210955996
1	1110.3768131943011
1	1121.7731390241318
1	1379.3099598042795
1	1389.1263704462049
2	1656.0503239583682
1	1671.3982877002188
1	1705.2792951346955
1	1784.4834634431952
1	1922.5013238539466
2	2323.870563420826
2	2395.4493827115175
2	2395.518215895389
2	2419.28639442745
1	2492.6554605929077
1	2493.216730350726
1	2501.333232471245
1	2881.5739441108512
1	2894.3131733372134
1	2973.6081095332493
1	3003.974474992006
1	3111.628337267008
2	3182.4778627005912
1	3189.3423817013077
1	3289.7266789653436
1	3464.8373984653626
2	3468.7380976062527
2	3564.0521192210904
1	3591.892200470942
1	3736.56170583851
2	3778.786263782605
2	3826.4533970902157
2	4017.29905286975
1	4190.468253502799
1	4290.617511755536
2	4446.614262645328
2	4470.378891076612
1	4586.868596397242
1	4606.525892740728
1	4714.571338534003
1	4730.507227628691
