1	80.16915087731974
1	80.45941409671966
2	101.22966088296587
2	101.27372243754972
2	101.29615315968316
2	101.31827687349742
2	101.37730729864676
1	120.40584080558656
2	125.10032419669245
2	125.11090916766214
2	125.14548558893166
2	125.21788144802406
2	125.31717271742681
2	125.35066125782184
2	125.43667309825393
2	125.44302346303265
2	130.1717005157108
2	130.25889150626932
2	130.26863343538085
2	130.3594100418101
2	130.3783624250507
2	130.41774542192564
2	130.51651963952855
2	130.53758866347795
2	130.58028758157516
2	130.61694711183722
2	149.04352017013244
2	149.13912100557587
2	149.20514090941109
2	149.3335397157769
2	149.42083046205056
2	149.4946755947471
1	150.0415135655361
1	150.1777534511507
1	150.7665021620525
1	150.88232579673593
2	153.04440152665
2	153.08677979129257
2	153.15990116601623
2	153.21186390870517
2	153.2509755238476
1	160.2166270768522
1	160.61517959554746
2	172.7643025048595
2	172.86201703455356
2	172.90467007291386
2	175.86919800007607
2	175.90258897503796
2	175.94613613021272
2	176.01212885812112
2	176.0657906020452
1	180.53871710532096
1	180.70106800581306
2	196.57462444722952
2	196.5753522930922
2	196.74065280767965
2	198.78016644663217
2	198.7989210523513
2	198.85563537895527
1	200.02599328819636
1	200.17658883879466
1	200.5789695920178
1	200.79014518023067
1	200.9860519780209
1	201.1997429069696
1	201.29514736736297
2	220.39155096969952
2	221.73478427023736
2	244.21294035472204
2	244.63566805252827
2	244.6512905239342
1	250.35237089824898
1	250.4337752280054
1	250.46344625423765
1	250.55121089918413
1	250.8260154158263
2	267.5962670548624
2	267.60611726816694
2	268.1259223842603
2	268.13611772639143
2	268.1550945970085
2	290.5498110181135
