1	80.54514021744262
2	106.37930689463069
2	106.42558901092134
2	106.50853553653334
2	106.54769314839061
2	106.61256690566914
1	120.52761291726051
2	135.3673100539654
2	135.44446713503035
2	135.46190848379428
2	135.54018292978407
2	135.60613931674428
2	135.61799600914432
2	135.6914766640599
2	135.78776959090396
2	135.86343188656528
1	151.12229560314157
1	151.16126303522304
1	151.27881599232785
1	160.5720424714972
2	164.28280310992187
2	164.37411318146644
2	164.4160252935852
2	164.4286690542018
2	164.49867253259703
2	164.59286482875942
1	180.88060506807827
2	193.2885118748077
2	193.34615144535815
2	193.39034502224925
2	193.42155510873343
2	193.4638687858032
1	200.5881026084486
1	200.92491628297606
1	201.3703266735362
2	222.33455742007683
2	222.4071626403179
1	250.60493338686942
1	250.86978847835525
2	280.29773720235806
2	280.3201034326509
2	280.375686925692
