2	116.92965671437707
2	234.0834518024821
2	234.099771299653
1	509.73177866216724
1	511.2394907321787
1	539.9068595173215
2	556.308383687487
1	669.7425526171594
2	1112.8973700558445
1	1160.7649520469713
1	1172.2249315364625
1	1389.6025898235205
1	1429.762478742366
2	1669.4650511696777
1	1706.0001714034222
1	1721.5956496920694
1	1834.858464575496
1	1972.85393517867
2	2343.222674150954
2	2401.743965725876
2	2401.7717422795304
2	2431.0719275098795
1	2542.9294551410335
1	2543.524642997093
1	2551.557462046746
1	2931.7656673102792
1	2944.6507833056176
1	3023.8215290399735
1	3054.008097089075
1	3161.852200275072
1	3189.828901225284
2	3192.6483482178014
1	3340.066818032984
2	3485.6156684604252
1	3515.097854756122
2	3573.5177361322726
1	3642.1363730432968
1	3786.877915203071
2	3807.816200217572
2	3837.1395784090355
2	4042.1989660334457
1	4240.726945989566
1	4340.893233512257
1	4398.7955155589725
2	4452.280404208704
2	4481.546369527513
1	4636.98934667412
1	4656.817001241671
1	4764.769520025174
1	4780.870909239394
