1	80.1481513542254
1	80.29036760219267
1	110.64546318798294
2	112.18486823989805
2	112.2302127028804
2	112.31890219316828
2	112.32310021383546
2	112.35386119917816
2	112.42712869063385
1	120.52079213593926
2	128.3123123668065
2	128.36980813557335
2	128.37465283024935
2	128.46545498662417
2	128.50958338481195
2	128.57028995366204
2	128.6614520233287
2	128.7133620114331
2	128.73631138529686
2	128.78392514748478
2	128.81443302147687
2	128.83914273776412
2	128.8423021988877
2	128.87198309375162
2	141.43715342356677
2	141.54681437873003
2	141.5947205218416
2	141.6136367488739
2	141.68904254377637
2	141.73784542936994
2	141.7837952755119
2	141.87523020477866
2	141.89202038160053
2	141.92686875292782
2	141.9653835602824
1	150.1686014464097
1	150.21124600441212
1	150.23279989404602
1	150.28469301659493
1	150.38413817979853
2	151.04577223855586
2	151.13737346701157
1	160.43666355956796
2	170.90553411070158
2	170.94801774301507
2	171.00956165336692
2	171.03744306000274
2	171.05689829395436
2	173.7971726286886
2	173.82281091936235
2	173.9155691655385
2	174.006942344911
1	180.7042210353054
1	180.74781681256354
2	196.51062650296734
2	196.58028937462493
2	199.97911957237054
2	200.00707453406272
1	200.2577701627815
1	200.3318294585735
1	200.43003079190672
1	200.9331023133043
1	201.25828828867307
1	201.36012314912296
2	219.29462135895966
2	219.33510422708193
2	229.27064149217333
2	242.10150349536977
1	250.32295126454542
1	250.51335928353956
2	258.55395040211465
2	287.58817102527604
2	287.6638809825113
2	287.6807450555189
2	287.8361856415228
2	287.8949401669103
