1	80.5931756065455
2	112.80483513119603
2	112.89491634456836
2	112.98060513631677
1	120.83470708151987
2	142.24280224137635
2	142.27375175834794
2	142.31217195450827
2	142.39944355475654
2	142.49577045726312
2	142.5787046174398
2	142.7379881307008
2	142.81863122852386
2	142.86332378429
2	142.94461266538679
1	150.59108286290873
1	150.73841621906485
1	150.92101275071022
1	160.79118182535544
2	171.55865709460542
2	171.62707525335568
2	171.77965804175295
2	171.84544586658814
2	171.9055740524732
2	171.94421452845586
2	171.96031013094384
2	171.9899446343841
2	172.02762103357833
2	172.10537548772584
1	180.86229588704458
2	201.03459646279947
2	201.16578296872999
2	230.54564159149763
1	250.19648123935258
1	250.6624771519557
1	251.01963368279422
1	251.27930091256607
2	259.7486550161297
2	289.1226433587261
2	289.2176281113929
