2	124.31328518786668
2	238.96464912473505
2	261.81419644755385
1	461.43899804188726
1	489.74613936982377
1	509.44054077700537
2	559.7883332959711
1	619.5764541245487
2	1132.7715115427422
1	1160.5757388689492
1	1171.9114782525303
1	1389.4387323025178
1	1429.534215035055
2	1659.9000227606978
1	1705.637064713557
1	1721.4934263963207
1	1834.6436833053592
1	1972.3539719698704
2	2324.5371151736167
2	2416.268886314985
2	2416.3168752252514
2	2439.2792500931364
1	2493.494407651614
1	2501.522787396999
1	2542.7896954617254
1	2881.6141368022877
1	2894.6895156941746
1	2973.689330216131
1	3053.7506854312905
1	3111.848961935942
1	3189.5696945092654
2	3195.5092009504074
1	3339.6754744893833
2	3470.5573548640436
1	3514.662438107527
2	3585.112372465129
1	3641.658742115509
1	3786.448735163035
2	3814.3390159354944
2	3860.1536212143797
2	4043.5925795917346
1	4190.639240775587
1	4340.567099120622
1	4398.640870757921
2	4479.028110094335
2	4501.895001275752
1	4636.744968362733
1	4656.485221629171
1	4714.7473930572405
1	4730.7092612195565
