1	80.38587099332402
2	102.94770449540636
1	120.12445366643695
2	126.83979172280372
2	126.84756590324741
2	126.9140810039365
2	126.91426333132715
2	127.00116744219409
2	127.07050273382087
2	127.08665405522198
2	127.12004678100645
2	127.1691551192682
2	127.19847925212366
2	127.25911405187081
2	127.28836022313796
2	127.28911772392422
2	127.29796713237897
1	150.5384230720762
1	150.6924243640283
1	150.7709807161421
2	151.1376668873449
2	151.3507854570944
2	151.38586401167922
2	151.39192307693853
1	160.38680362185784
2	174.65806831469524
2	174.71952667516817
2	174.7619399575647
2	174.81360983960124
1	180.2241389344267
2	198.67213918695836
2	198.81232769241623
1	200.4535705717114
1	200.49054589442133
1	200.6684210292184
1	200.71879620495434
2	222.5738408866424
2	222.58691428488228
2	246.55475423254305
1	250.08804639256496
1	250.62567356299593
1	250.73002369936955
2	270.4348197205814
2	270.48132818059634
