2	120.75170711747359
2	238.52222613852837
2	238.532682258515
1	509.3455495538372
1	511.22789756517443
1	539.7253586346812
2	544.7811479236383
1	669.6345617645878
2	1110.2814177544878
1	1160.414958553013
1	1171.8556514878233
1	1389.381693649187
1	1429.3915891350691
2	1652.1730353979633
1	1705.486776091586
1	1721.334763117899
1	1834.587184885072
1	1972.587810414696
2	2335.490247393234
2	2406.2421312330134
2	2406.29133216243
2	2429.77667650062
1	2542.799509736589
1	2543.29212928681
1	2551.287906788976
1	2931.5977542210953
1	2944.4084797893406
1	3023.6055212123597
1	3053.7947251003075
1	3161.721117098566
1	3189.4479756161486
2	3207.2645401336663
1	3339.848676095134
2	3466.4535735469844
1	3514.8332356703013
2	3560.7609841769777
1	3641.928997980109
1	3786.68342841343
2	3796.297437460118
2	3843.4883947261997
2	4031.9749763379587
1	4240.569281403843
1	4340.652185248267
1	4398.428488153928
2	4456.060051539084
2	4479.725123255771
1	4606.233344543972
2	4621.084893065183
1	4636.851185583259
1	4656.534510174345
1	4764.655290457569
1	4780.587113982364
