1	80.26512028793927
2	103.4880046510676
2	103.54599869755832
2	103.60545879918354
2	103.61216896949945
2	103.6376657012607
2	103.69968968542248
2	103.7619676874373
1	120.1952728337395
1	120.44137019936147
2	126.70836343854994
2	126.76857130355282
2	126.8093296615506
2	126.90867782900372
2	126.95017701918839
2	126.95450746256908
2	126.98919928852034
2	127.04666537846916
2	127.14425431878779
2	127.18182284933667
2	150.0164703723548
2	150.06195417433293
2	150.14124229025157
2	150.1457121848836
2	150.2308471254948
1	150.3719568126294
1	150.3816733944736
1	160.53107005689034
2	173.25883011560578
2	173.29378884628593
2	173.38272993627885
2	173.40754900136324
1	180.70114536684792
2	196.57029403299586
2	196.6244605916665
1	200.22043960114192
1	200.31862401382753
2	219.8991857704015
1	230.65531667091716
1	250.20888311269167
1	250.49415334269318
1	250.95585902744165
1	251.20338711844246
2	266.2672876034957
2	266.3178387944362
2	266.3833293048774
