1	80.44916504011161
2	97.57060208731477
2	97.63218423938832
1	120.5332511051067
2	126.25812200194717
2	126.31002155075578
2	126.31281011748041
2	126.39648529294355
2	126.43128046974327
2	126.51556437401527
2	126.55405069013972
2	126.57794459010533
2	126.62598579229783
2	126.6575347614699
1	150.41673493481173
1	150.51682947882344
1	150.55138747509085
2	154.95673730837694
2	155.12854623798412
2	155.21014518677103
2	155.23533809746567
2	155.32678781392218
2	155.37638655631167
2	155.4636264657131
2	155.5403150093893
1	160.48040669872046
1	180.65100230183506
2	183.70233492306096
2	183.84466789749087
2	183.90169718292472
2	183.918959260418
2	184.0029259200482
1	200.39142014300515
2	212.67576383551605
2	212.74442166068368
1	230.62574487895756
2	241.0183669677254
1	250.07250782698802
1	250.36229133090774
1	250.94803033373486
1	251.15171138382505
2	269.67030166167484
2	269.7246671338371
2	269.8151059686363
