2	129.22614407162197
2	219.7922302429126
2	265.05812929552104
1	509.58212383214715
1	511.2586252549152
2	536.7587664726734
1	539.8328101452939
1	669.5891894716561
2	1125.4646998704054
1	1160.6564753244606
1	1172.1998053986958
1	1389.538239396796
1	1429.767611030577
2	1668.871907398504
1	1705.779968190336
1	1721.6818711587093
1	1834.8323928754555
1	1972.742028668013
2	2325.4926129867845
2	2393.4249237510585
2	2416.0544668806006
2	2438.6408712592506
1	2543.009914493461
1	2543.4544478130656
1	2551.498715279852
1	2931.741656819447
1	2944.535031296749
1	3023.79530240743
1	3053.9508572186023
1	3161.945639012116
2	3185.852283278396
1	3189.779720067816
1	3339.9565624827
2	3480.1624943335087
1	3515.077434797893
2	3593.413717942088
1	3642.0204181352337
1	3786.7579520961895
2	3797.142544467777
2	3842.4359644923106
2	4023.5734827508363
1	4240.784435405873
1	4340.777014440226
1	4398.775700291266
2	4453.770513488329
2	4499.008749179483
1	4636.965098074433
1	4656.755512322236
1	4764.822162201655
1	4780.645434556576
