2	122.6373955942224
2	146.51880588613452
2	234.0585357732282
2	241.96478481296347
2	263.2650004928441
2	265.74209502545136
1	459.3550132861512
1	461.089168977559
1	489.66983915629083
1	509.6147019787485
1	511.25535105277623
1	539.9237641859015
2	552.0283676541508
2	555.0168767153007
1	619.5397411531426
1	669.665431530442
2	1100.570675215633
2	1109.5573851363808
1	1110.3323451110552
1	1121.8286132933779
1	1160.7191287242063
1	1172.1375275957969
1	1379.3481662867582
1	1389.1606046321224
1	1389.5805927125198
1	1429.7744168804481
2	1649.1096015905846
2	1663.9450782570261
1	1671.3984998652818
1	1705.3053017718446
1	1705.8271660102196
1	1721.698570843484
1	1784.5273575367487
1	1834.8756149154729
1	1922.5134850558995
1	1972.7431719554338
2	2316.9560899951152
2	2335.1557433589746
2	2412.3931147076496
2	2412.480217676072
2	2412.5380376443763
2	2422.7395469770786
2	2422.751453378339
2	2451.9290821331083
1	2492.6999884653983
1	2493.2383447020866
1	2501.3088038875903
1	2543.0690948567567
1	2543.527279547104
1	2551.575424458665
1	2881.6193848479998
1	2894.3693752790446
1	2931.851635710158
1	2944.5297322318065
1	2973.5615466041363
1	3003.9886225488235
1	3023.834550740152
1	3054.0018520448143
1	3111.637745930581
1	3161.936092415464
2	3175.588960027329
1	3189.3250855540564
1	3189.8549927416157
2	3210.610229145335
1	3289.7624561579196
1	3340.0816463212795
2	3461.768150421938
1	3464.800738650937
2	3473.2659415272087
1	3515.0302927783487
2	3560.8144271944584
2	3581.0305058859813
1	3591.846997166582
1	3641.9377084005337
1	3736.589662614776
1	3786.8711718747045
2	3794.278721863444
2	3795.706405157366
2	3843.4005505893506
2	3852.5819878630955
2	4010.3379251935166
2	4056.876757272409
1	4190.485320158395
1	4240.763344455566
1	4290.664911549985
1	4340.922786453279
1	4398.211715770882
1	4398.944038947594
2	4463.531039754001
2	4465.475193417323
2	4487.321871921218
2	4494.61054228905
1	4586.838819482091
1	4606.562314370954
1	4637.078423057869
1	4656.706692280253
1	4714.590136431172
1	4730.557109705734
1	4764.866036442375
1	4780.757076136409
