1	80.16928043531404
1	80.27088639575557
2	110.54697633579977
2	110.61337831031513
2	110.70328138924093
2	110.73425531885952
1	110.82499363987041
1	120.50842339311816
2	127.55185008559509
2	127.64338734670845
2	127.7373093294953
2	127.76685295579826
2	127.82359297612282
2	127.84645986852509
2	127.90349936633187
2	128.0010545824626
2	128.09886969100666
2	128.1507364088403
2	128.24591609579494
2	128.3092345239605
2	134.3870260325279
2	134.44321108387544
2	134.47442115314837
2	134.514930152898
2	134.59303329100487
2	134.65557150596138
2	134.72224682800314
2	134.7706707787503
2	134.8537298580288
1	150.093832503261
1	150.1789405891431
1	150.21268250301137
1	150.28427114778597
1	150.31932683582815
2	151.43803901532343
2	151.61874238264613
2	151.7598361386456
2	151.77789307947526
2	151.8424824139219
2	151.9148051256277
2	151.97134895696985
2	151.99154378745808
2	158.39421365997293
2	158.57253725809838
2	158.65945227369443
2	158.736129259351
2	158.74194729061153
2	158.83013519478845
1	160.37868784644613
2	175.24829824660893
2	175.31554934262493
1	180.6037519285625
1	180.77399245611826
2	182.24633596466165
2	182.32114668558984
2	182.43915160833862
2	199.08842370747485
1	200.0887895394362
1	200.3560066362246
1	200.37928963475014
1	200.86777194793092
1	201.21206727140847
1	201.3264387804447
2	206.11782181476062
2	206.21173441119257
2	222.8602209048552
2	230.00574610879576
2	230.07316397384523
2	246.68116353339224
1	250.32238476678924
1	250.4660410512164
1	250.5705068659357
2	270.51553896378374
2	277.7234587546674
2	277.7467872137205
2	277.78025577840907
2	294.3070415981907
