1	80.38735355487017
2	92.46230153753476
2	121.77511910010044
2	121.94087438522092
2	121.969809798234
1	150.6506624623027
2	151.08666803039515
2	151.16850803512074
2	151.31340956260394
2	151.32777852892087
2	151.42366060066425
2	151.4240275005179
2	151.4997039120964
2	151.5190838783958
2	151.57179041864723
2	151.62813730169813
2	151.6679466011271
2	151.7099072321346
2	151.71121392945432
2	151.7495464102967
1	160.5479361942613
2	180.45008985862185
2	180.47029737935398
2	180.48854463269058
2	180.54930893805326
1	180.60939588180486
1	200.7648544814777
2	239.0806081921284
2	239.11320759641407
1	250.0970457578869
1	250.5426333981224
1	250.9490741582687
1	251.11260590775117
2	268.46496090943975
2	297.7538089849776
2	297.8315576236644
