2	135.7206294770867
2	223.42064285663497
2	252.56280014341272
1	509.6492473621002
1	511.34896381479336
1	539.9326951028941
2	573.9416064534753
1	669.7502295566452
2	1099.710210516699
1	1160.8164582814934
1	1172.203613828554
1	1389.7125965175348
1	1429.8244042482843
2	1654.818345004411
1	1705.996326365888
1	1721.7973686035107
1	1834.8981374518469
1	1972.8148772752875
2	2355.87710177102
2	2414.276686998838
2	2443.5237876908313
2	2443.5743558336785
1	2542.854867015612
1	2543.5371275794114
1	2551.686599916834
1	2931.848126099763
1	2944.6092131909327
1	3023.8214642322223
1	3054.0712550011876
1	3161.9317562202377
1	3189.985611610607
2	3203.0107075995084
1	3340.16048759261
2	3465.945043840777
1	3515.1851368115354
2	3553.5499155416974
1	3642.2125641166604
1	3786.901197741928
2	3787.2902614384625
2	3845.7076491325083
2	4050.1866140948177
1	4240.77813222049
1	4340.881479174031
1	4398.838978870562
2	4459.116262826874
2	4488.407437153505
1	4637.29420945007
1	4656.7954985958
1	4764.799863629315
1	4780.856937332687
