2	143.92400252125202
2	238.6619448169556
2	262.30803468855396
1	509.5062777453722
1	511.1927072577889
1	539.6742850789153
2	546.4725199817648
1	669.5306378374934
2	1114.662478725489
1	1160.6379743176449
1	1172.0013305986236
1	1389.5568076751138
1	1429.5707546278766
2	1659.2556284880836
1	1705.7458157887681
1	1721.4825930051404
1	1834.692461109146
1	1922.2008642456628
2	2322.1986474485193
2	2393.1924494577893
2	2416.9451557071284
2	2440.6025782952015
1	2492.377629486726
2	2511.6787973225973
1	2542.8554018987406
1	2543.2747923582865
1	2551.2559723389695
1	2931.581331537725
1	2944.368548043807
1	3023.583554652603
1	3053.9024738122976
1	3161.7196521961446
1	3189.676215657846
2	3198.278437785875
1	3339.8182565795573
2	3434.9840574584487
1	3514.815215023494
2	3577.0811970922387
1	3641.8797807000396
1	3786.7337016699594
2	3790.1678345901764
2	3837.483172792949
2	4026.89449366723
1	4240.584790079346
1	4340.718107059323
1	4398.578838080752
2	4453.106065014436
2	4476.778208614298
1	4637.007512269813
1	4656.540410630399
1	4764.727896244196
1	4780.587311583281
