2	148.57333223660973
2	241.65048363423136
2	264.90079127540537
1	509.40997047275005
1	511.1595304778305
1	539.6697056596231
2	567.2368523502079
1	669.5935335156701
2	1125.5267946401384
1	1160.4918857480957
1	1171.9609760400717
1	1389.439834389
1	1429.4859366548155
2	1660.3941549060337
1	1705.5511334786936
1	1721.4206608938105
1	1834.7095131002955
1	1972.6055488372742
2	2334.8917461600076
2	2404.7136178146607
2	2404.7792650968013
2	2427.9774806668465
1	2542.7588342526724
1	2543.2706017978517
1	2551.3078121421768
1	2931.7357473746624
1	2944.3553235680406
1	3023.587297797696
1	3053.8512637661197
1	3161.7614280628313
1	3189.536391723897
2	3195.5329198462614
1	3339.8484707049565
2	3451.3307109812763
1	3514.811650604317
2	3544.336227229205
1	3641.864455450914
1	3786.6009803218344
2	3800.2244687110287
2	3846.724271261923
2	4056.0518916677083
1	4240.564011749036
1	4340.7572598712295
1	4398.554382511181
2	4451.441963210486
2	4474.711821485768
1	4636.889650082871
1	4656.553738950241
1	4764.698359995854
1	4780.530462166498
