1	80.44462505457366
2	98.51329858979807
2	121.61117993469334
2	121.61893605983254
2	121.65235336660453
2	121.7073387648692
2	121.73199373798008
2	144.8542522328047
2	144.95882982964395
2	145.05134518429423
2	145.10482615618375
2	145.19927311252522
2	145.29716279221108
2	145.33991731415804
2	145.49899650116566
2	145.53253673485423
1	150.33886188643135
1	150.4594131828743
1	150.4871508456406
1	160.2871078478467
2	167.96535326896634
2	168.0219032489889
2	168.0999526235423
2	168.2212521006417
2	168.27431055511494
2	168.32914353033163
2	168.37734726928815
1	180.72293332344537
2	191.11182536349557
2	191.2204943402152
1	200.38452748865487
1	200.4261786620153
1	201.39780572974934
2	214.3021706960923
2	214.3963455794411
1	250.48406217352328
1	250.63722961820588
2	260.63903561114176
2	283.8622375366672
2	283.89344548967074
