2	182.44224663276074
2	230.17147347488861
2	253.99223931610263
1	509.19166722264123
1	511.14886359035825
1	539.6241273300152
2	564.1138065309349
1	669.5596416080201
1	1110.364026866208
2	1112.770693743346
1	1171.7941871427515
1	1389.1635650801895
1	1429.2908886330988
2	1637.625031045448
1	1705.2878092837648
1	1721.3131713839384
1	1834.521116651534
1	1972.5361140500804
2	2329.438351737372
2	2401.0142937954092
2	2424.817853153887
2	2448.829893652983
1	2542.680895624802
1	2543.28555121372
1	2551.221958552873
1	2931.6123142472325
1	2944.2921897481215
1	3023.5528566416137
1	3053.8424992516984
1	3161.6374741472196
2	3188.247677753135
1	3189.288996292277
1	3339.8139294652506
2	3474.5409489179006
1	3514.820716666482
2	3546.0707408676444
1	3641.8716287670118
2	3784.591003027636
1	3786.5932697117487
2	3832.313443059914
2	4023.166096986743
1	4240.463476049137
1	4340.587315190683
1	4398.310064456421
2	4452.578718514793
2	4476.366672860301
1	4636.830689776369
1	4656.500127094557
1	4764.603806031312
1	4780.520939613525
