1	80.30437148643321
1	110.65872224018996
2	118.93227099655184
2	118.982625469704
2	118.98947316210598
2	119.00265999105024
2	119.0283200948972
1	120.29877672685735
2	142.08003790707755
2	142.09333280428524
2	142.10588756348002
2	142.13748088832338
2	142.23584626034327
2	142.2381648349302
2	142.28804838472027
2	142.38784664172573
2	142.41751319557284
2	142.4996374452329
1	150.4610653382469
1	150.59591248480274
1	150.6573426118964
2	165.3054548759332
2	165.32257339913895
2	165.33704869285577
2	165.47569624044738
2	165.6491257841144
2	165.72244809313008
2	165.7293906518095
1	180.72098485957144
2	188.563356205159
2	188.58124637944024
1	200.20420405441718
1	201.02129435583404
1	201.35193727230114
2	211.71657418958858
2	234.74914816221448
2	234.88205971282923
1	250.4516318994703
2	281.16089730349455
2	281.2127912281941
