1	80.48534828640811
2	112.67445055244511
2	112.75705143085052
2	112.83257453539137
2	112.88292860120899
2	112.93686266262155
2	113.02930273232856
2	113.10978623026288
1	120.4518530269273
2	135.80257147471474
2	135.87004239175113
2	135.95765036196843
2	136.04667894028478
2	136.13079628747346
2	136.17139902955873
2	136.2115113295493
2	136.23914932778035
2	136.24061632615994
2	136.31176025811325
2	136.37876517279074
2	136.4496774131814
1	150.40428095438588
1	150.60883321288867
1	151.31940082783478
2	158.65740546389625
2	158.7801404624031
2	158.83286330542094
1	160.5978712324278
1	180.99291366967807
2	181.58723387658725
2	181.6136154152797
2	181.61952145903743
1	200.50458011325605
1	200.7833521457168
1	201.43111028989995
2	204.5312924155121
2	227.54795694160654
2	250.44978835855943
1	250.6194054643574
1	250.80386237222342
2	273.46478371735884
2	296.4622613274329
