2	102.99946009879615
2	128.08589369355892
2	198.15933667509333
2	222.01236479162853
2	222.12178006267717
2	223.4261501287949
2	245.84121859664072
2	245.9455202721039
2	247.3354700613963
1	459.30432435689613
1	461.0820112205976
1	461.0883038700822
1	489.61235372913825
1	489.64408366229037
1	509.2356385471575
1	509.2426963273806
1	511.1405274621804
2	532.032138626404
2	533.5679650954311
1	539.6515614380282
2	555.9961055511368
1	619.5873645118724
1	619.621485867893
1	669.4987515399176
2	1104.05719508877
2	1104.6442592247456
2	1105.9565292718075
1	1110.3792003800543
1	1110.4117728854578
1	1121.1358855852318
1	1121.2174073573105
1	1121.814500259083
2	1128.5151916680986
1	1160.3576918519555
1	1171.617485666107
1	1171.8676449764241
1	1379.3126723244634
1	1389.136152301181
1	1389.1556773021061
1	1389.1948336824748
1	1429.246833209534
1	1429.2920115093505
2	1653.2607096911656
2	1654.553245388495
1	1671.419545169809
2	1676.1632376784005
1	1705.2960199316228
1	1705.3435688729082
1	1705.4188530761826
1	1721.2154070368824
1	1721.3876665608475
1	1784.4882624386407
1	1834.38282172933
1	1834.5586280207535
1	1922.336383015714
1	1922.5231874988053
1	1972.2523976255331
1	1972.5913354904988
2	2319.643788273274
2	2321.2740579529527
2	2322.3318065591598
2	2391.2316444302896
2	2392.847014320341
2	2393.899889994432
2	2393.9481498121313
2	2415.01296584223
2	2417.73580248555
2	2438.8177082612415
2	2440.5337290149378
2	2464.429598551724
2	2489.8008026837156
1	2492.2580896647405
1	2492.4931938289533
1	2492.6607914459764
1	2493.2166411261173
1	2493.3304018819977
1	2501.322919724101
1	2501.399953223959
1	2542.5228968046245
1	2542.7025421506064
1	2543.2101910563315
1	2551.289208856568
1	2881.2442699866256
1	2881.593241360505
1	2881.6230722618507
1	2894.3303800808553
1	2894.4088048207327
1	2931.5535466924593
1	2944.2914669945267
1	2973.2091836253867
1	2973.50110318823
1	2973.541252504534
1	3003.981508678046
1	3023.514155004421
1	3053.47902384514
1	3053.8238741705745
1	3111.2073386442635
1	3111.666296931122
1	3111.698629165971
1	3161.690690782007
2	3177.69960852381
2	3180.953335594486
1	3189.3260093514928
1	3189.343968816346
1	3189.3532802265413
2	3203.8773359983124
1	3289.3944338868864
1	3289.746388269086
1	3339.5124704491377
1	3339.747915153098
2	3447.1191947176167
2	3463.731342090483
1	3464.8102189657175
2	3467.112037777539
2	3490.1640043564516
1	3514.4070798217426
1	3514.7849399995002
2	3537.909035261333
2	3562.5736778955775
1	3591.303372796804
1	3591.860097773046
2	3630.5341970553936
1	3641.5168227505214
1	3641.8095586038503
1	3736.130075031364
1	3736.511487596184
2	3777.1856466912927
1	3786.2594224854442
1	3786.5634196112214
2	3797.4657954124295
2	3800.3060512565435
2	3824.108012175974
2	3824.9165069132523
2	3868.891012051291
2	3874.7460924059787
2	3877.9314541194435
2	4015.6869989502943
2	4035.7884637206316
2	4038.8255653731367
2	4056.69535905031
2	4093.3538831070796
1	4190.512747965548
1	4190.600977141119
1	4240.493013480417
1	4290.623616508052
1	4340.328051306074
1	4340.68315535446
1	4398.1479007562375
1	4398.253793517877
1	4398.272075781947
2	4441.0182186064885
2	4444.344178459315
2	4445.041296119186
2	4468.262072990944
2	4468.92364497637
2	4475.098013233651
2	4488.672935099985
1	4586.840233552779
1	4606.559428164171
1	4636.564734305869
1	4636.795834639133
1	4656.234742663702
1	4656.443914326463
1	4714.337919558562
1	4714.538092116303
1	4714.630644095104
1	4730.265017545038
1	4730.5548677724255
1	4730.654689003398
1	4764.636103819076
1	4780.499781276528
