1	80.4821540706591
2	120.5175080723726
2	120.55334545607728
2	120.56032011544802
2	120.57793060042864
2	120.67501133020568
2	120.68494255460992
2	120.73672084534145
2	149.034215156446
2	149.12648808167233
2	149.1522080354098
2	149.23586372778482
2	149.24258436178155
2	149.32960001854465
2	149.38196100114195
2	149.55327218386213
2	149.62546353742442
2	149.6626409408159
2	149.75414092046267
2	149.8483731720765
2	149.90669831042666
1	151.32812053053465
1	151.46557967381628
1	151.4672134263364
1	160.63735698210203
2	177.90719558117488
2	177.98579687635038
2	178.05766358988438
2	178.12053566382357
1	180.95426167356254
1	200.25745688370375
2	206.190175964928
2	206.29013908097593
1	230.8787803955307
2	234.5691259728091
1	250.37080213570408
1	250.61326960085282
1	251.08705971491688
1	251.26860167881094
2	262.95376838806493
2	291.5517033395349
2	291.57037129355706
