1	80.26263361689209
2	134.80869475943848
2	134.89627272792606
2	134.98031573395863
2	135.0414219480985
2	135.17195023013613
2	135.2562939613508
2	135.27980150162867
2	135.37679918831864
2	135.4354390922679
2	135.5156080305447
2	135.55388527726538
2	135.63420857586578
2	135.66352887252785
2	135.75455985404636
1	150.15897134746527
1	150.34689540740027
1	160.4538087716697
2	164.05933867711846
2	164.14943022776262
2	164.25826916628722
2	164.26757580528226
2	164.33147440426893
2	164.42366760197874
2	164.43816686719595
2	164.45779363619508
1	170.21216438921243
1	180.78076835020917
2	193.3425399973281
2	193.37115873422866
1	200.27902124764822
1	200.33402817961152
1	201.3400289845296
2	222.5840715600923
1	250.51292497830624
2	281.12492320352175
2	281.1579503350306
2	281.16070780023335
