1	80.6951355537777
1	80.81550889056122
2	106.30071679903014
2	106.31748161759326
2	106.38943002439483
2	106.42396428070755
2	106.49607281363082
1	120.66171927283561
2	129.67037884862702
2	129.71033748363575
2	129.73813405445895
2	129.80085292466435
2	129.88700287853112
2	129.92921432189803
2	129.96755203611326
2	130.03328547088688
2	130.07543052296688
2	134.64323595150347
2	134.71808909145804
2	134.80878802855642
2	134.9751896042609
2	135.0246927681333
2	135.17112214110765
2	135.25086050130074
2	135.3435467694706
2	135.37787416236992
1	150.50948332677717
1	150.80490998164663
1	150.8592187156519
1	151.69845154825813
1	151.7609686117502
2	152.97700873895073
2	153.079793258274
2	153.12063915427925
2	153.15046320823356
2	153.22501487892143
2	153.27221843557697
2	153.27879201096772
2	153.31798361166625
2	153.37344177953412
2	153.41314022132323
1	160.56747486389435
1	160.77082561970488
2	162.9632606464621
2	163.12896388102448
2	163.26604314593473
2	163.37915098739467
2	163.52158997635382
2	163.59640143268118
2	163.63267905587333
2	163.67823785781297
2	163.7032558161924
2	176.56668203694315
2	176.6455744842588
2	176.69199035509732
2	176.69443796538752
1	180.88479287911593
1	180.92114833813565
2	191.47108600748632
2	191.5396617493965
2	199.59024261527244
1	200.2902267195314
1	200.86189014750332
1	201.05532585824596
1	201.4039195451046
2	219.55832540461373
2	219.74295675149463
2	222.9365694508765
1	230.7974566237459
2	246.26541195968946
2	246.3607100681808
2	247.97605533672558
1	250.27110985626777
1	250.35332269169427
1	250.61540923486803
1	250.62740416332483
1	251.14081666906569
1	251.1428190118199
1	251.31196322067177
2	276.293836917387
2	276.30318572282545
2	276.39325662263064
2	292.66147046245715
2	292.7396503190892
