2	137.2107237564483
2	142.25222690087864
2	232.90660090128733
2	232.99688261617106
2	253.29787825035893
2	276.4952400282449
1	461.1945877805287
1	461.3526683652671
1	489.69016044928355
1	489.74175021762636
1	509.3641586759
1	509.3843626162968
2	550.2164743044456
2	554.983964400205
1	619.5513360040186
1	619.5786217157423
2	1116.7497039246148
1	1121.8893556028863
2	1135.0716074659115
2	1139.4732607716276
1	1160.2951679563039
1	1160.4200114706703
1	1171.6228200583348
1	1171.8223561982911
1	1389.2487708410117
1	1389.386470464594
1	1429.4462819759642
1	1429.4512891073284
2	1645.6557486923336
2	1660.623769714951
1	1671.4850369605513
2	1683.2418459469736
1	1705.2854440521896
1	1705.5897949160192
1	1721.2386687632852
1	1721.380934784396
1	1784.6943670435503
2	1819.194033390057
1	1834.3653578535154
1	1834.5650052220317
1	1922.783398297459
2	1955.2255154574907
1	1972.3012248254224
1	1972.3930104654028
2	2340.480187692937
2	2341.773434232044
2	2408.4602571170262
2	2408.5020841799837
2	2411.412386718001
2	2431.1036283321355
2	2434.6304135417463
2	2434.731223273207
1	2492.861911005265
1	2493.2107127426884
1	2493.472260862493
1	2501.3758425030305
1	2501.4844820020326
2	2521.7145954193134
1	2542.528298926229
1	2542.685298948785
1	2881.69058864806
1	2881.715058974151
1	2894.309431541365
1	2894.6007339847984
1	2973.6658777135867
1	2973.684063213239
1	3053.514157072193
1	3053.6504620194264
1	3111.6789616899964
1	3111.8486981237224
1	3189.445753577347
1	3189.535325047445
2	3200.3624848483873
2	3201.543332210537
1	3289.9351400543387
2	3314.9177025353533
1	3339.5386234036655
1	3339.6856445266762
2	3450.8970383903275
1	3464.915714975496
2	3478.87546363032
2	3496.2239383130354
1	3514.4478412667795
1	3514.660602815803
2	3541.482324391541
1	3591.866492694713
2	3618.1842736512185
2	3632.114889456489
1	3641.5420148734843
1	3641.670012012584
1	3786.421124270736
1	3786.511740970042
2	3790.8246086688187
2	3803.7384990456367
2	3836.143286607675
2	3873.332540882787
2	4017.3885510564232
2	4035.782466012592
1	4190.5300308789565
1	4190.613889273722
1	4290.739712454217
2	4311.96292013452
1	4340.260453311555
1	4340.530169727685
1	4398.17277756194
1	4398.483618129993
2	4447.925352481788
2	4470.673518818868
2	4476.67234166076
2	4523.156987893794
1	4606.689253899488
1	4636.492366056165
1	4636.709337523666
2	4651.970621743104
1	4656.2882992050945
1	4656.407892938487
1	4714.671491887054
1	4714.677273956767
1	4730.707547924842
1	4730.721952359152
