1	80.4840918473416
2	109.44504531797577
2	109.44857352885887
2	109.44877079516193
2	109.46949175477009
1	120.85602875647474
2	137.9816083173069
2	137.99026801649683
2	138.01080464155888
2	138.097409910931
2	138.121304268065
2	138.1508276603517
2	138.15093390221804
2	138.16192841598135
2	138.2384921343188
2	138.25381595681947
2	138.33577152006038
2	138.36990444002413
2	138.4257633476155
1	150.42236393266256
1	150.5683892614807
1	150.6443186339311
1	160.65918272170074
2	166.34248468380125
2	166.53318476905588
2	166.54076784940906
2	166.63045822008496
2	166.70381772524877
1	180.99845008753238
2	194.88889264956578
2	194.94167954050815
2	194.98564295313227
1	200.36523975828237
2	223.2619305788998
2	223.2793189715966
1	250.22529996556915
1	250.5482558231919
1	250.99255601907672
1	251.26436662019248
2	251.77912351657113
2	280.1559909910214
2	280.1893416343285
