2	130.84642537966616
2	246.91940753588727
2	270.21435185009267
1	461.2032519020369
1	489.6804252742129
1	509.34624201285965
2	571.8746585511084
1	619.5716443343242
2	1105.8175720235367
1	1160.331865251916
1	1171.6579634818997
1	1389.326226733184
1	1429.345327669377
2	1662.8598879047781
1	1705.288449355254
1	1721.3516282363048
1	1834.4045488233469
1	1972.4125803774086
2	2336.072706670408
2	2428.9005776676595
2	2428.999353809647
2	2452.1648754761322
1	2493.185290868176
1	2501.3006418329473
1	2542.485087771906
1	2881.634574008396
1	2894.1433519276106
1	2973.6124258332084
1	3053.490521813959
1	3111.655631598386
1	3189.356183688886
2	3194.891252955145
1	3339.4956270781395
2	3473.469353819337
1	3514.4863775544786
2	3612.7701794507384
1	3641.6033979688814
1	3786.426449269144
2	3798.449467322407
2	3891.3064959656363
2	4053.7343394885556
1	4190.463451466176
1	4340.333019681261
1	4398.232815687033
2	4448.394729825306
2	4494.840771766594
1	4636.454891656556
1	4656.340985186794
1	4714.611033787992
1	4730.761871984004
