1	80.11472598635403
2	119.55403477996043
2	119.59719745273289
2	119.65780475339015
2	119.66673785813069
2	119.82639246092016
2	119.82946996411225
2	119.88092912761509
2	119.93744123394676
2	120.02073637647526
1	120.14166755688004
1	120.41965791234104
2	143.3974567697912
2	143.4715576229421
2	143.5907490344209
2	143.6160697692963
2	143.6545060929181
2	143.72629207003772
2	143.75172557407677
2	143.77463237439258
1	150.09831883661246
1	150.22056899147083
1	160.26136951788186
2	167.18418839709963
2	167.4567529999911
2	167.50708822945413
2	167.53364445298908
2	167.55667175015589
1	180.52924324510363
2	191.05413420412086
2	191.10344152395365
1	200.09212811839984
1	200.15207719156177
1	201.1707988656189
2	214.90254950567203
2	214.9727684860063
2	215.01388011085146
1	250.3809988476979
1	250.44019647802
2	262.57552475936967
2	262.6119648248485
2	286.40301751620893
