1	80.61566095899276
2	103.63235766551934
2	103.67715829007317
2	103.73748683083528
1	120.40014076317914
2	127.19206315237258
2	127.25573954930019
2	127.27270179584123
2	127.31874480501276
2	127.3986452706217
2	127.41273347274179
2	127.62304512037832
2	127.70519536827898
2	127.76342738556406
2	127.80864873671634
1	150.2994471735416
2	150.83148163996108
2	150.84190850172845
2	150.88996358565268
2	150.96520525321048
2	150.98307544449662
2	151.12041306498196
2	151.1990963554746
2	151.2793529943813
2	151.34221242407685
1	151.35817444334782
1	151.39934868569583
1	151.49132457211604
1	160.52907466185727
2	174.21778511881405
2	174.2388275165139
2	174.30712458047893
1	180.90327110010853
2	197.79790186036166
1	200.74262508919017
1	201.39454993013655
2	244.87974659063732
2	245.00706412675885
1	250.24178657816117
1	250.3481242375512
1	251.06359582987784
2	291.8646077288924
2	291.8699087842454
2	291.9407540377188
