2	142.85330953029128
2	226.9626243976848
2	255.05766100142412
1	459.3951015170025
1	461.0858731460388
1	489.59684691707446
2	535.4158759211783
1	619.661518835112
1	1110.3507449439278
1	1121.8719094306991
2	1124.3059231354987
1	1379.3686702728758
1	1389.2004278525267
2	1657.080799541463
1	1671.5191348676676
1	1705.3172340906299
1	1784.6085548254193
1	1922.4796058817622
2	2329.982899464403
2	2414.181537872818
2	2414.2724979668196
2	2442.1975323656093
1	2492.706320011364
1	2493.214054857021
1	2501.374860980492
1	2881.6905504603446
1	2894.4415114865824
1	2973.6653256589216
1	3003.956219020339
1	3111.687512967273
1	3189.34743185861
2	3199.279713213681
1	3289.8849907312815
1	3464.7953488566054
2	3479.699008556599
2	3563.7736841196643
1	3591.921769574724
1	3736.5386971266257
2	3788.1565854559453
2	3844.221245432432
2	4040.5054635057436
1	4190.513307658416
1	4290.664064328042
1	4398.267330453379
2	4461.069702074169
2	4489.129345682092
1	4586.90915863931
1	4606.578343271321
1	4714.621377298874
1	4730.656566913947
