2	123.14381773306296
2	237.50530625580177
2	237.5126351092674
1	461.23401541871334
1	489.755038930477
1	509.30208998133224
2	552.0300799350385
1	619.731639103075
2	1123.913173134012
1	1160.4434226576793
1	1171.6285618145266
1	1389.337113139691
1	1429.3740182138527
2	1667.0825475061954
1	1705.3066597918225
1	1721.3254997064716
1	1834.5702229021301
1	1972.361104713845
2	2324.7214695821945
2	2410.5318608434936
2	2410.5515505187113
2	2439.051969491154
1	2493.4879373545555
1	2501.414944524234
1	2542.59425947963
1	2881.792460674568
1	2894.4030638627537
1	2973.7475431484445
1	3053.5586265920924
1	3111.729924459064
2	3182.4519180862703
1	3189.4380261417027
1	3339.6195623000094
2	3468.4212832072517
1	3514.6112604915
2	3554.206250581518
1	3641.684594140031
2	3782.9287827758594
1	3786.3417719695553
2	3840.1257228703553
2	4040.254835778548
1	4190.570996864262
1	4340.481440932648
1	4398.3167655908255
2	4440.527084066248
2	4497.705796245863
1	4606.226746341217
1	4636.636682369877
2	4640.7199934233495
1	4656.438769161855
1	4714.752104728735
1	4730.672880622736
