2	117.78726562026623
2	209.6758794186764
2	255.5951492514652
1	461.4033683556323
1	489.6685245252818
1	509.459577947981
2	554.0456393612832
1	619.5854608036576
2	1104.9253816342007
1	1160.5629381845595
1	1171.8950845309353
1	1389.3976986029968
1	1429.472178207338
2	1678.897009012978
1	1705.5812324690414
1	1721.4631022841459
1	1834.5803398114972
1	1972.4940342637615
2	2344.6001775286286
2	2413.5145776432737
2	2436.3853006664567
2	2436.4192693644427
1	2493.4781493412606
1	2501.5862534162
1	2542.737902118245
1	2881.789417694236
1	2894.734280258131
1	2973.543416676374
1	3053.6602607007585
1	3111.642193666831
1	3189.592253555688
2	3193.9466597533765
1	3339.712377143116
2	3469.4303274576782
1	3514.6025016297976
2	3561.2615929895587
1	3641.7179876639257
1	3786.6102719488076
2	3790.883886306162
2	3859.687686099487
2	4043.3519763804557
1	4190.555173653558
1	4340.529702593407
1	4398.573212674838
2	4433.622669079561
2	4479.505283455057
1	4636.700249889349
1	4656.504812963786
1	4714.656410914443
1	4730.739056378113
