2	113.82061273584593
2	209.46071043186598
2	257.2769621065784
1	461.1926547137698
1	489.66495093251825
1	509.2341165632412
2	544.0909015935699
1	619.5845321673647
2	1093.8011378329527
1	1160.334355035489
1	1171.6670757838117
1	1389.2607127192366
1	1429.3528210672828
2	1667.479283720945
1	1705.399124816097
1	1721.2492804623987
1	1834.4501425245444
1	1972.3283915063112
2	2336.7412468102766
2	2408.5022686466514
2	2408.507057548039
2	2432.410388411548
1	2493.3791873142263
1	2501.383766647772
1	2542.503597613493
1	2881.608387611381
1	2894.4124834836553
1	2973.5590491890352
1	3053.418400624118
1	3111.6959580973653
1	3189.38262020177
2	3197.249939881096
1	3339.5193454856953
2	3460.152084522677
1	3514.3498631336706
2	3555.8434316770977
1	3641.6106332388044
1	3786.229911039838
2	3794.843056995618
2	3866.4930220044175
2	4033.8521272538096
1	4190.47953348928
1	4340.323905761396
1	4398.31247894749
2	4440.228005955212
2	4487.9590282328745
1	4636.579761647467
1	4656.289387721642
1	4714.696030699046
1	4730.590266468772
