1	80.358749782199
2	105.26097046303371
2	128.40828819230956
2	128.43275200568814
2	128.46893676812724
2	128.5813041271217
2	128.6592544025736
2	128.75679479490952
2	128.76281535259193
2	128.79263885844637
2	128.88283648216392
2	128.97164677195755
2	129.0469239321128
2	129.08459907611012
1	150.28098113516054
1	150.36802769935863
1	150.40549951737836
2	151.56114949213958
2	151.6296708316646
2	151.688293742445
2	151.71667326075095
2	151.92541991435166
2	151.99338041631776
2	152.01068109239654
2	152.03710242351357
1	160.52973869075822
2	174.8800163959961
2	174.96176879128686
1	180.8564488135357
2	198.13099302823105
2	198.18122727091654
1	200.2694044439413
1	200.32509010958563
2	221.1703434423532
2	221.26902731049654
2	221.33985566875535
1	230.7664863571989
2	244.2524855759466
1	250.17667924963425
1	250.53898049293585
1	251.02313761872216
1	251.1952810976312
2	290.6365096567727
2	290.7223719865717
