1	80.39301288747687
1	80.57171308996448
2	93.47252699623044
2	107.2713957914578
1	110.42964826419221
2	117.35935390763267
2	117.41883967462437
1	120.19505387854096
1	120.45771623361853
2	131.34126253825178
2	131.4132616677699
2	131.5123100069835
2	131.58196069271577
2	131.6512765490225
2	131.8117282251333
2	131.82951219256267
2	131.89296347665166
2	141.11296758786372
2	141.153136117609
2	141.24568270991202
2	141.31324531463147
2	141.37678300116025
2	141.4162151780976
2	141.48959459911333
2	141.51891723948836
2	141.56432635778157
2	141.57732650881553
2	141.65418258136023
2	141.67159692090613
2	141.73109424374294
2	141.73487818020328
2	141.82007494428657
1	150.48035662991106
1	150.55710167004804
1	150.6488491187591
1	150.68655059186185
1	150.88739381580532
2	155.28408996084517
2	155.39538473750295
2	155.4496633798874
2	155.53081198434597
2	155.6234275925408
2	155.70065602790862
2	155.7078873546684
2	155.8490294543555
2	155.94446654489252
1	160.36269383715452
1	160.54650219124068
2	164.97742444836373
2	165.07304888621786
2	165.1096929491298
2	165.1285029348071
2	165.22439961605863
2	165.27650943628765
2	165.34726155547898
2	179.25545937417425
2	179.42987749273763
2	179.52185245580796
2	179.61917539631557
2	179.63161023060917
1	180.43135333703077
1	180.81707348221912
2	189.0342677006018
1	200.5058936457605
1	200.59121995726878
1	200.70905788836293
1	200.8196429682322
1	200.9265122667699
1	201.39303669660836
2	203.27448425604626
2	203.31710741429418
2	212.62542642922176
2	227.5055967269533
2	236.66420863430156
1	250.45519877572428
1	250.5167309970898
1	250.5564354185473
1	250.80311823646858
2	260.24905793442286
2	275.312659811946
2	275.3625592203807
2	284.06238736648965
2	299.3601869057167
