1	80.20544548802718
2	96.76747611424645
2	120.63719054097686
2	120.76851315683821
2	120.80597422158348
2	120.84679513068005
2	144.52656966690495
2	144.6089266424399
2	144.69286317139944
2	144.78583609749234
2	144.79832529293938
2	144.88529709436733
2	144.89561675155633
2	144.9797930890466
2	145.0072819763306
1	150.12828109834092
1	150.25136427954382
1	160.4913916239915
2	168.33656295808726
2	168.3998350741072
2	168.4797803751017
1	180.55966775885867
2	192.1774912882111
2	192.41708209180783
2	192.51218306683344
2	192.58060159654104
2	192.6694736723409
2	192.72990199917405
2	192.80523509230417
1	200.14527505505808
2	216.0320159492429
1	230.6685733366744
1	250.13080691686014
1	250.9061118422241
1	251.1501686761114
2	263.75279986546343
2	287.5986471893561
2	287.68841160687464
