2	142.37493850901686
2	229.65745208975795
2	258.75498835046204
1	509.5679402515921
1	511.26064641660474
1	539.7669463870892
2	549.809400630372
1	669.7071865161863
2	1131.746502383374
1	1160.6467342944366
1	1172.157172817648
1	1389.5414146001767
1	1429.6128428785782
2	1684.722769274513
1	1705.8237846462914
1	1721.5248667323701
1	1834.7525822756106
1	1972.7787401294268
2	2324.9173516661704
2	2412.235547075611
2	2412.3350133510266
2	2441.4179047834878
1	2542.8654592903167
1	2543.4193684396337
1	2551.500490597341
1	2931.671782855664
1	2944.561094556224
1	3023.8093108212233
1	3053.931439516581
1	3161.8518589555874
1	3189.7426797990306
2	3197.878824560934
1	3340.069015794825
2	3488.884980182765
1	3514.989861689129
2	3576.1773590327066
1	3642.0455317660267
2	3779.933107468574
1	3786.692094364227
2	3838.115703078789
2	4041.7830064012246
1	4240.647665351761
1	4340.905162215733
1	4398.726214560441
2	4449.146481181144
2	4507.361610950582
1	4637.034347884596
1	4656.715542415512
1	4764.788420251448
1	4780.729728542849
