2	156.02379742741985
2	243.33130597647857
2	272.5029031368642
1	509.51197631449827
1	511.27356448045373
2	534.3524562462678
1	539.7787774037643
1	669.7334846993174
2	1116.3730389105751
1	1160.6847332453021
1	1172.080764953703
1	1389.6115636987506
1	1429.609927013194
2	1669.2338009107002
1	1705.8336860840996
1	1721.5987894082537
1	1834.7322153232126
1	1972.7819586326539
2	2338.586908706145
2	2396.7859205499453
2	2425.840752361716
2	2455.007222147745
1	2542.9080534188975
1	2543.4143433444005
1	2551.5051710036532
1	2931.6817100298495
1	2944.6459125941633
1	3023.820244336019
1	3053.9159980373843
1	3161.8664295866065
1	3189.7182485191265
2	3211.6071740136917
1	3340.0107376245996
2	3473.429754049851
1	3515.0061022177156
2	3589.862097834478
1	3642.072176830704
1	3786.7191273340413
2	3793.536246016761
2	3851.733022495925
2	4055.444786863895
1	4240.677958851413
1	4340.85014495764
1	4398.689440861928
2	4462.814378771584
2	4491.960609430561
1	4636.995711308684
1	4656.7255573554685
1	4764.757552494312
1	4780.701662421618
