1	80.26487985801089
1	110.67715545114554
2	121.30561905299516
2	121.35312269585121
2	121.36809335607003
2	121.44568963974127
2	121.51756049226573
2	121.59766330376095
2	121.68134085855996
2	121.71722698885296
2	144.45463293609285
2	144.54085492623295
2	144.67101647655844
2	144.74059167322346
2	144.7705157863363
2	144.78955616682958
1	150.88531932825046
1	150.95173125597265
1	150.9895593152487
2	167.73411735740166
2	167.84699434849495
2	167.89942625413036
2	168.0028073930898
2	168.04512501626058
2	168.09285270969858
2	168.10208085504766
1	180.62016299038436
2	190.96856177169664
2	190.99359425007572
1	200.19419341449466
1	200.9878188262816
1	201.19177327514313
2	214.28458235725
2	237.43829209985628
1	250.4715582893156
2	260.5966843711551
2	260.6069852982025
2	283.79195973917297
