2	137.32221237752464
2	150.2284792791516
2	222.87766662714904
2	240.75481087645213
2	251.48528919319364
2	263.3516275029872
1	509.3670001115196
1	509.6728465451728
1	511.15157084308385
1	511.25797023566025
2	534.8286659468912
1	539.7539928963912
1	539.8252361505563
2	565.3141684699875
1	669.602690406243
1	669.651159916338
2	1100.629185501188
2	1136.0301684664453
1	1160.4064682971805
1	1160.7193500274182
1	1171.8580852029368
1	1172.1625448168577
1	1389.382264735861
1	1389.5963769208133
1	1429.3540260255133
1	1429.6952471822137
2	1649.5963903331794
2	1666.335281647351
1	1705.3877541995516
1	1705.7497293930028
1	1721.4368487311865
1	1721.6691681104473
1	1834.5807707052234
1	1834.7389217076297
1	1972.637015406167
1	1972.7438667058468
2	2322.4873110128633
2	2334.434758097662
2	2390.3695755508284
2	2390.4086174853855
2	2419.9592395921345
2	2420.0198107474303
2	2435.6745410476724
2	2448.575009924531
1	2542.766939118226
1	2542.9008368798463
1	2543.3007766042056
1	2543.363428378448
1	2551.215478263502
1	2551.3747380232567
1	2931.679044547954
1	2931.766108990978
1	2944.3882616748415
1	2944.5042549817763
1	3023.632036857179
1	3023.6857401857487
1	3053.856568965908
1	3053.9916308362012
1	3161.6984682651637
1	3161.786339276458
2	3182.3788791225616
1	3189.4397692181014
1	3189.725591254914
2	3190.37103761614
1	3289.914840871878
2	3304.499487851506
1	3339.8223306518166
1	3339.901792156943
2	3447.2043316402787
2	3476.6192732816535
1	3514.8373432759213
1	3514.8592427312756
2	3561.3809589276207
2	3567.0963619921836
1	3641.862378939528
1	3641.9853278731625
1	3786.6350321529503
1	3786.6955114817747
2	3789.6410586138177
2	3793.4143210367133
2	3838.6007591309217
2	3846.67067413149
2	4042.278516833006
2	4046.4429950593426
1	4240.462892450462
1	4240.491841475836
1	4340.697761189987
1	4340.809793597904
1	4398.354245456648
1	4398.789251114205
2	4445.856050785724
2	4449.659996402186
2	4472.227785767153
2	4474.396036120767
1	4636.9107002860255
1	4636.981558506723
1	4656.491982829564
1	4656.5621411084385
1	4764.7531195848205
1	4764.759862823833
1	4780.604189725618
1	4780.67214771493
