1	80.69935279840381
2	116.52368953752696
2	116.56533218677973
2	116.61273484025435
2	116.61508941910989
2	116.66907614497939
2	116.73046391970249
2	116.74771194640772
2	116.75293882098708
2	116.7612971722936
1	120.4416857972047
1	120.64594658148057
2	139.56602327924972
2	139.6245041099309
2	139.71223265527354
2	139.76132947778794
2	139.78949470096487
2	139.97463849412566
2	140.1059848171016
2	140.12650824815447
1	150.8628608682564
1	150.91692823870028
1	160.75395021299056
2	162.8340654208929
2	162.88167265646604
2	162.89794934645423
2	163.05483030163907
2	163.1110711947638
1	180.966510950794
2	185.7178342349516
2	185.74402912550173
2	186.05273223496056
2	186.1197098848556
1	200.19696909355253
1	201.07834367929732
2	208.85227576063716
2	208.98101261500312
1	230.66567587565294
2	231.90086756359338
1	250.17979058495658
1	250.5664158184524
1	251.08659034224647
1	251.19429673197638
2	254.96942839401913
2	277.99196226041846
2	278.0866457263028
