1	80.1789381192156
1	80.56490142594144
2	98.34585908972915
2	105.43630167545523
1	120.43395311133972
2	122.14468011627348
2	122.2307080697857
2	122.28221983703122
2	122.36745191761065
2	122.43506355497526
2	122.49447463554078
2	122.58880413734221
2	122.60717245629846
2	122.70625853659746
2	122.75595896094285
2	129.48796933799312
2	129.5322294104144
2	129.53978063921483
2	129.62263709742436
2	129.68093354604017
2	129.7402277005722
2	129.77841962650015
2	129.80750711775832
2	146.06207925046235
2	146.1613687310711
2	146.22715734810308
1	150.1105062199742
1	150.22798856332372
1	150.73012373756433
1	150.8365901349471
2	153.47447268914976
2	153.61120470343144
2	153.6232835586776
2	153.62359138795185
2	153.76717826278397
2	153.78023000013707
2	153.78800881461788
2	153.93999936950166
2	153.97041750258506
1	160.47161796830548
1	160.56783605639464
2	169.86166186233405
2	169.95644116844196
2	170.09125789810057
2	170.2671112293297
2	177.50588137127144
2	177.72358674861562
2	177.7243778627444
2	177.8147397899573
2	177.8271457986781
1	180.6005166954959
1	180.79224111955455
2	193.85746053156936
2	193.888825740267
2	193.98098594916536
2	194.01510383818973
2	194.02466555402106
2	194.03301201531448
2	194.08487511959495
1	200.1529529568452
1	200.65001349074174
1	200.9008021644082
1	201.35826528419787
2	201.50579120067255
2	201.58391164818798
2	225.53905279489643
1	230.61287393086567
2	249.6268698096194
1	250.10343879476832
1	250.52481941672397
1	250.78304607689427
1	250.79548328540355
1	250.9546836787545
1	251.0857169403512
2	265.31901066042155
2	265.329503473467
2	265.42817186490277
2	273.50001586746015
2	273.58811609909026
2	297.51165679041793
