1	80.59786845876248
2	117.53944821618899
2	117.63246435484447
2	117.6892454666137
2	117.73192864356162
2	117.75993002381647
2	117.78077734629221
2	117.83863486325554
2	117.92773080029235
1	120.176579911235
1	120.20738316404345
1	120.519976965384
2	146.68386841402267
2	146.69894572130568
2	146.72208110818264
2	146.726232636048
2	146.76422753897825
2	146.77883347556403
2	146.7892453323742
2	146.96366976241225
2	147.01576078455338
2	147.04044982119947
1	150.36836791349467
1	151.30302130805228
1	151.3605864210057
1	160.59603851607974
2	175.755410311634
2	175.79582239433762
2	175.89170438510567
2	175.97780129130237
2	176.04759309058997
2	176.06951351373948
2	176.13794490508585
2	176.20464309261087
1	180.85641710173127
1	200.87352786188032
2	204.95527048175668
2	204.99386108029015
2	205.00042654822425
1	230.78553654378106
2	234.05050115673606
1	250.2563975426321
1	250.47096399599346
1	251.06870720678538
1	251.11824390115507
2	263.0666133013204
2	292.1174222203395
2	292.1580175747744
