1	80.55843320565538
2	91.20145832448165
2	114.79570794038851
2	114.88513859640729
2	114.91347609309224
2	114.94864513297296
2	115.02710622399292
2	115.06657082670996
2	115.1193385591787
2	115.17030811201701
1	120.23442510167257
1	120.55001083053253
2	138.51625601822715
2	138.67949753106853
2	138.68652904506547
2	138.7501973513962
2	138.83285783230423
2	138.87893145041826
2	138.9233047310698
2	139.01412880133182
2	139.04094724760176
2	139.08196514936037
2	139.08579980566523
2	139.10546632052535
1	150.62650925752482
1	150.8709666480057
1	160.70972798185804
2	162.1024625991992
2	162.28747643877023
1	181.04675914942752
2	185.93849001567148
2	185.9388436037467
2	186.11369237565984
1	200.33132278396752
1	201.1325945798215
2	209.36426350985118
2	209.51881114245106
1	230.79885724745412
2	233.06913547562382
1	250.32113786258398
1	250.55466103120435
1	251.0820217823972
1	251.31513447614523
2	256.6857543348623
2	280.310291359038
2	280.3165507741153
