1	80.26561685409402
2	108.84871544298382
2	108.94100113756855
2	108.98888386847506
1	120.82901478188292
2	131.93687192620223
2	131.99102493911155
2	132.08771432605135
2	132.18221024299427
2	132.20602622595095
2	132.2120407761005
2	132.2669950832971
2	132.31439605296114
2	132.37037095899507
2	132.38516276108706
2	132.46714548414158
1	150.15792886914986
1	150.2005832364906
1	150.41440067951757
2	154.95598372075136
2	155.0405526721256
2	155.06351405137903
2	155.08308225115348
2	155.09548377842327
1	160.41925835384825
2	177.9957671014244
2	178.10584007190954
2	178.14819731711725
2	178.20104986927583
1	180.73299669355447
1	200.20900215187487
2	201.1242052644162
2	201.18453192935112
1	201.30460640073233
2	224.10531279190252
1	250.39109865042738
1	250.50667225977983
2	270.13128282118635
2	270.1479953384945
2	270.20876953890047
