2	129.70061227661958
2	225.02512253133398
2	248.88253889026828
1	461.0605523251355
1	489.6211128669218
1	509.26019795423963
2	534.8804826716896
1	619.5348021015164
2	1106.8934658634648
1	1160.304142379806
1	1171.632669597804
1	1389.145438660599
1	1429.3234354025906
2	1655.1132607670081
1	1705.2355768342466
1	1721.2172445138046
1	1834.4453094959351
1	1972.2426495125846
2	2322.4753969076005
2	2394.032020651499
2	2417.806100542343
2	2417.8973060991048
1	2493.315195140199
1	2501.3298948327447
1	2542.4639504969005
1	2881.5979314425563
1	2894.2840329086584
1	2973.539880841831
1	3053.3968872780174
1	3111.6362246575636
2	3166.922927531556
2	3180.529826288916
1	3189.326351162292
1	3339.4886312191293
2	3466.5522480179916
1	3514.422981769986
2	3609.6777181627017
1	3641.480482453764
2	3776.499839483011
1	3786.2342046208896
2	3871.76135651008
2	4038.605781150643
1	4190.43011253693
1	4340.359176983277
1	4398.254148129414
2	4443.824753873588
2	4467.700456864759
1	4636.529904948195
1	4656.241496885083
1	4714.652746385977
1	4730.279853826681
1	4730.547180216897
