2	135.52629308975963
2	221.9384878401196
2	250.74316903359343
1	461.2313064076248
1	489.7210167974173
1	509.3509707281486
2	567.6581273334021
1	619.6560539664415
2	1114.8972179410716
1	1160.396237841463
1	1171.6899976698446
1	1389.3427821648297
1	1429.4282272265107
2	1662.2313245274886
1	1705.3718572545072
1	1721.3216767558777
1	1834.3678020055945
1	1972.3044584474949
2	2353.645511205733
2	2411.284607725812
2	2411.3768456402854
2	2440.06861954079
1	2493.354810583004
1	2501.362489955926
1	2542.5358525776437
1	2881.621460631755
1	2894.439324044068
1	2973.6981477517193
1	3053.5206525905987
1	3111.8030518616033
2	3189.0144465545372
1	3189.37275740973
1	3339.5884504945593
2	3448.3353641976855
1	3514.468581374868
2	3563.5815567513623
1	3641.533806571271
1	3786.349389882138
2	3794.037257143218
2	3851.578181289031
2	4024.434833953937
1	4190.570681957493
1	4340.437422751973
1	4398.311330449957
2	4427.760315995335
2	4485.384044082498
1	4636.577705497437
1	4656.344245235114
1	4714.703848931148
1	4730.540008895934
