2	130.6227380723438
2	132.07400504639463
2	226.33199592171994
2	226.6986480128104
2	250.24248191710285
2	250.30424798870075
1	461.3956442943245
1	489.7029568418807
1	509.3665624154172
1	509.62127061209526
1	511.11999912538874
2	537.2061090685312
1	539.7062594892028
2	557.5572883443286
1	619.7051625906391
1	669.5940374093875
2	1111.2888321327698
2	1124.8238235349531
1	1160.3913287348448
1	1160.586805081776
1	1171.8553759598553
1	1172.0318630191293
1	1389.358404696204
1	1389.5750874363264
1	1429.4768736471026
1	1429.640072905617
2	1661.3733819650333
2	1668.4350042214164
1	1705.5779339031374
1	1705.7816324343028
1	1721.3957342902188
1	1721.5577372680914
1	1834.5634602244324
1	1834.6857442770906
1	1972.3922342588246
1	1972.6643839723959
2	2330.231430845027
2	2331.0844476425227
2	2401.124829218285
2	2402.7813495124265
2	2424.8107505499374
2	2426.7586744627997
2	2426.764817894524
2	2448.4565054753753
1	2493.3953876980654
1	2501.434634969891
1	2542.5688233824726
1	2542.88770708035
1	2543.243394716826
1	2551.3355863396355
1	2881.6651400879446
1	2894.592024524521
1	2931.5817451127505
1	2944.3346674318686
1	2973.6071880961576
1	3023.571929179781
1	3053.6375722136563
1	3053.81711991466
1	3111.692241262204
1	3161.671467034126
2	3181.1668121012353
1	3189.4744615123823
1	3189.6317681814717
2	3192.0774543406455
1	3339.736089948592
1	3339.9657113784733
2	3441.1601757178482
2	3455.156755550342
1	3514.606485290872
1	3514.9174491042295
2	3550.914788920352
2	3559.3361614815517
1	3641.5831989705844
1	3641.960064161868
1	3786.419807591959
1	3786.7352275151143
2	3790.0272981083504
2	3795.692335517328
2	3837.884474813298
2	3842.8990668196125
2	4029.2398483248307
2	4055.657731580764
1	4190.480432036438
1	4240.502903461326
1	4340.438934782679
1	4340.66181229185
1	4398.472903020151
1	4398.656043628427
2	4435.843702173678
2	4457.448382787522
2	4481.036346110966
2	4483.632759131025
1	4636.643435505604
1	4636.927221592556
1	4656.416776915065
1	4656.665609310951
1	4714.613664690264
1	4730.6838496939645
1	4764.621318104512
1	4780.627748233198
