2	132.64595444154796
2	220.8096150234862
2	250.11202625120418
1	509.4562386668693
1	511.23508123343174
1	539.761927462934
2	543.922168169509
1	669.6642419081838
2	1102.2288656742692
1	1160.460887920736
1	1171.919866921765
1	1389.3680021504083
1	1429.4480216826742
2	1660.4315515925853
1	1705.4628397466458
1	1721.3705496180696
1	1834.6162876718588
1	1972.6380795466348
2	2336.149308174056
2	2424.26446985068
2	2424.3294518600383
2	2424.3500888587246
1	2542.86341682855
1	2543.3894198866587
1	2551.240092633624
1	2931.6053284140767
1	2944.446008420158
1	3023.626133616745
1	3053.863584177857
1	3161.744075668932
2	3188.1378044080193
1	3189.4513784971355
1	3339.8945334194327
2	3452.6111062947293
1	3514.9111986791027
2	3570.143817573558
1	3641.944513630827
1	3786.7283946725875
2	3805.1988880649437
2	3863.8789180839017
2	4040.1676046696434
1	4240.652200375874
1	4340.743037668257
1	4398.535496611753
2	4451.558996605281
2	4480.853374223431
1	4636.851657383805
1	4656.617908956269
1	4764.742521170256
1	4780.689007663499
