2	123.0599402690694
2	235.61801023863637
2	235.64844827020357
1	461.2786679804902
1	489.80516072013995
1	509.30580434341005
2	545.0825300278955
1	619.75035821731
2	1107.6946347820233
1	1160.3365362795748
1	1171.7232533274655
1	1389.406558070671
1	1429.3374404905408
2	1670.4308825342684
1	1705.344351436032
1	1721.2675677706197
1	1834.4089126216365
1	1972.3464546190776
2	2317.480136032449
2	2401.8982789394436
2	2401.9019312480928
2	2458.166172204419
1	2493.4921386464507
1	2501.378263389687
1	2542.6125328301778
1	2881.759924663819
1	2894.5699024038254
1	2973.7287212765227
1	3053.532516066133
1	3111.765153861777
1	3189.4428106317637
2	3189.6652514251273
1	3339.5061248507714
2	3470.9375383815473
1	3514.4529522044354
2	3555.3366182162545
1	3641.497672701533
2	3780.42306861384
1	3786.282558114008
2	3836.8266336207994
2	4033.614118144047
1	4190.725086945742
1	4340.281994978956
1	4398.414755031193
2	4455.669226295509
2	4483.813329580764
1	4636.4950378990525
1	4656.314408590242
1	4714.893810223338
1	4730.727129195627
