2	120.57734955233632
2	141.03778232827094
2	214.5607733564914
2	237.16046843586415
2	238.1324415248747
2	261.14828084820283
1	461.3378743361852
1	461.4984220301427
1	489.67099024401125
1	489.70661977514953
1	509.4030180143098
1	509.436980281928
2	543.8387893911705
2	549.3397144816383
1	619.1881401706279
1	619.6398139955528
2	1108.1557816310847
1	1121.514114209552
2	1125.905751041211
2	1149.9015276937705
1	1160.4280601558833
1	1160.46750130189
1	1171.8492498481112
1	1171.9599831485693
1	1389.3078823212632
1	1389.386357561531
1	1429.4647835688684
1	1429.5328822228896
2	1649.0220035795112
2	1654.2650254171976
1	1671.4772456723897
2	1702.2898274228935
1	1705.4592854726732
1	1705.5747468435475
1	1721.389179727292
1	1721.4482155014916
1	1784.570907228138
2	1822.4146340662744
1	1834.5236026627585
1	1834.6561528735213
1	1922.6879016850646
2	1966.6030761661
1	1972.3584499389679
1	1972.4394466907281
2	2326.888470411838
2	2330.944535431513
2	2401.521408255971
2	2422.933549685712
2	2422.9391469310813
2	2425.038668985027
2	2425.1343303378726
2	2446.9761763741167
1	2492.9429517460103
1	2493.537332757701
1	2493.545631088701
1	2501.46542787135
1	2501.548928630515
1	2542.74955543677
1	2881.748610883021
1	2881.840306734038
1	2894.5601818384735
1	2894.74147773327
1	2973.644353674995
1	2973.770752607033
1	3003.9971039880224
2	3047.4472669572606
1	3053.5451860578114
1	3053.667616210581
1	3111.789608167953
1	3111.8255020972315
2	3177.431080773826
1	3189.5332008943333
1	3189.6585013780004
2	3191.532231651307
1	3289.8122047905226
2	3311.6260237804236
1	3339.6283226180876
1	3339.7302597434523
2	3455.8097349291866
2	3459.608620724774
1	3464.8272899665667
2	3479.8421905024384
1	3514.6082330214645
1	3514.678522471788
2	3551.9236407073086
2	3553.711150343455
1	3591.917022715381
2	3623.9442475594124
1	3641.6073309744265
1	3641.709885150494
1	3736.31586695193
2	3768.0395876126167
1	3786.480416761974
1	3786.5475084196096
2	3788.8556218625663
2	3792.0993174804235
2	3835.8396611339253
2	3864.0992202797497
2	4024.008701878087
2	4032.2802294141843
1	4190.530769120459
1	4190.629077613551
1	4290.386635171755
2	4320.49006936659
1	4340.452023734528
1	4340.549323795574
1	4398.522476704566
1	4398.524154258661
2	4423.702744067384
2	4440.618353785179
2	4470.789924162932
2	4488.671148938464
1	4586.845425732085
2	4608.794140637583
1	4636.624000916735
1	4636.7001233841975
1	4656.391037502892
1	4656.428418757444
1	4714.639082056875
1	4714.708407929864
1	4730.671409108011
1	4730.793707990618
