1	80.41569614448487
1	80.77712097821465
2	110.53064608718195
2	110.54621703883907
2	110.59883491949331
1	120.51432877950147
2	131.5146563566962
2	131.56500075220032
2	131.64896280389826
2	131.71972751498612
2	131.77656213874607
2	131.82504473097958
2	131.89868174453503
2	131.94193678365497
2	131.9653819769365
2	132.00217187126893
2	132.06939376208402
2	132.11832270695706
2	133.5486601125857
2	133.60188023045322
2	133.60932237454148
2	133.70392378251793
2	133.77863056699124
2	133.84736455782325
2	133.90626117749542
2	134.01494456494868
2	134.03189138798442
2	134.1148728361434
2	134.20883847001602
2	134.30406285763377
2	134.31572437684792
1	150.40389399474904
1	150.63699432595416
1	151.31076513469833
1	151.36111301706393
1	151.48694801559253
1	151.58969531742116
2	154.39757374074742
2	154.44363767532346
2	154.51226201023732
2	154.54020768506737
2	156.51502654657682
2	156.57502946730418
2	156.6874198387048
1	160.51955106464627
1	160.83081250181817
2	177.1686555043786
2	177.25439906994708
2	177.299148890498
2	177.35693892414574
2	177.43038404935257
2	179.4539129706601
2	179.56460129776147
2	179.6283596231174
2	179.76047548620645
1	180.95635647110774
1	181.0176705162363
2	199.86174570548636
2	199.8945282283958
2	199.96673272917084
1	200.55760561773417
1	200.78758378815152
1	201.04841465428075
1	201.41140735504842
2	202.37905239576565
2	202.38469386093317
2	222.60108471514556
2	222.75044282493107
2	225.4028330849313
1	230.79130912330723
2	245.48968761425198
2	248.29868116776814
1	250.32356605070981
1	250.61830306308815
1	250.6345056024493
1	250.83218365577235
1	251.1134799376614
1	251.28062522585194
2	268.18641700561216
2	268.24548315624503
2	271.2919871326412
2	271.3149912514549
2	290.92693328088427
2	294.2927180906811
