1	80.32870227809309
1	80.58221733979022
2	103.35201192530423
2	103.41741415726808
2	106.53974336513808
2	106.59558594517833
2	106.63067171675483
2	106.64514342249383
2	106.70627578624911
2	106.73859787806448
1	120.31977997250706
1	120.438423959294
2	129.4548381780676
2	129.5167205796961
2	129.61005746041266
2	129.71378974083245
2	129.74624570285792
2	129.78469179504268
2	129.85725674919004
2	129.88019893744294
2	129.95422132088706
2	131.5343722515195
2	131.54843621773597
2	131.64437766269177
2	131.71557897547876
2	131.77013585429634
2	131.81800928480794
2	131.9145129048012
2	131.95217466374575
1	150.40429559922677
1	150.41858246369458
1	150.4643525238643
1	151.36659688883262
1	151.46450814510132
1	151.59022529219826
2	152.38052201314173
2	152.426302741625
2	152.46282042544883
2	152.51585402717177
2	152.5840282029917
2	152.635107273653
2	159.59074957314948
2	159.75581155171713
2	159.76615718596045
2	159.85175563570934
2	159.87254570924495
2	159.95134449177544
2	159.97515611509712
2	160.033747196539
2	160.03453931488224
1	160.55379335119812
1	160.665560440955
2	175.09890799782104
2	175.13151579194442
2	175.1950943271332
1	180.64827473769517
1	180.9595196466739
2	187.68859353836643
2	187.71347908360116
2	187.8112368256518
2	187.84281967838928
2	187.91255695988158
2	197.9359101191397
1	200.12537144726005
1	200.28372360416768
2	215.7279212832518
2	215.75826755710136
2	220.71395066137063
2	220.77830379504343
2	220.8238902166334
1	230.70402628148267
2	243.5836343574042
2	244.06710098447348
1	250.14595045878943
1	250.3955109314267
1	250.4581491311974
1	250.5574900959593
1	250.9956603960729
1	251.10981060221405
1	251.13016944717432
1	251.32576562699228
2	272.00323876700224
2	272.09437986765454
2	289.1777378198391
2	289.18663685304597
2	300.0897938629833
