1	80.166931826906
1	110.49762210955984
2	123.65556822244329
2	123.74721847658796
2	123.79306843538053
2	123.87741182053728
2	123.89307922845175
2	123.94912633337329
2	124.01916696517038
2	124.09372312104966
2	124.12892455904785
2	124.13613688727766
2	124.14617058569104
2	147.4475036929996
2	147.514785640944
2	147.59374162897078
2	147.72051757630922
2	147.799874600735
2	147.8463889438123
2	147.94859225782005
2	148.0333977401077
1	150.10795406742537
1	150.21636944539736
1	150.26568846148302
2	171.39362862017512
2	171.47349074606495
2	171.50715049991848
1	180.645664639346
1	200.07366292815544
1	200.93676388226697
1	201.12903941074782
2	218.88993065376374
2	242.72536420865072
2	242.82411458752753
1	250.4164125815881
2	290.3908221165342
2	290.470799888004
