1	80.45239314170678
2	104.35208170256597
2	104.4372462920348
1	120.20679216797801
2	127.5945337489443
2	127.67416058926547
2	127.75876275172504
2	127.8206188806573
2	127.8337127756077
2	127.90758956352637
2	127.93033701460116
2	127.95624199158841
2	127.962256203723
2	128.0296749123806
2	128.05059333966628
2	128.0744898808521
1	150.59159221383226
1	150.642048686829
1	150.6947791562991
2	150.83767996685984
2	150.8915132770529
2	150.94134007907584
2	151.09326342421542
2	151.14177069074555
1	160.56381122648185
2	174.05680610940757
2	174.06075649893063
2	174.1243359133738
2	174.1922085882876
2	174.33258731602692
2	174.37873551676256
1	180.78316176323924
2	197.5505004014572
2	197.64079772558446
2	197.69930811927085
1	200.13021304434355
1	200.69832471116388
1	230.64341619117852
2	243.9162266118838
2	243.92475429071413
1	250.17537276735686
1	250.53936290628064
1	250.9387698641488
1	251.15887554780826
2	267.2085270705394
2	267.2165294375156
