2	206.4835701230994
2	235.14248349614746
2	263.73994862532845
1	509.1928314709094
1	511.1722135152995
1	539.6980868464572
2	578.745203708713
1	669.6351055178129
1	1110.4386228644075
2	1122.7858094035962
1	1171.9381358884923
1	1389.2718695470508
1	1429.36915778753
2	1638.2273809440262
1	1705.4196636925005
1	1721.3683323064909
1	1834.6069467999719
1	1972.5007328627578
2	2354.2115187665017
2	2411.415514616368
2	2440.025436718136
2	2468.7129591699077
1	2542.782584081166
1	2543.222608335256
1	2551.284234716119
1	2931.675758709993
1	2944.2780116184063
1	3023.517480572316
1	3053.7969603975844
1	3161.7304069096513
1	3189.3468678216827
2	3213.2486900290683
1	3339.7677863132085
2	3470.9642251691944
1	3514.861277347666
2	3556.9002782315692
1	3641.84907556061
2	3785.9032061543758
1	3786.668295486147
2	3843.211075893359
2	4043.684045546245
1	4240.489438710065
1	4340.698237680225
1	4398.405369792718
2	4444.559437975789
2	4501.87620560656
1	4636.831847411847
1	4656.536256641919
1	4764.72513456569
1	4780.603535514114
