2	145.5989930012861
2	217.06765133850715
2	240.8768607836877
1	461.36666651680815
1	489.4259505999528
1	509.3676562799354
2	550.5058057097666
1	619.3874709061766
2	1098.4511464363623
1	1121.6920438242591
2	1146.0525410685432
1	1160.433310648756
1	1171.7893662890713
1	1389.3238988963599
1	1429.4050652783114
2	1670.1628113982997
1	1671.3010951734516
2	1693.9360253132277
1	1705.469471799743
1	1721.359290275137
1	1784.3406535588051
2	1813.0888797521054
1	1834.5507665394734
1	1922.5847072639078
2	1956.0185760674444
1	1972.3748258301184
2	2337.110933902994
2	2408.654656933629
2	2408.6721151021475
2	2432.465996496599
1	2492.522040286595
1	2493.40414406371
1	2501.485017442148
2	2503.8851137663796
1	2542.6580017589313
1	2881.4320114093753
1	2894.491590775499
1	2973.6069794029136
1	3053.538600210568
1	3111.4652531216443
2	3170.902093403619
1	3189.4905977707663
1	3289.621237753022
2	3313.8687411987166
1	3339.5655694371676
2	3456.755966605479
1	3464.453264111014
2	3480.5719409242292
1	3514.510146801779
2	3552.04993962082
1	3591.630164154769
2	3623.579729962901
1	3641.6217031756987
1	3786.374709174668
2	3790.2460452355563
2	3837.927472823327
2	4028.4908045773873
1	4190.257293247533
1	4290.51879428743
2	4314.383920870471
1	4340.378933061451
1	4398.489589027501
2	4433.4364452128875
2	4481.086984280361
1	4606.141446317558
2	4624.116274419972
1	4636.666401780882
1	4656.333273063881
1	4714.435249258873
1	4730.52354221107
