1	80.24473693454927
2	104.57990726763114
2	104.58439963484089
2	104.60897920906831
2	104.68984511616853
2	104.73549811385323
2	104.75836267688321
2	104.85357434214278
1	120.27952030497885
1	120.46236525322212
2	127.83794197547115
2	127.84719063429311
2	127.92490817299515
2	128.0224678167348
2	128.10059962805548
2	128.1757377898575
2	128.18168949643578
2	128.25523452861503
2	128.35508015618305
2	128.43017378064772
1	150.31451893393995
1	150.38334786566784
2	151.0850311276053
2	151.10719799482322
2	151.16323744789565
2	151.25289304745976
2	151.33297926283365
1	160.6154973689716
2	174.35848169342614
2	174.36259304498404
2	174.5147400415432
2	174.52682957052465
1	180.72172756698313
2	197.64299745510084
2	197.65371416934588
1	200.27163888693923
1	200.292419515368
2	220.9959858049346
1	230.6802708370179
2	244.107988597451
1	250.1790200095635
1	250.49623314306635
1	251.01430121412383
1	251.19563407947103
2	267.4204771386856
2	267.46232504997573
