2	122.9319509264663
2	138.7443901420239
2	223.24102808015436
2	239.9871052524637
2	240.02142677686308
2	251.38067878159612
1	461.22563471538126
1	489.7045422111253
1	509.32345399039536
1	509.5479493906173
1	511.1459681261847
1	539.754014897959
2	561.1332565693754
2	561.6592467708515
1	619.683590260267
1	669.5817266929813
2	1095.9876062392452
2	1117.5351297604595
1	1160.390613939176
1	1160.662111362878
1	1171.718076851276
1	1172.1358834387993
1	1389.3697186581471
1	1389.5950594140895
1	1429.3899621967998
1	1429.6441542136824
2	1659.0833019071813
2	1673.1264745017857
1	1705.250217639226
1	1705.7638969147388
1	1721.466182590836
1	1721.6238081931272
1	1834.467895666523
1	1834.7000383683264
1	1972.4123353568395
1	1972.4394630720708
2	2334.7844058468663
2	2345.9427238232624
2	2404.3874563591494
2	2404.481861185851
2	2419.300819845893
2	2419.367075187626
2	2447.453112664484
2	2462.9410615376864
1	2493.374546192528
1	2501.3149315594574
1	2542.531812360142
1	2542.9113999911774
1	2543.2842302412487
1	2551.29190092914
1	2881.780777844242
1	2894.0576755886045
1	2931.6356717961057
1	2944.48004618495
1	2973.5953972878365
1	3023.6376701741865
1	3053.4408571237004
1	3053.9839433054212
1	3111.7881083599586
1	3161.81435134612
1	3189.423911506835
1	3189.7075448034816
2	3194.150763530419
2	3207.525474207747
1	3339.514017705352
1	3339.8737579620433
2	3457.413802230048
2	3460.958320097861
1	3514.5578869746446
1	3514.8543809502708
2	3545.1590830886994
2	3601.715818908128
1	3641.7522318619954
1	3641.8918401507767
1	3786.4692473866453
1	3786.737131660209
2	3798.783748516984
2	3808.35565670272
2	3837.6926414102354
2	3855.1553498983585
2	4042.3563943619347
2	4052.144917968386
1	4190.596655930947
1	4240.647768736387
1	4340.312574723566
1	4340.777727486131
1	4398.404243893038
1	4398.669640990767
2	4451.872579457274
2	4474.466913413075
2	4481.124916738621
2	4502.610252483167
1	4636.585806044639
1	4637.036594126558
1	4656.430885924548
1	4656.604100031016
1	4714.778597346425
1	4730.864677835427
1	4764.779843297768
1	4780.704392012056
