2	112.00580900703778
2	115.17970730505894
2	210.36763564163897
2	231.43748880320422
2	255.30542268670095
2	257.94223915874466
1	461.4046862612307
1	489.61608649123366
1	509.35391251743073
1	509.4594510026918
1	511.2110276442443
1	539.7072755948589
2	541.7955491248159
2	543.4152703919688
1	619.5583383456257
1	669.5088782823551
2	1090.6834665090291
2	1114.8897926082432
1	1121.4669905616588
2	1138.713789679488
1	1160.4867059429555
1	1160.5167043678844
1	1171.8726796898902
1	1172.0420294584999
1	1389.4164312490875
1	1389.4315085563705
1	1429.45571148962
1	1429.4889049315627
2	1661.7689048326652
2	1663.9637999518422
1	1705.5344570779694
1	1705.6422399352296
1	1721.4114806639325
1	1721.426466891817
1	1834.4802594669345
1	1834.5732676876141
1	1972.4697318465203
1	1972.7099609793102
2	2327.977480269192
2	2332.5567597504073
2	2399.4365379703877
2	2404.1879930506166
2	2404.2610665551133
2	2423.150384304153
2	2423.2143262460527
2	2427.9934557088322
1	2492.7828607136557
1	2493.4215550096073
2	2499.724128123996
1	2501.490717145161
1	2542.5980468789626
1	2542.8301976941866
1	2543.357458841762
1	2551.358938892051
1	2881.820582271415
1	2894.651484600814
1	2931.616089431229
1	2944.415558134041
1	2973.6533028666045
1	3003.3816825600134
1	3023.646154010675
2	3024.9798274828427
1	3053.609537926249
1	3053.826891017444
1	3111.6956362786414
1	3161.817438245845
2	3184.6617908114226
1	3189.5458090529455
1	3189.713019788255
2	3192.066597542197
1	3289.8518303647998
2	3311.4941890426107
1	3339.6767498161253
1	3339.8645464626775
1	3464.868992563423
2	3470.1562897997246
2	3478.620645325336
2	3478.6997893236944
1	3514.568107928903
1	3514.9513897402635
2	3550.256685440955
2	3565.344529792503
1	3591.925067787941
2	3597.928279243147
1	3641.64575879417
1	3641.9422061433556
1	3736.1610874119247
2	3765.117592685148
1	3786.40733236064
1	3786.712504517414
2	3789.0102174712097
2	3803.2481076622844
2	3836.7017875642373
2	3850.8910273893953
2	4027.7861142259158
2	4041.2036912751432
1	4190.489505067033
1	4240.580178401999
1	4290.189638649254
2	4314.2665603587575
1	4340.446139806702
1	4340.6650545883795
1	4398.544045351639
1	4398.6949875932605
2	4445.661965297115
2	4457.50395712029
2	4481.397807468102
2	4493.285351180474
1	4586.256231659272
2	4600.757087066508
1	4636.661040884394
1	4636.8755941513045
1	4656.361817624537
1	4656.654041516998
1	4714.624043174338
1	4730.556739140475
1	4764.695462196102
1	4780.582437427356
