1	80.46034065463179
2	111.55699920927431
2	111.57039168538383
2	111.59836267578007
2	111.66444556316654
2	111.68085164946162
2	111.73205044675376
2	111.81597263171516
2	111.85718324026716
2	111.8879700888728
2	111.94335837621168
2	111.955091167381
1	120.24733767681747
1	120.3226492240226
2	134.47733861564873
2	134.53257507283655
2	134.5431399398113
2	134.6347721813639
2	134.6969753501091
2	134.7557975334332
2	134.78113634172644
1	150.39483168843725
1	150.46408335606205
1	150.53972695368137
2	157.33509769868888
2	157.43451809177114
2	157.45357437277147
2	157.48471753402097
2	157.53836218973996
1	160.68390832110592
2	180.2039805327702
2	180.27273013366127
2	180.34165286727196
2	180.35638505910305
1	180.9404857644611
1	200.18501301529025
1	200.33127024538467
2	202.97728575854467
2	203.15110662376915
2	225.7252248518984
2	225.79491083288198
1	230.8119480389465
1	250.28679786979927
1	250.48401003409063
1	251.05313362636554
1	251.21553081179542
2	271.3126231153384
2	271.3193181308055
