2	130.64142663476647
2	201.5319696432749
2	225.45579759648177
2	246.98710703481498
2	249.24002518003587
2	276.1018426321098
1	509.1416435634002
1	509.5838672275086
1	511.1183325253946
1	511.21699272865646
1	539.6888640202453
1	539.9003616654223
2	559.4195734797701
2	566.9417055253784
1	669.4901625709332
1	669.6039671356089
2	1108.0468038262877
1	1110.406892858254
2	1119.5641680264562
1	1160.5642327145413
1	1171.7998163917114
1	1172.0700403207202
1	1389.1426055120473
1	1389.5241824704178
1	1429.3335961214048
1	1429.6340797082325
2	1643.1709080773248
2	1656.7519377613885
1	1705.2897143007242
1	1705.6795955946764
1	1721.3864117383446
1	1721.5738435695987
1	1834.5316957107045
1	1834.7205815442514
1	1972.5154852308813
1	1972.6932949302684
2	2324.6442343085723
2	2341.2561924467195
2	2396.3001676863105
2	2428.4913121752224
2	2428.5648510067263
2	2443.944626557604
2	2444.011612743253
2	2457.5931569553013
1	2542.6691120768573
1	2542.9511574235426
1	2543.2631280404767
1	2543.474940046191
1	2551.2526549752447
1	2551.4353283881997
1	2931.574461666136
1	2931.7306281917854
1	2944.3408139473977
1	2944.541886570272
1	3023.5331745341964
1	3023.7079247505962
1	3053.772500866805
1	3053.977767415741
1	3161.687605989669
1	3161.8368206060345
1	3189.25568397787
1	3189.6611204502656
2	3207.3459988959917
2	3213.828817278907
1	3339.7512693153967
1	3339.9014546388817
2	3475.6057320019163
2	3493.6414322927835
1	3514.845585611201
1	3514.906358000047
2	3541.2764813122258
2	3562.8936689597663
1	3641.81017625971
1	3641.904915262278
1	3786.630508029999
1	3786.760681505459
2	3795.5054927316596
2	3803.7422109943195
2	3827.614137906963
2	3853.7633548640615
2	4042.3213083777664
2	4057.350203634397
1	4240.4951435447165
1	4240.623855045979
1	4340.646929924475
1	4340.748720483921
1	4398.261422961201
1	4398.658101102892
2	4447.803395404597
2	4464.532256914708
2	4471.714907927502
2	4493.643452762365
1	4636.778355033734
1	4636.923748428014
1	4656.492940490789
1	4656.611528726566
1	4764.6572409235505
1	4764.755697570178
1	4780.504899523031
1	4780.707209274677
