1	80.20314266073721
1	110.47443658973607
2	115.19511380457338
2	115.2044669976874
2	115.24816709053647
2	115.33688994513737
2	115.4174498405574
2	115.46043569273887
2	115.54939448188958
2	115.5661094582194
1	120.07553382596404
1	120.31288334433486
2	139.02254679613446
2	139.0331255078337
2	139.1105639709523
2	139.19113180912709
2	139.2643938963044
2	139.3253656174162
2	139.38842939408124
2	139.42801637684053
1	150.1067825414107
1	150.16221244074137
1	160.35962637855118
2	162.92496106325592
2	163.0426510928542
2	163.10811641994005
2	163.1365976562709
2	163.21378759717538
2	163.35286591891196
1	180.5667185147727
2	186.7571623474108
2	186.8201304204775
1	200.27359868717733
1	200.34561811485904
1	200.74528819392035
1	201.08843068085682
2	210.55784468504365
2	210.68825939279404
2	210.69116916699667
2	234.37951737314887
2	234.41414675396072
1	250.4169040593402
1	250.51503566682132
2	258.18959467415993
2	282.03047878050086
2	282.03981017386405
