1	80.18909110324259
1	80.28641579418698
1	80.5448901505932
2	107.72104681296511
2	107.766146455879
2	107.85548346658936
1	110.59556793304233
2	111.74866374965137
2	111.76767714186866
2	111.80526883331439
2	111.80835123693019
2	111.89568394579109
2	111.90508609273786
2	111.96280919758638
2	112.04377653112383
2	112.14372301913299
2	112.15969134895794
2	112.21365732454156
2	113.96888494826977
2	113.97911369609471
2	114.04293487027094
2	114.04618864136722
2	114.0792540767046
1	120.1288586436053
1	120.20951146739476
1	120.32145401062351
1	120.4806506819079
2	131.57705115868467
2	131.60171729663088
2	131.60783201869714
2	131.64073528276228
2	131.670148764008
2	131.75115506884447
2	131.78940742661146
2	131.87667375172788
2	131.95886896765057
2	132.0113588205509
2	132.07765280439997
2	132.48419178740764
2	135.5918815524938
2	135.76294310854627
2	135.85341504813712
2	135.85857800463378
2	135.88243933952182
2	138.10351232929494
2	138.26675892627895
2	138.32939439263026
2	138.43887009990758
2	138.53875397732133
2	138.56530160096472
2	138.63218258979762
2	138.6910455617676
2	138.75472468988505
2	138.84099785494058
2	138.92693539562836
2	139.01147963556406
1	150.15334924977537
1	150.15405262259958
1	150.1991574828224
1	150.29138563666757
1	150.38350370544796
1	150.71349345094907
1	150.84218803520577
1	150.99359773190562
2	155.39592869188397
2	155.4913097761034
2	155.52948952987552
2	159.40827777819393
2	159.4204494923815
2	159.47554807045577
2	159.49993622349103
2	159.5435776149197
2	159.61938985876452
1	160.5556111577762
1	160.57411879986145
2	161.91566083672973
2	161.96091429511708
2	161.98102033672396
2	162.14886108126862
2	162.19059798790667
2	162.26248104342088
2	162.32908878236418
2	179.2302099030682
2	179.31609334153117
2	179.46457486764479
2	179.5417628237996
2	179.62320077586912
2	179.6666393920981
1	180.60078854810155
1	180.66866973326526
1	180.80681518054243
2	183.24755147162034
2	183.37357410108748
2	183.47018109345566
2	186.16915585065055
1	200.11616899795408
1	200.20709137946304
1	200.29223742952317
1	200.60636259717094
1	200.811725323744
1	200.84874818016684
1	201.24237485195437
1	201.3379359881748
2	203.05500130525354
2	203.11178788404226
2	203.12697163437
2	207.1289408942909
2	209.9824363073
1	230.6422634879913
2	231.0057827273573
2	234.07805502677567
1	250.14637924880503
1	250.26883846455107
1	250.54632169027443
2	250.7935509036453
1	250.81674196998398
1	250.90156022035276
1	251.1548017939841
2	254.8178568345566
2	254.83558830806572
2	257.9593248157464
2	274.65584175033905
2	274.7330302192603
2	278.62163858877847
2	281.9417789147598
2	281.96763400192424
