1	80.15345828374535
1	80.58430061015767
2	94.17469373825269
1	110.5055522790973
2	114.6947257948613
2	114.77888856785161
2	114.84731259526787
2	114.85430294275017
2	114.87192760723094
2	114.93149983246049
2	115.01408741489969
2	115.06544345840204
2	117.8598183878425
2	117.90696258604994
2	117.92518453592031
2	117.95246742610009
2	118.03356954039435
2	118.07950926024895
2	118.16617777436463
2	118.20252289264369
1	120.17877062957952
1	120.38727244332753
1	120.4666384250015
2	138.56867161762978
2	138.6210676945772
2	138.68084949772555
2	138.7659886675673
2	138.8596228271133
2	138.910033754264
2	139.0155881102762
2	139.1082952902651
2	141.53950209088825
2	141.66460623099667
2	141.7438316891539
2	141.74634894133703
2	141.82769058706666
2	141.9142086674412
2	142.00801818586294
2	142.02456398024194
2	142.04685037638072
2	142.10475080085223
2	142.12915089176423
2	142.15693250032308
1	150.12428274862006
1	150.19050850616767
1	150.23012343483035
1	150.67062485740757
1	150.9090997636862
1	160.68686851225476
2	162.36514555614073
2	162.50095975681862
2	162.5747010466619
2	162.63742701682733
2	162.67366928447225
2	162.72072935552245
2	165.13542165461246
2	165.29340702677678
1	180.6283470841365
1	180.97415692184316
2	186.24278754141216
2	189.02329178847825
2	189.10200305545342
2	189.18111898288228
1	200.12516424664145
1	200.30563312111397
1	200.91717725457445
1	201.17405351246686
1	201.21758536355551
2	209.9569000712121
2	212.40165428396827
2	212.51274057770817
1	230.78326011085193
2	233.8704768640549
2	236.12441056648737
1	250.2582542412163
1	250.38258141606897
1	250.56065441780714
1	251.03427240768906
1	251.32583211158016
2	257.6528441944699
2	259.6663777883315
2	281.4826311570108
2	281.51670449066177
2	283.27806922532926
2	283.32118056475895
