2	132.15578264989426
2	150.4697194759834
2	220.2376630060529
2	237.20092576691067
2	237.25686301532684
2	249.64840179011296
1	509.4294308303819
1	509.4654099024502
1	511.168414218704
1	511.22961165648275
1	539.6756233434866
1	539.7304038017504
2	543.4522256387055
2	555.0562256416328
1	669.5997616970897
1	669.7124718357112
2	1101.6091822542446
2	1104.1872016458292
1	1160.5257922974918
1	1160.5765232123656
1	1171.9690717733151
1	1172.05088141245
1	1389.3953067766938
1	1389.46551319331
1	1429.51532334286
1	1429.6129919061443
2	1653.27618064905
2	1659.904182155827
1	1705.450910675528
1	1705.5905233961
1	1721.327109944672
1	1721.4698637395065
1	1834.546577262303
1	1834.7025276334641
1	1972.6583400449208
1	1972.7038024195058
2	2318.002794531593
2	2335.5788045837994
2	2404.6517857693834
2	2404.668741540848
2	2423.7330329678207
2	2423.757404849597
2	2423.8377813510306
2	2433.594763582482
1	2542.7772161156645
1	2542.870624691627
1	2543.3172828197935
1	2543.3607831746203
1	2551.2690749680346
1	2551.280338857791
1	2931.638721915611
1	2931.676169953234
1	2944.3672941678296
1	2944.4752963777773
1	3023.5773234236035
1	3023.7028105056743
1	3053.8364526846117
1	3053.917168696556
1	3161.679077479776
1	3161.7080650451785
2	3184.908954923997
2	3187.611617319772
1	3189.4449434946528
1	3189.594370867721
1	3339.84060799264
1	3339.962390585849
2	3452.0496923056226
2	3473.9016001127943
1	3514.773190188267
1	3514.960340665579
2	3560.6711428670733
2	3569.6202854550356
1	3641.9032274821275
1	3641.964117195552
1	3786.6047025125386
1	3786.6775427432203
2	3791.8643249006914
2	3804.6392761646603
2	3820.7005204256457
2	3863.383106499105
2	4023.0317020319458
2	4039.6646828643306
1	4240.480485106159
1	4240.619569487906
1	4340.654630533466
1	4340.757732618649
1	4398.489841891129
1	4398.706810480662
2	4450.961921376836
2	4456.574631525356
2	4480.3391337823605
2	4485.454962958142
1	4636.849865655377
1	4636.901496531771
1	4656.611859931496
1	4656.687875753844
1	4764.646462342386
1	4764.745637933703
1	4780.524957904472
1	4780.690090809795
