2	144.7500944659352
2	149.69027498383062
2	236.38542809356105
2	237.3678479234872
2	260.5414037687622
2	265.3214202691567
1	509.44659564155575
1	509.50977406158603
1	511.127566882745
1	511.3182132241847
1	539.6970111361641
1	539.7956247383567
2	554.3030691208608
2	561.4123065501208
1	669.5853044983505
1	669.6398790239004
2	1103.4199550848507
2	1116.90775794013
1	1160.6024625259186
1	1160.6637539456149
1	1172.0088416767267
1	1172.1140342370763
1	1389.3932970214717
1	1389.553772562329
1	1429.5596360286504
1	1429.6713485031498
2	1652.5394238648053
2	1672.366182820869
1	1705.6570190620234
1	1705.7827571751357
1	1721.3932275984946
1	1721.5613738120219
1	1834.6819686033848
1	1834.752520637442
1	1972.678440603833
1	1972.7517665416078
2	2317.2503715087832
2	2343.5356881637995
2	2403.9070639028396
2	2403.9672817126775
2	2413.008389867901
2	2413.0812672932116
2	2432.841321833262
2	2436.1985442458003
1	2492.2185913067137
1	2542.818711222033
1	2543.3006980869914
1	2543.482189613621
1	2551.3217715901023
1	2551.5599370802015
1	2931.6497916281164
1	2931.8066930812834
1	2944.3981912686654
1	2944.5488672100532
1	3003.244909088655
1	3023.567362456186
1	3023.7690704878055
2	3037.907624033081
1	3053.8411940972173
1	3053.919293760488
1	3161.7247628446426
1	3161.9291737353283
2	3184.235662273083
1	3189.6142933069978
1	3189.8084180120127
2	3223.135830977916
1	3339.8837261502968
1	3340.0372702740233
2	3473.232012506095
2	3477.6893506887877
1	3514.776154281563
1	3515.0305218552267
2	3547.1255849490663
2	3559.871403973699
1	3641.8993285226197
1	3642.011277447694
2	3778.580966025412
1	3786.558185527394
1	3786.7561937707846
2	3791.09676852269
2	3819.9556520795954
2	3848.0099137278808
2	4022.28008275657
2	4033.2083454198873
1	4240.514598988702
1	4240.678588328179
1	4340.648841344491
1	4340.797718907758
1	4398.672512975945
1	4398.677342526486
2	4455.82297164281
2	4472.974144801286
2	4484.63939251315
2	4496.076784357655
1	4586.162364557378
1	4636.848846866328
1	4656.597119537652
1	4656.68087997619
1	4764.680847470513
1	4764.732610912736
1	4780.566164876372
1	4780.688151824813
