2	126.73046239379154
2	222.04627973153845
2	245.90394462770746
1	461.3443244095847
1	489.4578181987064
1	509.3624656555596
2	555.526882904901
1	619.3344500833186
2	1103.4127599458373
1	1121.6808512773034
2	1127.4251886147038
1	1160.3672608996792
1	1171.7408246834264
1	1389.3830631480046
1	1429.4043398761771
1	1671.3148371500215
2	1675.2035249251269
2	1675.2064837344863
1	1705.5096551248268
1	1721.3573286152878
1	1784.2787387906458
2	1794.3215455260588
1	1834.510863920488
1	1922.630103175217
2	1937.1863719917603
1	1972.3493656624307
2	2318.3195166990126
2	2389.853601840999
2	2413.6605513827653
2	2437.502961154357
1	2492.507084396139
1	2493.4329747087127
1	2501.4150768424047
2	2508.8839406688203
1	2542.5927465106925
1	2881.4953802303176
1	2894.489987880865
1	2973.6289342964646
1	3053.553329221936
1	3111.4760183774906
2	3175.9373383341817
1	3189.497253819561
1	3289.6792515507145
2	3295.0381937382936
1	3339.5788872726057
2	3461.80089125898
1	3464.494732000493
2	3485.659174214234
1	3514.5884558434286
2	3557.077772328042
1	3591.582988138062
2	3604.717943861658
1	3641.6059936426495
1	3786.3437727155415
2	3795.3263130642167
2	3842.92702707405
2	4033.5209731971013
1	4190.274316299355
1	4290.523086090859
2	4319.420013117617
1	4340.43587972709
1	4398.532731072132
2	4438.477532538753
2	4486.151734476107
1	4606.110660870313
2	4629.174702681531
1	4636.633895876193
1	4656.356364718883
1	4714.480954795591
1	4730.465089656216
