2	137.49033091107123
2	224.24271512098105
2	253.05311271936984
1	509.46994325726297
1	511.1320541311478
1	539.6114797108222
2	542.1430841401648
1	669.5950126239718
2	1120.1257124394199
1	1160.5915358341606
1	1171.9261169647323
1	1389.443534042323
1	1429.5482552542135
2	1669.1767817788877
1	1705.6192367888993
1	1721.4724251884045
1	1834.7641162159518
1	1972.6457979325794
2	2333.9173789696256
2	2391.670962167604
2	2391.7237994299444
2	2420.6215657938915
1	2542.849135235277
1	2543.3161327693233
1	2551.315136134031
1	2931.663958462108
1	2944.389466540788
1	3023.5675989148003
1	3053.800400567152
1	3161.7382097244877
1	3189.6064467125716
2	3200.8597089717746
1	3339.811978511733
2	3460.974018089488
1	3514.8527312951423
2	3576.519554414627
1	3641.8589401536665
2	3778.902102406766
1	3786.578091291628
2	3836.6308705096194
2	4038.9538295486163
1	4240.444300786379
1	4340.643892332957
1	4398.663027002222
2	4443.56706637934
2	4472.437117709343
1	4636.872166825811
1	4656.629701630954
1	4764.661379726912
1	4780.5208127614205
