2	107.70109387094433
2	203.10318894830587
2	250.69739284227552
1	461.068037616751
1	489.65211144917333
1	509.2580287052167
2	536.76235383384
1	619.5310128120302
2	1108.768164440717
1	1160.3696830621268
1	1171.596039014166
1	1389.1308940958957
1	1429.2842326696757
2	1657.007039894744
1	1705.2811513058657
1	1721.2376558148756
1	1834.4408166046235
1	1972.254043945162
2	2324.393154638065
2	2395.9142980314114
2	2419.7115718146197
2	2419.7525180184575
1	2493.3159794355597
1	2501.3492522872443
1	2542.4474334328174
1	2881.6409778334087
1	2894.31009993384
1	2973.5460570828313
1	3053.4503432319734
1	3111.5906937494688
2	3173.812549040121
2	3182.510894488707
1	3189.318415897466
1	3339.518811614012
2	3444.689105297755
1	3514.394911242577
2	3611.5832209696546
1	3641.5367885623145
2	3778.378092739696
1	3786.2473225924464
2	3849.8108815240607
2	4016.7141636255096
2	4031.6637174003267
1	4190.50404758262
1	4340.319005897521
1	4398.213234104257
2	4421.931211384737
2	4469.534607630369
1	4636.564730076787
1	4656.2183756047125
1	4714.606548462891
1	4730.2091383750785
1	4730.54171840308
