2	108.19197444521136
2	125.38953398269138
2	150.1830415511854
2	220.73911790247203
2	221.6300578774539
2	244.5809217590502
2	248.703260406765
2	269.1733251241169
2	272.0951887169088
1	459.2572839190775
1	461.0961970232033
1	489.6439476576743
1	509.18619928890126
1	509.4383630686306
1	511.1127682608623
1	511.16647312384384
2	530.3578796526581
1	539.679110327062
1	539.7278505996183
2	553.0824354054326
2	554.8718334311664
1	619.5055856869062
1	669.554461783419
1	669.5749355225392
2	1102.0306360480522
2	1102.3782035763152
1	1110.4822089327595
1	1110.4976992978222
2	1115.022274155826
1	1121.53425021162
1	1121.8380370182047
2	1150.0449415011128
1	1160.4559853582507
1	1171.848733372092
1	1171.9699061690492
1	1379.3051061307365
1	1389.2883052781842
1	1389.3047708162164
1	1389.4537732062622
1	1429.324468422736
1	1429.376991702709
2	1649.946818706178
2	1653.5353181151186
1	1671.4463512511156
2	1673.7608002733764
1	1705.169455006418
1	1705.4327332209803
1	1705.5781582829284
1	1721.416376738965
1	1721.527472224938
1	1784.5173482985394
1	1834.5115953037396
1	1834.6061493938437
1	1922.5733257439122
1	1972.5212877669906
1	1972.6252955335522
2	2316.8958111999245
2	2332.5614229690523
2	2340.3954188157777
2	2402.764752229031
2	2402.8551040270927
2	2411.829040490455
2	2411.8426146717684
2	2412.2256178722787
2	2412.258932528183
2	2426.189341118702
2	2436.0459824359054
2	2459.372069397368
1	2492.8916805683807
1	2493.2508733352943
1	2501.233786788354
1	2542.8155746308475
1	2542.875128260255
1	2543.276149555027
1	2543.297859122244
1	2551.3306847351173
1	2551.3530274308264
1	2881.589835897655
1	2894.3430814861517
1	2931.6556590739515
1	2931.6678653831223
1	2944.357532382849
1	2944.446010177977
1	2973.645048455969
1	3003.375312646235
1	3003.868968228945
1	3023.600250094482
1	3023.6277270264045
2	3030.8282373654797
1	3053.8089526363383
1	3053.871670617699
1	3111.774695097948
1	3161.683902005989
1	3161.746114422461
1	3189.2011750824913
1	3189.429623332039
1	3189.6363002363246
2	3197.4203085478007
2	3198.284520092637
2	3198.8605999171714
1	3289.412321051879
1	3289.8274218016822
2	3316.4719480314147
1	3339.8124048461605
1	3339.8516312785823
2	3460.34135310181
1	3464.252660368462
1	3464.7932834759868
2	3479.766851017639
2	3483.1370783809703
2	3483.2191682825123
1	3514.8390022727262
1	3514.919220296299
2	3554.4913912888665
2	3555.5428344248085
2	3573.482415901561
1	3591.389562346094
1	3591.848586705204
2	3602.180817595541
1	3641.8633777010273
1	3641.9025342975265
1	3736.2224800061435
1	3736.5617413946543
2	3768.816753391834
2	3784.193228272857
1	3786.575210842937
1	3786.5870262693747
2	3793.775374746032
2	3816.3784388205604
2	3830.9741508405646
2	3840.186911891571
2	3841.4212900961984
2	4018.3132480868107
2	4030.696689553854
2	4032.008967954727
1	4190.542586095336
1	4240.533703492413
1	4240.533762020584
1	4290.280155064315
1	4290.724388594249
2	4316.335930557704
1	4340.693805340919
1	4340.755872721818
1	4398.1916300986295
1	4398.31552591452
1	4398.599510440002
2	4459.185048073048
2	4460.752076937851
2	4463.202547437777
2	4483.087447767391
2	4484.619791463847
2	4486.647560408477
1	4586.345516709653
1	4586.857912418374
2	4602.034640836969
1	4606.49355207427
1	4636.855882778207
1	4636.886071401025
1	4656.561297433267
1	4656.587063430096
1	4714.5782961235045
1	4730.499864142452
1	4764.595521428653
1	4764.647957888985
1	4780.565535857323
1	4780.631246209173
