2	109.55378624724845
2	152.85081823233483
2	226.78642023850264
2	246.98447963658097
2	247.0028888045111
2	256.0007324516252
1	509.53165238312744
1	509.7079396560642
1	511.22672070460186
1	511.2480326102646
2	529.3986388126341
1	539.7862575516618
1	539.9421753029997
2	549.007067404624
1	669.5588944816446
1	669.7481719169342
2	1105.5408870034028
2	1117.4734074967816
1	1160.6395070572755
1	1160.7186044669722
1	1172.0673063255792
1	1172.1945826930132
1	1389.5178056002746
1	1389.6149837437272
1	1429.5408942159306
1	1429.7851662467783
2	1658.671780767469
2	1662.0395143790624
1	1705.8307717686598
1	1705.9526192409282
1	1721.5506470721957
1	1721.6406026387301
1	1834.6588171108901
1	1834.8252708179004
1	1972.7439313738053
1	1972.8717335958752
2	2335.866601944354
2	2340.890036723758
2	2411.4893667432666
2	2411.5836920653323
2	2423.7109307673913
2	2423.7933781350084
2	2423.879350467068
2	2435.023355648542
1	2542.8582864949317
1	2542.953602951274
1	2543.372648227896
1	2543.5082194070405
1	2551.436775308597
1	2551.492159304868
1	2931.6467960275413
1	2931.7516034697956
1	2944.5606751063037
1	2944.701053081696
1	3023.72364505063
1	3023.7703156688603
1	3053.839709904505
1	3053.946571049405
1	3161.740602147431
1	3161.866201385216
2	3185.3047109443896
2	3187.9035167582124
1	3189.7022213608157
1	3189.824724421282
1	3340.0070266610405
1	3340.0408020339128
2	3470.286102712002
2	3478.2546981917067
1	3514.9794993242526
1	3515.1377549802887
2	3566.07399637067
2	3587.917972997252
1	3641.987062410963
1	3642.1160157867785
2	3776.150388263324
1	3786.7143618549635
1	3786.9000763674717
2	3800.505014981777
2	3829.7758879843254
2	3846.709535232955
2	4034.8335539116915
2	4034.951430363166
1	4240.5893411289535
1	4240.669498169948
1	4340.78680670316
1	4340.897719510192
1	4398.7105845847755
1	4398.828394553995
2	4434.880567526723
2	4474.177902183033
2	4474.256972331096
2	4481.896923706371
1	4636.898653903786
1	4637.019707641132
1	4656.6296853902195
1	4656.8137013563355
1	4764.704162305437
1	4764.815027459352
1	4780.591383690273
1	4780.875199782472
