1	80.43380915694532
2	114.04424337635884
2	114.14021989855728
2	114.2011761095042
2	114.26665637742335
2	114.29802107212883
2	114.34704005348266
2	114.40083841019784
1	120.20062872034912
1	120.42123734960262
2	143.19292680028113
2	143.25040077548547
2	143.32319105436036
2	143.3380595502819
2	143.38640071511642
2	143.4478393405765
2	143.51212005231014
2	143.56862208724266
2	143.60951204239734
2	143.72851375769358
2	143.78547766625735
2	143.79650173941647
1	150.1959825674237
1	150.3947967957185
1	150.4608529136872
1	160.5640890860243
2	172.34422599795164
2	172.42706111696594
2	172.4445820245252
2	172.4734416398158
1	180.6820086257221
2	201.48796121534605
2	201.6055380369406
2	201.76519514028783
2	230.649329871626
2	230.92336078518417
1	230.9886702535856
1	250.22610035600815
1	250.43565417951115
1	250.92739145431264
1	251.1259951170966
2	259.7859869571372
2	288.9483350102235
2	289.0416901601824
