2	146.8531232329186
2	216.263825358062
2	262.55595428357384
1	509.5993120863013
1	511.27091927436163
1	539.7666636174253
2	539.9632864208344
1	669.6420120150559
2	1118.099353497212
1	1160.6418045402831
1	1172.1148341042697
1	1389.587601775847
1	1429.5995222807665
2	1673.1022347114335
1	1705.7879918952947
1	1721.5469940660782
1	1834.6471752966436
1	1972.8145159161934
2	2343.621124579609
2	2413.0065994364595
2	2436.170956097207
2	2436.196696400252
1	2542.795391740642
1	2543.4468068237275
1	2551.5305884000745
1	2931.7935117271354
1	2944.5801739267727
1	3023.7556338718064
1	3053.949603701484
1	3161.920096243217
1	3189.810344929221
2	3199.268956846834
1	3339.9993183984097
2	3453.6413680257897
1	3514.9803993868013
2	3592.372746562802
1	3642.0501381021745
2	3777.329818567009
1	3786.7309335445193
2	3846.696538495234
2	4031.7100369018985
1	4240.756801956026
1	4340.833459537675
1	4398.75542223135
2	4447.959536553582
2	4471.02403525991
1	4636.99790059519
1	4656.69079346775
1	4764.7591102096585
1	4780.783367527004
