1	80.3656632031033
2	121.13149234168364
2	121.20489513309577
2	121.30152351573727
2	121.3050790448445
2	121.35413953975936
2	121.38960233316502
2	121.43523927282514
2	121.46364304849237
2	121.46499658125549
2	144.72826525961534
2	144.82285237966386
2	144.95604812106862
2	145.02774340243255
2	145.05562261119059
2	145.083458931947
2	145.16587484596704
2	145.2525805608586
2	145.32838120210494
1	150.13970464711528
1	150.37176599594463
1	150.46716222161245
1	160.89975139447753
2	167.95740272854275
2	168.0672750556771
2	168.1001537884181
2	168.15628745226923
2	168.16895505508404
1	180.66189091139137
2	191.4434535289158
2	191.53015314637025
2	191.54294694713403
1	200.18550777941618
1	200.228504404473
2	214.90042092146675
1	230.67042667422515
2	238.24426075136535
2	238.2490705719841
1	250.12717616647114
1	250.46615886260867
1	250.9922346200684
1	251.22193489095113
2	285.1005566075011
2	285.1247334203007
