1	80.42972924148582
2	130.88416742191538
2	130.9131612085219
2	130.9188261279294
2	130.94910867199215
2	130.99837291682246
2	130.99928484078757
2	131.04847694069437
2	131.11770984564194
2	131.13709073347292
2	131.17163659998465
2	131.21209324927736
2	131.2195696477894
2	131.26759860730917
2	131.28925165253418
2	131.38692416376588
1	150.64009532900744
1	150.74619582026602
2	159.00216827233606
2	159.18457455193516
2	159.35803282038063
2	159.4030319917564
2	159.44192221370358
1	160.6913841823436
1	180.87408397658442
2	187.10800677669505
2	187.2655496305793
2	187.4243331782535
2	187.50584278527037
1	200.28881059997673
1	200.46746622800268
2	215.08597056314758
2	215.09721216527095
1	230.74487388406675
2	243.17466330310222
1	250.23955351224652
1	250.56502073879344
1	251.00104960607302
1	251.24503104914746
2	271.1488075136981
2	299.26552498402236
2	299.3166545267187
