2	123.59416450679623
2	238.02871991226587
2	238.04684937011874
1	461.3189009989544
1	489.8163100635977
1	509.3136067193408
2	552.5058702846925
1	619.7448583007526
2	1124.4614442690831
1	1160.4673232000907
1	1171.6495607521576
1	1389.3116052678517
1	1429.3756891005955
2	1667.6509081410013
1	1705.3578531221165
1	1721.37656544659
1	1834.580109165396
1	1972.429714375323
2	2325.1905097135386
2	2410.9753688653814
2	2411.0213280216085
2	2439.6305751961377
1	2493.4194739130744
1	2501.418073882485
1	2542.5362666576953
1	2881.7877129058515
1	2894.4845431093095
1	2973.7472902351446
1	3053.575186749411
1	3111.7694740673082
2	3183.010742552268
1	3189.391084771804
1	3339.6043496086063
2	3468.874765328214
1	3514.5696067393474
2	3554.671612423673
1	3641.6563135582883
2	3783.3870075344466
1	3786.3871970277446
2	3840.580470374767
2	4040.732790198943
1	4190.619170417465
1	4340.4826687146415
1	4398.307934770105
2	4441.001022757386
2	4498.266568137457
1	4606.210336715698
1	4636.548379706056
2	4641.140683326787
1	4656.3803488239255
1	4714.8276400360255
1	4730.671143255307
