1	80.39276404769838
1	80.67370167569233
2	103.20593060029111
1	120.1598590953558
2	122.84510528076933
2	122.91897436646548
2	122.94694545407303
2	123.04281547341387
2	123.06549712523301
2	123.14490252712491
2	123.19688357654557
2	123.27217602016673
2	127.08819784817857
2	127.1468851039016
2	127.21791743517217
2	127.22599271964063
2	127.31836442894175
2	127.36467346052318
2	127.3868208405013
2	127.45639795795648
2	127.46557584304651
2	127.54988668055445
2	127.58411641149776
2	127.60481935047682
2	127.67040143035848
2	127.74289658671772
2	146.11295139999353
2	146.1778173680243
2	146.2432682244816
2	146.3196485998125
2	146.36854789808834
2	146.42120414885642
2	146.4839691885937
1	150.53168967965058
1	150.66126994901475
1	150.70794597862007
1	150.8280125821568
1	150.8980362173079
1	150.9874037032006
2	151.12770816050224
2	151.3384845748457
2	151.43185078211422
2	151.48683971573104
1	160.41720716283072
1	160.62086752012073
2	169.2287686901311
2	169.39223769001873
2	169.47110734009775
2	169.5048983839524
2	169.58783174811293
2	169.77763771846128
2	174.94867047649166
2	174.95335157562815
2	175.0047132667056
2	175.01046864919368
1	180.25363937282788
1	181.04247936358402
2	192.35872540425044
2	192.4234680210183
2	192.4833968532815
2	198.89496407686656
2	198.97891407653702
1	200.44077698878604
1	200.46720825235874
1	200.65200495010987
1	200.66378816337524
1	200.78010204786423
1	200.91120492065323
1	201.49079665337794
2	215.64081688920754
2	222.77592619539894
2	222.8681505957996
2	238.74339861139134
2	246.72335399485414
1	250.10525027992085
1	250.64723170159266
1	250.67485654556504
1	250.7057053598874
1	250.91403742963496
2	261.90917173038713
2	270.7916732536587
2	270.7987412421221
2	285.10510717135224
2	285.17158120275195
