2	134.5216646955017
2	230.25625548446104
2	254.16965348951845
1	461.3479167663907
1	489.6024352283735
1	509.4715980633344
2	541.258850995803
1	619.2512064153279
2	1115.3523515786785
1	1121.5009743991625
2	1139.3276727021203
1	1160.4146869971523
1	1171.8445688810689
1	1389.3435427582324
1	1429.4264272887388
2	1665.5652167623361
1	1671.1399264084648
2	1689.5092801603914
1	1705.542099335916
1	1721.437656241892
1	1784.230623905274
2	1809.155234175801
1	1834.5598594959306
1	1922.301548511248
2	1952.659256172405
1	1972.4651060035933
2	2335.4408654440176
2	2407.163224530008
2	2431.0881104094524
2	2455.0393574487675
1	2492.627362779969
1	2493.4754384424114
1	2501.4632321488966
2	2526.8333857025677
1	2542.712764732589
1	2881.733560278698
1	2894.6370969073982
1	2973.262867403213
1	3003.4478769345874
2	3005.2099638182513
1	3053.6307219313144
1	3111.218666839667
2	3172.6863831314636
1	3189.5761132071816
1	3289.549987429694
2	3316.2513409615203
1	3339.7273981994786
2	3459.7325423928564
1	3464.304272532704
2	3483.657876070762
1	3514.5616770519055
2	3555.4062385924663
1	3591.4007469712888
2	3627.226076057342
1	3641.683777769372
1	3736.2577973323396
2	3746.8614488955095
1	3786.4248440212323
2	3794.6363809119157
2	3842.541649237903
2	4033.8572592920423
1	4190.152400979232
1	4290.3642181866135
2	4320.96409722342
1	4340.475884997069
1	4398.471200468743
2	4440.54094359301
2	4488.425262739101
1	4586.256254637872
2	4608.036060067947
1	4636.637893137939
1	4656.46990609176
1	4714.391801850078
1	4730.759724205845
