2	109.6091398789399
2	192.01003690019263
2	205.02551225959027
2	215.9590680543301
2	239.81060269261673
2	252.68252656668028
1	461.1053807798876
1	489.66033804362434
1	509.136439333899
1	509.27460216356906
1	511.1620949392692
2	538.6845443672837
1	539.6895755154476
2	549.8926182045717
1	619.5176692748673
1	669.5633718637383
2	1098.5652949819976
1	1110.4290609118555
2	1110.6903547077422
1	1160.3142048274865
1	1171.6435980514095
1	1171.8165913398657
1	1389.1431085551787
1	1389.1843998808615
1	1429.3129961808352
1	1429.3386485125613
2	1647.2312196265952
2	1658.9526679759015
1	1705.2256118747546
1	1705.3367757604622
1	1721.2218957903713
1	1721.3571287516784
1	1834.4373507613757
1	1834.5092477438388
1	1972.2748074295257
1	1972.5275015428008
2	2315.168450433081
2	2326.2815806805297
2	2397.8511467700773
2	2410.5959339500173
2	2421.6589543094465
2	2421.7295603886514
2	2434.4826333402834
2	2458.328838607092
1	2493.3375752576344
1	2501.340544523608
1	2542.497174995433
1	2542.745466069537
1	2543.2635853405095
1	2551.268084453638
1	2881.594251114783
1	2894.3347127129364
1	2931.585366418713
1	2944.303047927518
1	2973.487392025354
1	3023.5251863821845
1	3053.452423423181
1	3053.8136099546286
1	3111.583972632858
1	3161.6743787720206
2	3184.4024485930017
1	3189.3230441298974
1	3189.335492395784
2	3197.862920243306
1	3339.4791901472095
1	3339.739697470949
2	3446.589793102955
2	3484.1353297313226
1	3514.4134744830535
1	3514.7924312956748
2	3555.6894371360863
2	3613.544913464706
1	3641.5000104778896
1	3641.837493725881
2	3780.2703514604805
1	3786.238204015464
1	3786.611888112267
2	3794.1798991988817
2	3818.1144562986206
2	3851.805655692995
2	4018.622307681319
2	4032.80156142748
1	4190.467033094431
1	4240.468208324802
1	4340.367327627712
1	4340.610135859422
1	4398.243351922756
1	4398.279671985055
2	4423.796099664472
2	4438.3093500314935
2	4462.164163864483
2	4471.440266544448
1	4636.579461750811
1	4636.7893811743625
1	4656.302430662944
1	4656.459732399892
1	4714.640138711037
1	4730.592485641036
1	4764.638888704881
1	4780.533605346142
