2	148.03278326658597
2	240.85428763754646
2	287.3836761301265
1	461.17414889684096
1	489.6622051695643
1	509.34787435562663
2	565.8009368509191
1	619.5887251772701
2	1122.8717662322067
1	1160.3006088455538
1	1171.629414415839
1	1389.3882774426045
1	1429.4028214272357
2	1656.7802900021347
1	1705.254743047801
1	1721.2871624790312
1	1834.3846440689608
1	1972.4026140418366
2	2329.9566408846504
2	2422.770546441984
2	2422.786684413623
2	2446.0260843872443
1	2493.2188264591805
1	2501.2863760157734
1	2542.4436392863213
1	2881.6988545455806
1	2894.156449964256
1	2973.5943235445748
1	3053.4248884505237
1	3111.643023079029
2	3188.850800457146
1	3189.4032377126964
1	3339.485644676785
2	3467.338320444723
1	3514.4611306057604
2	3606.6828301037353
1	3641.658840467514
1	3786.3906797218856
2	3815.533620169325
2	3885.1887665568224
2	4047.7088075621027
1	4190.449401051315
1	4340.266443848238
1	4398.249562265852
2	4442.247816038605
2	4511.898079092899
1	4636.534944188673
1	4656.398028356256
1	4714.646434006807
1	4730.748773464197
