1	80.16069425248503
1	80.2492242414912
1	110.52931337478215
1	110.53063633055977
2	110.88285637180617
2	110.95424714651467
2	110.99207650018654
2	111.04867630934928
2	111.06559326464144
2	111.10804509993949
2	111.11894048878476
1	120.1283150524791
1	120.31752789874112
2	123.23278263697239
2	123.31359505543121
2	123.35728642230308
2	123.37823908540283
2	123.47713475071903
2	123.56370792166153
2	123.58237143753803
2	123.61433052003758
2	123.63235791262323
2	123.67088362258676
2	123.73770296284326
2	134.7317635783524
2	134.80420461979102
2	134.84785783113796
2	134.8918219618731
2	134.9832918781477
2	135.07632041121806
2	135.17871632245328
2	135.22538113340096
2	135.26423161132092
2	147.02452294841993
2	147.09107371234384
2	147.25781622414854
2	147.28404318692574
2	147.31446338421475
2	147.4060812719957
2	147.5105577290709
2	147.5769733577374
1	150.1182007985218
1	150.138580780696
1	150.16355445261578
1	150.16675801451782
1	150.25845325121713
2	158.6111853424635
2	158.65939277639055
2	158.7276319491704
2	158.83261126665022
2	158.89952241238427
2	158.97531176780456
1	160.31645526698605
2	170.89570789671177
2	171.0103819642152
2	171.0515182549414
1	180.58202478860068
1	180.59068504361036
2	182.45537016308816
2	182.505943175217
1	200.06044297755986
1	200.35962138004246
1	200.36264268088894
1	200.8135299133787
1	200.93897266890002
1	201.05555189310326
1	201.15695839159892
2	206.2611425258614
2	206.3218385427222
2	206.3334601780282
2	218.5120777566563
2	230.11122904416828
2	230.18738832345227
2	242.3900755498246
2	242.40632435284707
1	250.36266708924174
1	250.37232416037048
1	250.50718261058444
2	253.89321158312777
2	277.74507368695106
2	277.78439069627524
2	290.0302071167143
2	290.08076252070754
