1	80.49866055435734
2	123.927960758344
2	124.01536378376815
2	124.02110612198938
2	124.08427767311119
2	124.17225751711526
2	124.18750895518905
2	124.30195800485582
2	147.8704718356867
2	147.95009653796606
2	147.98141965861814
2	148.06394959924882
2	148.12102350395324
2	148.21538654231807
2	148.2248125171457
2	148.27340629524602
2	148.33672297935718
1	150.55576651439
1	150.61996377315478
1	150.67157751668492
1	160.38194359865
2	171.99270988725237
2	171.9985584455127
2	172.05966912904088
2	172.23998390386367
2	172.2405582003513
2	172.2662440973333
1	180.64764777988174
2	195.85313715804972
1	200.463805180806
1	200.69626615919555
1	201.26398809948572
2	219.79727940410123
2	220.0672222145727
1	250.46062424277966
1	250.61431125693974
2	267.6689608720312
2	267.76206011709115
2	291.6307201198492
