1	80.43665967294046
2	119.34786364083821
2	119.44203309822929
2	119.47773056504133
2	119.57033496779847
2	119.66275772602559
2	119.67325959940958
1	120.45084981210023
2	143.34678306540832
2	143.37122540013695
2	143.4189921870448
2	143.48370805852258
2	143.50427973207243
2	143.5773550973605
2	143.6147725821541
2	143.71872927374477
2	143.77530943189484
2	143.85066805062615
2	143.87840509117814
1	150.54632178577313
1	150.73019577497337
1	150.80267493786596
1	160.41395767413593
2	167.37016487649842
2	167.49825382039063
2	167.58247415880587
2	167.5913691699349
2	167.62862839559543
2	167.71015652779968
1	180.64188667367745
2	191.23244549695056
2	191.3234409414587
1	200.56772410342612
1	200.70788560313227
1	201.23637272433467
2	215.29774127763397
2	239.15204820212722
1	250.53606911727974
1	250.6812877342934
2	263.12622908500146
2	263.2137466957338
2	287.1491384121256
