2	120.79772401685257
2	147.73277772416012
2	239.97524335936532
2	240.0229654998904
2	263.0712695092316
2	263.8998543372612
1	459.31432245288573
1	461.0965700264126
1	489.6733248774684
1	509.721931800622
1	511.18426450553574
1	539.8173381353105
2	550.0482212967115
2	563.1117362840345
1	619.5516396608527
1	669.6507392749993
1	1110.384289797351
2	1117.095428086293
1	1121.8289140959935
2	1122.4965521660074
1	1160.7365670918773
1	1172.139281581102
1	1379.2954000817574
1	1389.1447955249732
1	1389.643979778943
1	1429.7089460831373
2	1647.2284522250548
2	1670.9535209737799
1	1671.4463766640517
1	1705.2664422086773
1	1705.6910293173887
1	1721.5328417213702
1	1784.4868221962956
1	1834.7493812905616
1	1922.535275201003
1	1972.8106091632394
2	2338.83126194426
2	2340.3074223817207
2	2409.568618219827
2	2409.5687121703077
2	2410.4507284013594
2	2410.4510814853293
2	2410.503756138964
2	2432.6833557792215
1	2492.7211199531034
1	2493.221803465754
1	2501.318659764736
1	2542.9540235950226
1	2543.4180704936525
1	2551.415997602022
1	2881.62714840869
1	2894.3306836290144
1	2931.683634912809
1	2944.4065882349187
1	2973.5415221403196
1	3003.9786782484884
1	3023.7549041460575
1	3054.0252936466645
1	3111.662633987669
1	3161.874089468383
1	3189.3777521394113
1	3189.817855925023
2	3194.2573908237223
2	3197.4320476522644
1	3289.7335228301704
1	3339.8309525052246
2	3459.7912871771287
1	3464.8347345087823
2	3471.1859629810806
1	3515.038517579924
2	3540.512327676449
2	3579.051608027504
1	3591.8429673727665
1	3641.995706129635
1	3736.5052617812903
1	3786.8727616733554
2	3793.753650765987
2	3794.3735265941514
2	3840.6130599532703
2	3841.407398580512
2	4008.4118815196975
2	4025.1313266215284
1	4190.528402327748
1	4240.624325130953
1	4290.640206795357
1	4340.72027785141
1	4398.193325371492
1	4398.824184832491
2	4440.586727214428
2	4461.564935561073
2	4485.434366998706
2	4486.770580515467
1	4586.8260028675295
1	4606.5539495583525
1	4637.027225196686
1	4656.731302580576
1	4714.578289829143
1	4730.584949559107
1	4764.857144646681
1	4780.665914151692
