1	80.58456726744464
2	114.44995527260605
2	114.53043749491837
2	114.60258709617709
2	114.61821783761842
2	114.66636999393879
1	120.43900001681274
2	138.54499164815667
2	138.59793267070285
2	138.63869460617877
2	138.71669162044267
2	138.79125598217075
2	138.83775565510302
2	138.84401904381593
2	138.87080542604463
2	138.96316307759557
2	138.96813318107334
2	139.00161872415086
2	139.06694515572207
1	150.6943800301572
1	150.81690871180098
1	150.97379955937535
1	160.55602580221594
2	162.48774754628906
2	162.5752015798438
2	162.58059973543337
2	162.92000764163757
2	162.95606316575785
2	163.0262687358804
2	163.12053476468645
1	180.78422468939354
2	186.70842646931104
1	200.5759973986258
1	200.81698377092653
1	201.32596145409318
2	210.56183204896567
2	234.58086395627092
1	250.55226757697045
1	250.85132995001067
2	258.57259796421016
2	282.5357376058944
2	282.561849881146
