2	102.17368538322272
2	129.25915843685354
2	179.08424896902434
2	221.4959351010761
2	224.67080807081763
2	226.7956050162264
2	245.34292655418693
2	248.4768590591726
2	250.67988804454507
1	459.36437542638123
1	461.04159215324614
1	461.04772551961594
1	489.5810758823502
1	489.6532753278
1	509.1642388340007
1	509.2509211856617
1	511.16428629192814
2	531.534041360066
2	534.4798534382717
1	539.6525951500652
2	560.7447502991298
1	619.5733842963077
1	619.6317033229861
1	669.5289148727982
2	1103.9581310547471
2	1106.5347164655873
2	1109.4305446361282
1	1110.344360287679
1	1110.4139828859413
1	1121.784011116669
1	1160.3597944396058
1	1171.6588482716245
1	1171.8579974133165
1	1379.2640702561202
1	1389.1506520396765
1	1389.2380236693766
1	1389.313874638482
1	1429.2959370476867
1	1429.3804934366608
2	1652.5452682405623
2	1654.7257994887082
2	1658.125903491165
1	1671.4014623230805
1	1705.2548681220683
1	1705.3314402432404
1	1705.411472558384
1	1721.19215729358
1	1721.3300546704115
1	1784.5144271257352
1	1834.3593645149563
1	1834.5054422899605
1	1922.5337911210113
1	1972.2524974183063
1	1972.5174319365078
2	2320.2921966537992
2	2322.0715527312022
2	2326.0844310241137
2	2391.8679829990047
2	2391.8862954003716
2	2393.6245803167385
2	2397.601865159988
2	2415.7131978491734
2	2417.502226254702
2	2417.553732161251
2	2445.398985723288
2	2445.4927080455186
1	2492.6937541389207
1	2493.2280023697895
1	2493.328206007616
1	2501.353296949835
1	2501.4258753300983
1	2542.466302844252
1	2542.7265646128913
1	2543.19914678106
1	2551.2880782267853
1	2881.550570766836
1	2881.5726422694956
1	2894.3075580342806
1	2894.348952972393
1	2931.567747297184
1	2944.259165125236
1	2973.540936483726
1	2973.5810193447755
1	3003.937347242848
1	3023.503264017917
1	3053.4164232177204
1	3053.8234681200593
1	3111.6578205811566
1	3111.7574219586118
1	3161.6518706770603
2	3178.9504760240598
2	3180.2132970274893
1	3189.3272731063266
1	3189.4151607498866
1	3189.4708221020182
2	3208.7455043551677
1	3289.7795011749145
1	3339.5173436503705
1	3339.8083644582784
1	3464.8242576116822
2	3465.1270522911145
2	3466.236055846324
2	3494.977985496567
1	3514.3548356181004
1	3514.757482669859
2	3542.6549064736273
2	3560.534427651672
1	3591.8973933296866
2	3609.3584235871126
1	3641.556813078317
1	3641.8778457238045
1	3736.5180584879517
2	3775.1741046788125
2	3776.0356735406176
1	3786.276651912199
1	3786.541920562274
2	3805.0929042520365
2	3822.9461571042502
2	3828.980242936227
2	3871.3591642124698
2	4013.731382245542
2	4038.2092233240387
2	4043.662032495663
1	4190.440212880449
1	4190.535638251733
1	4240.4561982134455
1	4290.658101121534
1	4340.346745108307
1	4340.60270819019
1	4398.128228507994
1	4398.197271379322
1	4398.233903854199
2	4443.004854774463
2	4443.451213261001
2	4449.246030707909
2	4466.841458422411
2	4467.25252174916
2	4473.012907134545
1	4586.785195851341
1	4606.499729448493
1	4636.566364563805
1	4636.791424188907
1	4656.220619372624
1	4656.433555728986
1	4714.602205697663
1	4714.694188596879
1	4730.528873988008
1	4730.54053829329
1	4764.649082757449
1	4780.566988680485
