2	126.683490406374
2	240.02447931275918
2	268.3525443945293
1	509.32695207856653
1	511.11970081425204
1	539.7610118422624
2	551.8274461571477
1	669.6526327577234
2	1118.7759459868528
1	1160.2799831200934
1	1171.9569542595382
1	1389.489773500576
1	1429.487968653313
2	1657.434565119232
1	1705.6587899572096
1	1721.5217058143123
1	1834.6444442679647
1	1972.5867949788737
2	2337.7616695926167
2	2394.406093289766
2	2422.764313064298
2	2451.0683553581393
1	2542.866169031213
1	2543.357917233077
1	2551.442568425849
1	2931.739440306169
1	2944.4163436043423
1	3023.7172225347254
1	3054.0004832121963
1	3161.7293378859595
2	3188.113476797992
1	3189.535443878631
1	3339.897498983221
2	3471.5533774175838
1	3514.825390668399
2	3556.655062668969
1	3642.047144468605
2	3783.4577960707716
1	3786.661560420154
2	3840.077266050164
2	4038.5667052663184
1	4240.626055048075
1	4340.752217846308
1	4398.51491960982
2	4463.682275994341
2	4492.056152593119
1	4636.947899064837
1	4656.644421822098
1	4764.794275861801
1	4780.676297873626
