1	80.18667752939218
1	80.42348634450363
1	110.50445564958655
2	115.27990961866591
2	115.30040092875403
2	115.38370696122506
2	115.44666412977358
2	115.51627387492056
2	115.53087271988905
2	115.58206161782387
2	115.59982159021699
2	115.67447359547278
2	115.7016703203107
2	115.76729276745878
1	120.22292148283245
1	120.3761814121114
2	123.09887669345875
2	123.16195696530238
2	123.17764294040077
2	123.18144349507239
2	123.20669167450883
2	123.20985672893157
2	123.21611649160063
2	123.21783175654885
2	123.2653711302774
2	123.32995688126222
2	123.39876265350784
2	138.04620965883362
2	138.1847912648165
2	138.2610006733255
2	138.31462849193898
2	138.31501037794965
2	138.37996908636453
2	138.4030387175956
2	146.98613755660068
2	147.026190552591
2	147.04932356605653
2	147.1002533619559
2	147.18558236228606
2	147.27136615160245
2	147.32917539087765
2	147.4123837442785
1	150.09500918710845
1	150.16847567318453
1	150.20982669425166
1	150.36610358913748
1	150.44559549706483
1	150.45091421413585
1	160.681146359412
2	160.98066611658837
2	161.10519287986415
2	161.15074264087298
2	161.15620269865985
2	161.16333968634063
2	170.80285601434082
2	170.8736251599579
2	170.8738054352882
1	180.56915510900456
1	180.86838484864214
2	183.85976379066332
2	183.90805080406872
2	183.92713503906546
2	183.9709036738601
1	200.0849766198091
1	200.26018831619308
1	200.34956989994012
1	200.86417372337502
1	201.14915047285166
2	206.50813767583773
2	206.61140512198526
2	218.4344087406992
2	229.4189500727348
2	229.49323573629297
1	230.7770246034771
2	242.25838431454608
2	242.33906011593697
1	250.2392228266682
1	250.41881438240193
1	250.5789577725085
1	251.03232726438497
1	251.26740731987456
2	274.9848486836948
2	275.0721107405608
2	289.8899004104005
2	289.90583044496805
