2	135.1631745650993
2	230.39363122156485
2	230.49252641438395
1	459.2762765524454
1	461.0724832365857
1	489.57997017316956
2	540.0729589380632
1	619.5424776651683
1	1110.4466516933242
2	1111.735888101441
1	1121.7897659222203
1	1379.2868688383612
1	1389.2994349654896
2	1659.5777294156146
1	1671.5265239963978
1	1705.2264850332476
1	1784.5762222703652
1	1922.6001008568494
2	2326.578003407906
2	2398.0765406397754
2	2398.115478344765
2	2445.6507529898595
1	2492.8561251559076
1	2493.2391555738177
1	2501.3030510297262
1	2881.580969180867
1	2894.3330260834214
1	2973.5730943993303
1	3003.9447412113723
1	3111.705150613117
2	3184.160893956846
1	3189.286442895855
1	3289.812626809239
2	3446.157315467401
1	3464.7573272467657
2	3541.446824551828
1	3591.8221836502635
1	3736.5692186397982
2	3779.627815108671
2	3827.293598176448
2	4041.6292286997573
1	4190.539181092242
1	4290.7667864606165
1	4398.262461359451
2	4446.569676291343
2	4470.396239407155
1	4586.787350647767
1	4606.547238858607
1	4714.634260401658
1	4730.518363126286
