1	80.63872048165994
2	108.82633677555611
2	108.90429695233328
2	108.92954487578716
2	109.02907642168327
2	109.0674299455668
2	109.15848052626875
1	120.2824023319634
1	120.51574173641465
2	131.97720935065615
2	132.03499445067087
2	132.08727202209664
2	132.30228097833867
2	132.33777639340417
2	132.36747043260175
2	132.46635358835061
2	132.47313564437493
2	132.51560362040954
2	132.58661306753697
2	132.60344249005252
1	150.7850555008373
1	151.0413608739407
1	151.14170605147154
2	155.01921226950725
2	155.07483011901778
2	155.18343551783434
2	155.27631580384548
2	155.36642028979804
1	160.66151276634008
2	178.1721994137354
2	178.22941784324087
2	178.37347490662393
2	178.40708263948653
2	178.5184255446446
1	180.92102883876774
1	200.42814951691705
1	201.2487039344411
2	201.28413629997004
2	201.34411813542582
2	224.38833479866622
1	230.68341119466206
1	250.30667264576093
1	250.61243886267536
1	251.13485299367974
1	251.21096547471882
2	270.542505973557
2	270.6102891455711
2	270.64511778889636
