1	80.20222438785541
1	80.54297714060385
2	99.51066438354817
2	99.51865951456256
2	102.73870424792366
2	102.74761948646865
2	102.7945251519414
1	120.1378373958621
1	120.59054750359225
2	126.73181732739279
2	126.75757770959423
2	126.84512712013391
2	126.87484033867369
2	126.89426083168937
2	126.96806058161084
2	127.00969239902204
2	127.05394902645217
2	127.12204288040596
2	127.12474717558803
2	127.86731025257713
2	127.95126218320287
2	127.95854455285456
2	128.11703888523354
2	128.20719424679308
2	128.27443232928076
2	128.33086257527665
2	128.34313223857214
1	150.15731524335848
1	150.24772640723378
2	150.56371252453664
2	150.65146214630585
2	150.73699125576118
2	150.75245857800766
1	150.75935330479382
1	150.79182526146457
1	150.8899907641293
2	156.3414318991706
2	156.44065170639163
2	156.56567855654083
2	156.6439030175656
2	156.71659280386746
2	156.79012534551632
2	156.8200544111456
2	156.8601082272943
2	156.93322084723172
1	160.39606950580756
1	160.51776619056162
2	174.3119571964009
2	174.4027656227499
2	174.6436314961134
2	174.69618167273532
2	174.76688100043268
2	174.83549164485407
1	180.54772949226555
1	180.78989608672717
2	184.66199920814836
2	184.67311849654462
2	184.7567395204873
2	184.79827981896116
2	184.84698676666954
2	184.94147264167196
2	198.23116994047464
2	198.2710623540655
2	198.2888938149314
1	200.14713528395717
1	200.7764645713567
1	201.1874660684308
2	212.88999491894134
1	230.65065756692846
2	241.36474059741607
2	241.4698430395539
2	245.9067256791054
1	250.08726590782373
1	250.1164380994995
1	250.5292099020959
1	250.91040464563503
1	251.07078767286768
1	251.12725168612272
1	251.19823245743325
2	269.62537331666283
2	269.681928278895
2	269.7837962060477
2	269.82955340624477
2	297.9607438623898
