2	134.37614590019223
2	204.93253057720514
2	251.96586226067504
1	461.35514947810276
1	489.63716026241207
1	509.35118198533854
2	557.6035970803524
1	619.6193248696801
2	1098.4986488144787
1	1160.4838593382224
1	1171.851116181701
1	1389.4509148230948
1	1429.451464974164
2	1662.7778249054047
1	1705.5154180058987
1	1721.367318045119
1	1834.5504094247894
1	1972.4017563963398
2	2321.1654642409494
2	2391.8046210566745
2	2415.3278574605615
2	2438.806070830397
1	2493.510772219782
1	2501.485315690994
1	2542.702769015081
1	2881.7480715073607
1	2894.5402259241987
1	2973.792369003695
1	3053.548936855954
1	3111.8038972782992
1	3189.522459192847
2	3191.248350905131
1	3339.5848712892957
2	3449.9605668865265
1	3514.551590977989
2	3567.526073834354
1	3641.6421908166553
1	3786.5176800382437
2	3802.658132419108
2	3849.6352475418585
2	4037.8020716342394
1	4190.547842238704
1	4340.485244347241
1	4398.537126209192
2	4437.574029399225
2	4484.575124596497
1	4636.609831351664
1	4656.337492301047
1	4714.712438428748
1	4730.6929210787985
