2	129.56864204470966
2	224.1254894893161
2	247.7671082965558
1	509.51301756245226
1	511.3738063302262
1	539.818284361585
2	555.1610334827863
1	669.6903619725246
1	1121.3104226845248
2	1122.5010982813283
2	1146.1123669145866
1	1160.6360720789235
1	1172.1523148747053
1	1389.4990190422548
1	1429.6402868304272
2	1666.2028950644276
1	1705.8424031402685
1	1721.6185095609007
1	1834.7155364104965
1	1972.8299375405227
2	2328.162053080165
2	2399.100607643236
2	2422.6943178232177
2	2446.373935749208
1	2542.9139284323032
1	2543.418960494914
1	2551.380558149933
1	2931.7446226803863
1	2944.5596757360604
1	3023.7712265625396
1	3053.9020796402565
1	3161.8753956922637
1	3189.8813691518926
2	3202.8343742941797
1	3339.975688557408
2	3462.882988427923
1	3514.954843770395
2	3557.4747135781718
1	3641.9971127235303
1	3786.720013693225
2	3793.8314352719667
2	3841.150720503575
2	4030.247779651152
1	4240.715364367065
1	4290.202154149088
1	4398.67142035783
2	4432.129202137135
2	4479.480862916359
1	4637.049862634768
1	4656.73984614374
1	4764.784674160153
1	4780.699345831035
