2	128.1543656581083
2	215.67083690041065
2	244.99379542533697
1	509.6372698159637
1	511.33788992580736
2	536.7083807675921
1	539.8939493232095
1	669.6040157714143
2	1120.3608575927435
1	1160.728649171118
1	1172.1898569174707
1	1389.602571930314
1	1429.8196918295894
2	1674.805166178216
1	1705.7968266857183
1	1721.6387493080722
1	1834.8579551874413
1	1972.8340624317202
2	2316.7761696809307
2	2404.3823942506438
2	2404.406666212038
2	2433.5782871880033
1	2543.1244621495234
1	2543.4673272938853
1	2551.593582250316
1	2931.7672865787417
1	2944.601791353149
1	3023.822035597079
1	3054.0571421055906
1	3161.9039224762255
1	3189.878322057904
2	3192.2389924503377
1	3340.1280219534397
2	3484.0947942001653
1	3514.9915161990034
2	3571.5945474600403
1	3641.964253314963
1	3786.8746888888695
2	3805.048358162744
2	3834.271826148862
2	4038.5281057717248
1	4240.820338878301
1	4340.8696044786575
1	4398.975065285411
2	4476.209768350151
2	4505.419753313037
1	4637.092429292535
1	4656.703824372516
1	4764.78408654718
1	4780.72747530203
