2	125.0033191917213
2	217.2628918317853
2	263.42229040549995
1	461.4028825438792
1	489.72247088631156
1	509.45405724681575
2	540.07896917812
1	619.7665425488952
2	1093.4263077091484
1	1160.518897445559
1	1171.8229016913788
1	1389.377378488892
1	1429.6151233413905
2	1669.7903342682935
1	1705.5132486128925
1	1721.3407616011355
1	1834.5537742183483
1	1972.5218648072362
2	2338.3693394452143
2	2407.565642117891
2	2430.63470434872
2	2430.7021755703963
1	2493.5355632370934
1	2501.6157051526043
1	2542.6951353600125
1	2881.8466488912436
1	2894.646890492784
1	2973.7342571969825
1	3053.6514190883245
1	3111.797796263128
1	3189.4988456003343
2	3191.435063901994
1	3339.709309174461
2	3468.1511753363257
1	3514.7435944365916
2	3583.4101249806313
1	3641.7732293501876
1	3786.5347628225354
2	3790.941203865848
2	3860.1132047140845
2	4021.452841117937
1	4190.555549961139
1	4340.448428047077
1	4398.61793588248
2	4436.504798610043
2	4482.578438512674
1	4636.783949685826
1	4656.4337630144755
1	4714.703586293133
1	4730.6436280115995
