1	80.11404240524264
1	80.57889766989585
1	80.73239407278287
2	109.06427996669217
2	110.11803698971227
2	110.21251432440914
2	110.24213000892537
2	110.32024245384281
2	110.39717049107651
2	110.4274067691308
2	110.49669530486821
2	110.54237036180358
1	110.6295191927647
2	118.7038276897045
2	118.76724892118767
2	118.78190876056792
2	118.81141159633798
2	118.86353322923543
2	118.94236303098164
2	118.95201611850476
2	118.98287346472888
2	119.07422458673048
2	119.0804755501331
2	119.15854150351691
2	119.20372485147242
2	119.24698324154127
1	120.19024898099768
1	120.28190898397258
1	120.32186554242074
1	120.51350422211526
2	121.76803544584389
2	121.8578103996195
2	132.20886206269657
2	132.30154779234323
2	132.35406096775364
2	132.43657453432476
2	132.48270214573895
2	132.57563720735476
2	132.64406243600854
2	132.74110634300374
2	132.76357694627535
2	132.85360572237963
2	132.9401450007685
2	133.0308604368071
2	133.05571031933113
2	133.12464390363058
2	133.12659849409002
2	133.21229132033224
2	133.25913643067057
2	133.27129295131908
2	142.56721431514202
2	142.66712478622048
2	142.70128183654273
2	142.79985888596372
1	150.15728374538023
1	150.18953850288173
1	150.22016730573114
1	150.27974759932974
1	150.8425171188522
1	150.92359077191068
1	151.35526349295296
1	151.41112605262472
1	151.512423612706
2	155.42089868424378
2	155.47673160711244
2	155.53883446317877
2	155.54821264209775
2	155.64121996162913
2	155.70991285685372
2	155.75565616435856
2	155.85289335750338
2	155.8953751893068
2	156.23929407403568
2	156.34593255905816
2	156.48300093111482
2	156.50990697329578
2	156.5142612075347
2	156.54938549105174
1	160.6403412759438
1	160.77685072182993
2	166.36922083502105
2	166.38860233858765
2	166.43788388358456
2	166.45475702796307
2	166.48472799296295
2	166.49344940465463
2	166.52779976507472
2	178.43193777825184
2	178.76308918076987
2	178.8550017047093
2	179.03505741202508
2	179.0496061715139
2	179.12732067027477
1	180.5746999017218
1	180.8235348514804
1	180.88429158015708
2	190.24517056143847
2	190.2656570116881
1	200.13023049483877
1	200.8604043662651
1	200.87974344923242
1	200.97786971505252
1	201.176396353251
2	201.79645888719136
2	201.92855305931715
2	214.10525430306527
2	224.15903877563517
2	224.2186846912888
2	224.72225391266608
1	230.6856099199914
1	230.7730362613543
2	237.98648150459445
2	246.8190709378048
2	246.83246339027022
2	247.92684357792086
1	250.15990141094784
1	250.2745805486287
1	250.32089448128707
1	250.51003280915327
1	250.56939654046428
1	251.03923150745248
1	251.0418364188419
1	251.21112418522517
1	251.27857792355383
2	261.77274709357476
2	261.8323899601998
2	271.03636369417956
2	271.1040501946565
2	271.1638132670145
2	285.63662595689186
2	292.35599347795204
2	292.4389180584954
