2	124.56123799404745
2	239.26033298607084
2	239.28341506046536
1	509.4699562707758
1	511.22580277443586
1	539.7974912598917
2	554.6521113515721
1	669.6743346842426
2	1099.4463822891053
1	1160.4336699384219
1	1172.0983580759128
1	1389.494749808138
1	1429.5048013595497
2	1644.2092717101984
1	1671.1033945489562
1	1705.627923932959
1	1834.7705930281697
1	1972.7579513508413
2	2332.345916485089
2	2389.7347463335836
2	2418.367168463944
2	2447.1214622146285
1	2542.8585039181376
1	2543.3412649080474
1	2551.327132011997
1	2931.799427313492
1	2944.3955239923694
1	3023.6249939884624
1	3053.9375498688187
1	3161.800076505789
1	3189.660358758681
2	3192.5570715565545
1	3339.906163894429
2	3479.2790763522435
1	3514.9391342812455
2	3565.3140857820704
1	3641.90692095467
1	3786.654001923407
2	3794.6883963377995
2	3823.3734021972323
2	4052.725961021471
1	4240.558476104133
1	4340.708562158233
1	4398.518258978102
2	4454.141762126984
2	4482.878905710476
1	4636.982314042078
1	4656.60415572251
1	4764.727431744754
1	4780.69689784084
