2	103.91970446283744
2	223.22510372905649
2	247.15943039149687
1	461.10944569259357
1	489.6815481623747
1	509.26208665332285
2	533.4885854885649
1	619.5383581706554
2	1106.2442364855572
1	1160.2596963787312
1	1171.5986299119973
1	1389.2711841697887
1	1429.331589517657
2	1655.1266068312966
1	1705.2060034299643
1	1721.2776503985906
1	1834.3105898175381
1	1972.3216773087547
2	2323.3829436843484
2	2394.9736906715953
2	2418.78585415759
2	2442.656285540331
1	2493.244175394799
1	2501.2949441620017
1	2542.441048306451
1	2881.6134932703717
1	2894.2878529885184
1	2973.5221985830804
1	3053.4576235164222
1	3111.598668748162
2	3182.536557459194
1	3189.3576936755376
1	3339.4046098711347
2	3468.9536186374266
1	3514.437339018313
2	3612.18823284162
1	3641.552388323331
2	3779.1154555556027
1	3786.2800698405954
2	3874.6242833972647
2	4041.6596215467116
1	4190.425568526671
1	4340.252597793065
1	4398.153307354458
2	4447.359208312977
2	4495.073272915112
1	4636.488427010746
1	4656.359983255404
1	4714.660127753572
1	4730.676657785929
