2	139.54154031450867
2	210.96962867870172
2	258.6207590054668
1	509.47034204772285
1	511.1480460516242
1	539.6903508753679
2	544.3214859570352
1	669.5769638446674
2	1091.874221636103
1	1121.523291362133
2	1139.4506784244682
1	1160.4836007588171
1	1171.9467137149038
1	1389.4549038399912
1	1429.3971631582262
2	1663.216600891981
1	1705.607432134677
1	1721.374866662347
1	1834.551471614869
1	1972.6556589124286
2	2329.777583083283
2	2401.288380482031
2	2401.3737591097406
2	2448.841500699639
1	2542.763713830981
1	2543.3207336326554
1	2551.3012120064045
1	2931.6280472589065
1	2944.4060902477922
1	3003.329337058939
2	3020.169969859751
1	3023.628249891109
1	3053.8866781292845
1	3161.779166848917
2	3186.9184609229533
1	3189.6210858345503
1	3289.360938925907
2	3305.9485224555888
1	3339.8585950024526
1	3464.2407266213204
2	3472.5623150641904
2	3472.5807786797573
1	3514.8497878312023
2	3567.796019896549
1	3591.386491893626
2	3615.360361496267
1	3641.8395872616506
1	3736.186264413252
2	3758.239670732772
1	3786.589770690552
2	3805.8369680408528
2	3853.473155355377
2	4020.0882663655775
1	4240.490628357598
1	4290.263853557727
2	4305.822681187522
1	4340.70398954753
1	4398.584983648025
2	4448.61323649262
2	4496.203416332363
1	4586.408549193856
2	4591.48552695783
1	4636.882933342392
1	4656.614406517055
1	4764.676317551327
1	4780.566577082081
