2	154.2494765618733
2	226.0838086307004
2	250.09544595327486
1	461.4349388616815
1	489.6008861607164
1	509.42764236792885
2	537.0488584001689
1	619.2918438467054
2	1111.2355266259992
1	1121.456778817854
2	1135.2185565064901
1	1160.4154993646546
1	1171.8662709366672
1	1389.3155513029228
1	1429.3875854171097
2	1661.361464094167
1	1671.1081786642185
2	1685.4266003078228
1	1705.552742705686
1	1721.4210793199666
1	1784.2733438813586
2	1804.906904297807
1	1834.6081981636814
1	1922.2590307584237
2	1948.517090077555
1	1972.4570520160016
2	2331.2657427944755
2	2403.038165727525
2	2426.913756372714
2	2450.8320182246484
1	2492.5420746714353
1	2493.4544316334395
1	2501.5064702480595
2	2522.668855650547
1	2542.689328412557
1	2881.698125432683
1	2894.642924391763
1	2973.2750541703067
1	3003.4460050024336
2	3024.94854765242
1	3053.6782916732395
1	3111.2885953002524
1	3189.4982707275763
2	3192.4704719563856
1	3289.477206567024
2	3312.077460816668
1	3339.6494127766296
2	3455.600263436187
1	3464.22921777282
2	3479.5277237743926
1	3514.5582026268116
2	3551.316213772231
1	3591.346127578339
2	3623.0761630314537
1	3641.6134709893995
1	3736.311225015038
2	3742.6413265445076
1	3786.4229076529878
2	3790.5135599022487
2	3838.3816894084334
2	4029.7321979849767
1	4190.170089300669
1	4290.351153989771
2	4316.820878019654
1	4340.506543877282
1	4398.516245215569
2	4436.425489438287
2	4484.25068858271
1	4586.334420388021
2	4603.886187343275
1	4636.686041297306
1	4656.493191528076
1	4714.333381954953
1	4730.725127861009
