2	125.03123135385538
2	242.29203800676018
2	289.1388196040031
1	461.1240207701271
1	489.7088709925451
1	509.3836286170895
2	570.6205420862906
1	619.6224615852134
2	1110.003533595611
1	1160.3803617130047
1	1171.626997170357
1	1389.254484775818
1	1429.3856155745543
2	1696.2467852403147
1	1705.3476570256666
1	1721.2369700128697
1	1834.4201543292252
1	1972.3198493273565
2	2329.4026241559554
2	2399.801741384879
2	2423.32426380502
2	2446.646479556834
1	2493.3345678435676
1	2501.363235161644
1	2542.584455096925
1	2881.6791044479223
1	2894.4237667999587
1	2973.5852874883103
1	3053.482803187532
1	3111.65624905237
1	3189.330906927075
2	3197.0858755986706
1	3339.6119235155643
2	3478.472210456906
1	3514.4645526577406
1	3641.489313778437
2	3642.6799365484503
2	3783.323914082861
1	3786.338262564814
2	3877.166824997091
2	4041.3553670445544
1	4190.549723145
1	4340.308900821736
1	4398.2534882827285
2	4439.985648574135
2	4486.925768249418
1	4636.584420313994
1	4656.248484183416
1	4714.620470919826
1	4730.621306121706
