1	80.60106182506765
2	116.23297558004283
2	116.28623799456443
2	116.33655725985064
2	116.34603991162308
2	116.38536185614024
1	120.42172790610194
2	140.33372985595446
2	140.43774026189598
2	140.60258435274224
2	140.65902616950103
2	140.71222682693224
2	140.80763526575285
2	140.8114601132939
2	140.88455237684138
2	140.98239132403324
2	141.01598803850234
2	141.07218211373268
2	141.07755628709637
1	150.7382504981155
1	150.83870542799397
1	150.92121059809955
1	160.54126884310875
2	164.1967308586483
2	164.2929823054771
2	164.33470296975273
2	164.52487456797346
2	164.61470941763267
2	164.63599994890043
2	164.71254134141282
1	180.8334306171007
2	188.35618434051077
1	200.61177022303724
1	200.82716014009597
1	201.3326204245862
2	212.2570008008711
2	236.316238438823
1	250.56041140387694
1	250.84417799807247
2	260.261411744046
2	284.20985011030047
2	284.2974401713488
