2	114.83301271701741
2	133.45330202546165
2	187.95449650427
2	229.15346669785794
2	231.42621478486035
2	231.50305793369327
2	235.71951661993575
2	253.04179038272557
2	259.5500425578631
1	461.3565501259968
1	489.64269892438523
1	509.196154820138
1	509.2234648680022
1	509.4114616715173
1	511.0683759354933
1	511.2241093624238
1	539.6213110344432
1	539.7510249553729
2	540.1126194313769
2	545.8225712203304
2	552.129729651267
1	619.2489083950753
1	669.5688532593729
1	669.5760407078373
2	1094.4676601079557
2	1106.0997328333901
1	1110.4421051227093
1	1110.6361193183152
2	1114.2993825708993
1	1121.492595445913
2	1138.226102634474
1	1160.4168666072903
1	1171.8603369912767
1	1171.938509495455
1	1172.0330061470838
1	1389.1429191222342
1	1389.3633196016103
1	1389.431777541685
1	1429.320181442122
1	1429.3778425676637
1	1429.4844213773754
2	1643.1807659404299
2	1660.12323553763
2	1664.502377476778
1	1671.0797514337175
1	1705.3035529669967
1	1705.3962565104653
1	1705.5961189941627
1	1721.3552560850076
1	1721.4239172713085
1	1721.4848009417362
1	1784.2771005256054
2	1808.023310154648
1	1834.557635140109
1	1834.6163559065008
1	1834.7038987536991
1	1922.306198555003
2	1951.5124309969399
1	1972.4138401068924
1	1972.5781246288122
1	1972.6700225252014
2	2330.725385262389
2	2334.346281012216
2	2334.967783765933
2	2388.9516916234434
2	2406.1025130275775
2	2406.4620407810385
2	2418.126282978135
2	2429.9742136040372
2	2430.353027433171
2	2447.2934240698423
2	2453.8818326939318
2	2454.3156914131664
1	2492.5538652502482
1	2493.4389708772173
1	2501.455109117582
2	2525.6996291543574
1	2542.6361986351353
1	2542.6797538227756
1	2542.7756612081653
1	2543.2275786589394
1	2543.3186296781455
1	2551.240695500585
1	2551.30870701679
1	2881.717379296724
1	2894.616544542211
1	2931.6454661110256
1	2931.711284785643
1	2944.25567324444
1	2944.358138694263
1	2973.2708670558645
1	3003.417508590877
2	3004.1736154409878
1	3023.491569371435
1	3023.539253886155
1	3053.6052754934854
1	3053.7958656979263
1	3053.853562069306
1	3111.2323912619586
1	3161.700347847325
1	3161.7299213534975
2	3171.577507445845
1	3189.3241204048286
1	3189.3947517369998
1	3189.585363818456
2	3193.7023818842595
2	3205.3519932219915
1	3289.530968610798
2	3315.1087881359194
1	3339.736780163346
1	3339.7668935563656
1	3339.816260929548
2	3458.6953082384935
1	3464.2875154354992
2	3467.770104987904
2	3479.995428024707
2	3482.6473643672107
1	3514.5725649323563
1	3514.775234848337
1	3514.8437885970375
2	3551.605765155628
2	3554.3178795432873
2	3555.3092668899353
1	3591.4391664103678
2	3626.0832935513695
1	3641.6501496546125
1	3641.84996054171
1	3641.8514653836983
1	3736.229773136902
2	3745.728491370692
1	3786.467657867231
1	3786.5983043599713
1	3786.622926534009
2	3788.49431017456
2	3790.100676872017
2	3793.57510300021
2	3813.9856098712607
2	3841.3953803528548
2	3846.8197080940217
2	4028.651632993873
2	4032.80112082707
2	4050.957923934083
1	4190.15224771017
1	4240.499652930048
1	4240.55657704837
1	4290.412674295554
2	4319.856137334077
1	4340.467831213168
1	4340.625353444546
1	4340.695875943946
1	4398.231104428405
1	4398.4835748734895
1	4398.513850099112
2	4439.537375917668
2	4458.09083038067
2	4459.0764645884865
2	4481.920827721529
2	4487.334891527213
2	4488.276833891736
1	4586.309962726102
2	4606.997515987952
1	4636.602574742052
1	4636.828824943039
1	4636.905811176955
1	4656.496230286718
1	4656.537891205728
1	4656.58703871809
1	4714.313414746156
1	4730.7404625361605
1	4764.6792127067565
1	4764.70497040264
1	4780.546498849794
1	4780.605348199188
