1	80.2319118154312
2	128.0279374610396
2	128.03212925193208
2	151.2556471642702
2	151.29342497559145
2	151.34601068892397
2	151.42997740862504
2	151.5563063828159
2	151.60631453352167
2	151.67114276504216
2	151.7295983665466
2	151.78245766820658
2	151.84534690208454
1	160.3377124372907
2	174.39916380074976
2	174.41212288812227
2	174.4891611867507
2	174.5426643944611
2	174.65940211758516
2	174.83577509460895
1	180.640806994927
2	197.6961884192243
2	197.72725125759067
2	197.768620660225
1	200.14734147121084
1	200.2863837258742
1	201.21414111108035
2	244.04542290710316
2	244.14149773325278
2	244.1876036296324
1	250.3462381974035
1	250.5265528904935
1	250.66091025029317
2	267.2615241552499
2	290.5144214784693
2	290.60491478111277
