2	126.53024731493721
2	217.95728433336717
2	263.70982420860776
1	509.5871671010575
1	511.16180126527615
1	539.7271275598614
2	560.8380633052975
1	669.7313794723653
2	1109.5626058320497
1	1160.6359069864473
1	1172.0970598101974
1	1389.5343098827286
1	1429.6966722399648
2	1681.0901118114903
1	1705.7538384083468
1	1721.4633201669305
1	1834.7619503334183
1	1972.6116273652137
2	2344.065590391004
2	2412.568543845924
2	2412.5816058853766
2	2458.314559597494
1	2542.860553707631
1	2543.405362348866
1	2551.358905224953
1	2931.753034022995
1	2944.4191964054125
1	3023.6250596001373
1	3053.943396620798
1	3161.73725175174
1	3189.728023593697
2	3189.8920929037495
1	3339.9197271142825
2	3464.17003193012
1	3514.9314829345476
2	3555.66842653003
1	3641.9906371709912
1	3786.6522720059565
2	3807.108593619741
2	3852.85918081081
2	4035.6951326633152
1	4240.647301023957
1	4340.809805365395
1	4398.595181066522
2	4447.187315173354
2	4492.902525391626
1	4636.8675088749205
1	4656.553926185521
1	4764.754566948057
1	4780.617025286377
