2	124.26588904820295
2	184.94167174350937
2	193.40752399570985
2	232.6595541123838
2	256.5530280109497
2	262.4969412298593
1	509.1641311048781
1	509.3120616203332
1	511.15432701543455
1	511.2282972663691
2	538.974590167219
1	539.6022448861113
1	539.7077895044146
2	542.7974942119536
1	619.219677113248
1	669.4949457597708
1	669.5106925183347
2	1091.498014743337
2	1092.0950401148366
1	1110.4293412171276
1	1121.453085423099
1	1160.4096349187905
1	1171.7968049121912
1	1171.942742627644
1	1389.1689925778512
1	1389.232029751058
1	1429.269618035604
1	1429.379096767304
2	1640.1347638435589
2	1645.0943549191877
1	1671.170337103417
1	1705.3238526975078
1	1705.412356368482
1	1721.317656674174
1	1721.3711769106576
1	1784.2343041763868
1	1834.5626618011916
1	1834.5673722279114
1	1922.179959291115
1	1972.5643654406563
1	1972.6841320248518
2	2331.9491069879496
2	2336.376882966736
2	2403.521336190321
2	2405.5111508948266
2	2405.570982448231
2	2427.4133916517035
2	2428.548295183309
2	2451.2889576814473
2	2477.6106377586593
1	2492.4921045339815
1	2542.718017530605
1	2542.770755996335
1	2543.2093892084986
1	2543.323277650865
1	2551.2675352946585
1	2551.336411988685
1	2931.623281345819
1	2931.6237222557097
1	2944.3135493372674
1	2944.431734698823
1	2973.1755740319436
1	3003.46375408176
1	3023.4795898185953
1	3023.531963622145
1	3053.749021818464
1	3053.8594514811657
1	3111.2579559926653
1	3161.703864194589
1	3161.7756214125293
2	3189.0126206965774
1	3189.3187565811404
1	3189.45410705568
2	3190.8050965403813
1	3289.439323218861
1	3339.772846437484
1	3339.86219373475
2	3458.3608907312905
1	3464.3200349307854
2	3465.464014694709
2	3477.041096874617
1	3514.8391055857537
1	3514.917877277874
2	3548.540071869002
2	3557.6125632807916
1	3591.3236700102984
1	3641.843235246927
1	3641.855087011675
1	3736.2480698024237
1	3786.609145038205
1	3786.609321253738
2	3787.13172245183
2	3788.0886243072346
2	3834.1340872217397
2	3834.8148920989997
2	3888.9969518336666
2	4025.7393528786006
2	4032.492377159778
2	4041.532329009503
1	4190.188643736605
1	4240.470422965778
1	4240.544971073678
1	4290.412424574699
1	4340.636280742764
1	4340.666534720328
1	4398.232545683091
1	4398.397252693148
2	4455.065531924423
2	4456.36350950954
2	4463.109870029182
2	4478.912060796302
2	4479.426202527856
2	4487.098822932504
1	4586.306244720147
1	4636.819958492686
1	4636.898832242704
1	4656.46610713918
1	4656.532730097637
1	4714.211877073273
1	4764.631659914418
1	4764.64052415937
1	4780.549365213774
1	4780.6487148399565
