1	80.44996481088057
2	112.5054450176407
2	112.52139468310402
2	112.54781546345396
2	112.61934240745244
2	112.65607950293379
1	120.59182451467605
2	141.88152757054124
2	141.94941450555038
2	141.97636225626889
2	142.0233875739714
2	142.05373817944823
2	142.10441552231762
2	142.16396688510454
2	142.2207863877619
2	142.28182115534102
2	142.33781380130998
2	142.36692948997816
1	150.47207950772687
1	150.59232985629214
1	151.30513877155676
1	160.48046236267777
2	171.25524301063663
2	171.32755105129218
2	171.329006982024
2	171.5188796346677
2	171.54746705138706
2	171.6060022564832
2	171.62292885059435
2	171.6560823423672
1	180.85005446483737
1	200.51392992154376
2	200.68081411778667
1	200.8381891211462
1	201.40401449777417
2	229.8904897287919
2	229.95317350547785
1	250.51943226821948
1	250.76890552381496
2	288.65581663646077
2	288.66509855885704
2	288.6755567012525
