1	80.50895241205843
2	133.14286180830058
2	133.26511410268412
2	133.34566550063488
2	133.3561716201485
2	133.4414040568963
2	133.54084094466043
2	133.5599907248219
2	133.60965635447636
2	133.68028074119096
2	133.6935155054654
2	133.6940859116309
1	150.67254314274854
1	150.73159262779708
1	150.85387347769117
2	156.46860045091412
2	156.57761889861328
2	156.74196757951577
2	156.83532540594337
2	156.8711421525836
2	156.94023841262836
2	156.99806948276589
2	157.07707294500378
1	160.647612868928
2	179.8998078692878
2	179.99275687816035
2	180.00382368659004
2	180.06967257654952
1	180.79902458905957
1	201.05397623621664
2	203.2266295928753
2	226.43874372783088
2	226.6036179136122
1	230.6870066158646
2	249.78312891257585
1	250.23851887456652
1	250.46785900178662
1	251.0649940316705
1	251.1801216309516
2	273.1332318506875
2	273.20929507340554
2	273.21483329793966
