1	80.4017811659173
2	105.68415541490295
2	105.72828051000337
2	105.81083420717995
2	105.83380847120115
2	105.90915703272141
1	110.67829779715109
1	120.35899411504886
2	129.56559495340647
2	129.57835540431745
2	129.7217182179653
2	129.80138317311176
2	129.9189273791288
2	129.95563344992664
2	129.96756352042362
2	130.01732753242746
2	130.04528263623834
1	150.37188298968812
1	150.43537244965597
1	150.4634974206944
2	153.50700235530692
2	153.56381195131493
2	153.6663951619142
2	153.77560720279791
2	153.77886569313887
2	153.81939993363133
2	153.88498078737538
1	160.3681675686653
2	177.51308090643795
2	177.6128395910359
2	177.64607550655725
2	177.6754737096386
1	180.7160082768718
1	200.37749996364911
1	200.44849387058406
1	200.98219346979022
1	201.31759759532588
2	201.3789145658174
2	201.4212471439886
2	225.29713238219588
2	249.31127031788716
2	249.44291156071603
1	250.55922562637696
1	250.65350838839868
2	273.1906914945894
2	273.26905697424706
