2	110.09165689068783
2	112.45829129666085
2	116.5844612888377
2	229.32747668673474
2	235.7266645541526
2	235.8086672137216
2	249.39778203003598
2	249.43725511219532
2	253.22093281557756
1	459.2403936158112
1	459.29314536490557
1	461.12974298891703
1	461.1942994269003
1	489.6007184904416
1	489.62222415816296
1	509.23743554843907
1	511.2070486501017
2	539.4304347655357
1	539.7694523153463
2	545.3647691352415
2	546.1382425677024
1	619.4614881532269
1	619.6165483774702
1	669.5785642531987
2	1093.2103010295366
2	1093.8824516893706
1	1110.350462185766
1	1110.4618148568345
1	1110.5605518080197
2	1111.814460041047
1	1121.7687562557298
1	1121.854687369804
1	1171.8868836538625
1	1379.2976809838453
1	1379.3466506329232
1	1389.1336002953576
1	1389.2765651122384
1	1389.3350611523374
1	1429.3871375162912
2	1636.50575407077
2	1641.152412257937
2	1641.657605715406
1	1671.3790154318415
1	1671.4904259396496
1	1705.180454889591
1	1705.2451730802115
1	1705.3803866936087
1	1721.334504924933
1	1784.4854402612448
1	1784.538441558338
1	1834.60671825985
1	1922.4760071323212
1	1922.6069686440076
1	1972.5410311255448
2	2326.3335083923953
2	2328.2035758662723
2	2331.858424572628
2	2399.7684320077083
2	2399.806308780449
2	2403.380481613477
2	2403.4013942011716
2	2417.6701275131873
2	2417.694946578272
2	2423.6055535949904
2	2427.2131747775734
2	2440.528582959525
1	2492.7412766910643
1	2492.8576692502816
1	2493.183190032647
1	2493.202864094381
1	2501.2948283713317
1	2501.375871354403
1	2542.6967004340936
1	2543.2998222819847
1	2551.232067548879
1	2881.5508746110586
1	2881.591520372849
1	2894.3148207390504
1	2894.3469772674907
1	2931.5947306810867
1	2944.3897056025908
1	2973.5198190231686
1	2973.63065785659
1	3003.8715377587446
1	3003.9423967623457
1	3023.58095296488
1	3053.8319011340627
1	3111.636226508345
1	3111.6934876940195
1	3161.7543573856005
2	3186.8640493258545
1	3189.261751947569
1	3189.3516389976025
1	3189.4127739241435
2	3189.447412578551
2	3193.6765756842847
1	3289.7379014964417
1	3289.794618904024
1	3339.8277927741633
2	3444.760233076094
2	3451.479575181589
1	3464.8379613974894
1	3464.8919025556393
2	3472.996313439028
1	3514.8868452127995
2	3546.7595187167008
2	3558.8500471884904
2	3568.439130138995
1	3591.8212309999926
1	3591.891855970338
1	3641.9294942329743
1	3736.494183790629
1	3736.564871386242
2	3783.075800094693
2	3784.9770244157708
1	3786.610477726207
2	3787.1089284947234
2	3830.826817161089
2	3832.565147523948
2	3855.5754566771266
2	4021.5721713834546
2	4023.128495521772
2	4038.1590682167025
1	4190.47084843319
1	4190.49581535257
1	4240.579637622862
1	4290.642014554245
1	4290.69022517737
1	4340.724210139946
1	4398.130656055356
1	4398.255141266754
1	4398.282282253506
2	4450.927231544994
2	4451.966512727357
2	4471.88608928915
2	4474.758603064756
2	4475.742932414074
2	4494.632652960982
1	4586.807403822521
1	4586.87752819706
1	4606.480251096259
1	4606.591728166998
1	4636.895856975188
1	4656.4912376630555
1	4714.51704689396
1	4714.621274257947
1	4730.51719650754
1	4730.518721788549
1	4764.647206796372
1	4780.629375743809
