1	80.21399591314565
1	80.42985890234111
1	110.50600050727549
2	111.79905400755507
2	111.83305051410345
2	111.85558231440902
2	111.91628197793322
2	111.95681291351761
2	115.6974849042858
2	115.74964713960682
2	115.8391478906473
2	115.86653545765442
2	115.89908162698191
2	115.91412334515239
2	115.98952132158665
2	116.06702003899336
2	116.09334796893485
1	120.33203890160986
1	120.60775335718843
2	134.8111832731821
2	134.8666831242424
2	134.97514250940216
2	134.99474080129352
2	135.02422538998093
2	135.0389136813077
2	135.1328578331764
2	135.14089589315915
2	139.46786130372166
2	139.54868356542556
2	139.5498980647643
2	139.56629357789132
2	139.69869385086358
2	139.7948991352496
2	139.8916992730562
2	139.93638054738884
2	140.00471197121345
1	150.06578581151538
1	150.19456393705786
1	150.2515138399938
1	150.28354231716426
1	150.4779435664506
2	157.74717736992864
2	157.9398235374683
2	157.94925357157643
2	158.0634971902662
2	158.10150862281873
2	158.17986452363053
1	160.36752266563286
2	163.43178783997726
2	163.61205447183707
2	163.61653496619857
2	163.66541928019308
2	180.54950560416387
2	180.62426892565807
2	180.63954129505782
2	180.73839972653798
1	180.77561730918336
1	180.82239001976635
2	187.22898537114966
1	200.0432896956336
1	200.2683502343718
1	200.33940675385534
1	200.89823131445135
1	201.20368886636774
1	201.26017401209032
2	203.46870865536155
2	203.51127432258235
2	211.01214709057845
2	226.4417270306852
2	234.8086248692353
2	249.35000108670536
1	250.33644733059916
1	250.47442866297436
1	250.63320722096762
1	250.6810278519972
2	258.62145942823156
2	272.2075521324168
2	272.25713759972086
2	272.33665070307643
2	282.4790810232602
2	282.50991918268227
