2	139.9400353883243
2	226.62065267212392
2	255.55021164430934
1	509.4588932296144
1	511.1816755319651
1	539.6695961260757
2	544.4886363444209
1	669.5558486336863
2	1122.5341798053355
1	1160.5187058862793
1	1171.9258261120674
1	1389.43448069443
1	1429.5848474726508
2	1671.5808073770365
1	1705.663669202928
1	1721.4029930001386
1	1834.7675163872302
1	1972.612078444071
2	2336.2792502535835
2	2394.0920268501595
2	2394.1787611764025
2	2422.9590320392726
1	2542.8324500238004
1	2543.3266486977423
1	2551.3469984152994
1	2931.640199729168
1	2944.372630401373
1	3023.5743004142364
1	3053.858718788278
1	3161.7088718885734
1	3189.5642470970038
2	3203.29613517943
1	3339.8700233476907
2	3463.3599074591675
1	3514.8599528685054
2	3550.0728422169777
1	3641.8934319221175
2	3781.3393735426675
1	3786.562823905628
2	3839.129316544483
2	4041.4369730993444
1	4240.447964323168
1	4340.629228401544
1	4398.7439392513015
2	4445.986720685433
2	4474.863040605945
1	4636.907921884357
1	4656.632467875009
1	4764.705143321494
1	4780.526906331018
