2	118.0820882270628
2	234.71354796424995
2	234.76716454116743
1	509.22939047193984
1	511.2292091531204
1	539.7393034742828
2	555.4177052663723
1	669.5453811093652
2	1109.3765147596469
1	1110.6796402935795
1	1171.8694361404748
1	1389.3986505345351
1	1429.3859465956748
2	1663.3963568450893
1	1671.1881199162744
2	1692.4949080977058
1	1705.3724136394765
1	1721.4260769185728
1	1834.570407892436
1	1972.5665857781464
2	2333.982095156688
2	2392.314497963361
2	2421.447408724575
2	2450.573426352767
1	2542.688202414153
1	2543.2567160664576
1	2551.312871583539
1	2931.60015893688
1	2944.3818190779266
1	3023.4939334622704
1	3053.893881956662
1	3161.7484888298895
1	3189.414356570722
2	3208.7085183163645
1	3339.818808145431
2	3471.11114378741
1	3514.833539447575
2	3558.620982513964
1	3641.8668746922635
1	3786.649344511248
2	3791.813014451128
2	3850.0694113943664
2	4054.2203429286747
1	4240.445764003552
1	4340.644237271283
1	4398.427605421224
2	4462.384740751329
2	4491.505409926161
1	4636.802382676314
1	4656.501973835604
1	4764.62581913546
1	4780.5800032191055
