2	129.51751955869437
2	221.5355028460597
2	290.59900233866557
1	461.1208107268186
1	489.6958626990023
1	509.31107091232326
2	543.593220008116
1	619.6985346791414
2	1118.5877860458445
1	1160.4091253710183
1	1171.6875925027514
1	1389.1798908161136
1	1429.3452097282423
2	1693.5859853659308
1	1705.324200844516
1	1721.2013548496168
1	1834.494454177641
1	1972.2803983849187
2	2337.545135239522
2	2406.5652531600917
2	2429.5722068140512
2	2452.6090796066883
1	2493.3610425735965
1	2501.3745570540914
1	2542.519231785145
1	2881.6564542021943
1	2894.3303127401423
1	2973.5789343098927
1	3053.4942486926534
1	3111.7079097796372
2	3188.604173707611
1	3189.289796310789
1	3339.5064841266885
2	3464.559615335539
1	3514.4391776800803
1	3641.6435058285506
2	3648.5711897780448
1	3786.3191693735675
2	3809.604320999745
2	3878.588851830794
2	4039.5686000518267
1	4190.481502896832
1	4340.314797715546
1	4398.255392097157
2	4453.519590561621
2	4499.588706893284
1	4636.61777155104
1	4656.299069824472
1	4714.6584814167945
1	4730.625990561135
