1	80.74033063580747
2	114.25614246947522
2	114.31903399993378
2	114.36974208732055
2	114.39517113149442
2	114.46849395916674
2	114.50023278527195
2	114.50733748874366
2	114.59818844642348
1	120.2285055626309
1	120.89120871072464
2	137.48830022214972
2	137.57178052655303
2	137.75900332407002
2	137.8762932313622
2	137.88339188413124
2	137.89774432260535
1	150.53691774592778
1	150.81959478920885
1	150.9032575552994
2	160.54218823190615
2	160.55292532567665
2	160.6225779059908
2	160.7263760381863
2	160.86609614170075
2	160.90173949327993
2	161.02693541078435
2	161.1180901970197
1	161.20730274602263
1	180.98345242424043
2	183.68806130265602
2	183.78075263212475
2	183.78399032736834
1	201.00620664121817
1	201.44862629546367
2	206.72527323620454
2	206.74441662855492
2	229.95485412135903
2	229.96108538124597
2	230.0105989674404
1	230.68221868670108
1	250.39975406445967
1	250.68074917600293
1	251.16759009266897
1	251.25184389044503
2	252.89579919214043
2	276.06323260101163
2	299.17247482481173
