2	116.81459232875486
2	233.8909576523595
2	233.89934064509524
1	509.58863299244894
1	511.24454465243366
1	539.7616557995682
2	561.5009149918997
1	669.6274651166109
2	1099.7806670416596
1	1160.702220653377
1	1172.0630641570417
1	1389.503864820591
1	1429.6686602508591
2	1661.476366485382
1	1705.8685267714316
1	1721.6350041563724
1	1834.7613114881508
1	1972.763893233725
2	2340.2074007901056
2	2410.3970303743836
2	2410.458431745801
2	2433.812974222641
1	2492.828845101694
2	2504.062159498747
1	2542.7645181624493
1	2543.4687620133177
1	2551.431533931519
1	2931.696302691313
1	2944.5786530684372
1	3023.7065162300955
1	3054.046437461698
1	3161.912107116856
1	3189.742749846568
2	3206.183480159568
1	3339.979337331908
2	3463.5661938732137
1	3515.0443896941465
2	3557.262003968672
1	3591.206979020154
2	3627.376576363557
1	3642.063912430684
1	3786.751117730395
2	3791.2295487035703
2	3838.086592264561
2	4001.8507244792736
1	4240.668817268022
1	4340.871374529184
1	4398.724591279312
2	4446.509657785366
2	4469.971284649083
1	4637.062991788133
1	4656.694497731989
1	4764.770891973021
1	4780.75405387779
