1	80.16942593463706
1	110.55821012929333
2	115.17848183527906
2	115.25987095742812
2	115.35948644446988
2	115.45049812226678
2	115.4599170375107
2	115.48421094065263
2	115.50445245503015
2	115.55359743329493
2	115.56754831943427
1	120.41222704397849
2	138.93013073207015
2	138.98515595433352
2	139.02112622675392
2	139.07120830588167
2	139.09206966630006
2	139.2077421360311
2	139.27167123533138
2	139.30951182511842
2	139.34397923019387
1	150.1353233825246
1	150.23950906358888
1	150.25520981516405
2	162.94772942190136
2	163.2002477224592
2	163.28251604903758
2	163.32526572870086
1	180.62799319979266
2	186.67390427325327
1	200.10386171301232
1	200.91804117229606
1	201.16009181039243
2	210.40683631895777
2	234.26249601066604
1	250.39146669718497
2	258.1006492331731
2	281.89776656352734
2	281.9525508198004
