1	80.14801621262407
1	80.24718153046315
1	80.3846321982403
2	94.3239345833426
2	110.46711656724443
1	110.61033860389597
2	116.77694689956802
2	116.86831415947375
2	116.90590124636239
2	116.92490981434675
2	116.9700202097906
2	117.07911629667763
2	119.0289115099915
2	119.05728519025003
1	120.11346880853381
1	120.34079848419813
1	120.42223571909166
2	122.43741855573847
2	122.47973056650343
2	122.54358848089991
2	122.54806443046026
2	122.5732000393446
2	122.62616611756891
2	122.65803497306639
2	122.69246497829914
2	122.75149263425321
2	122.8371078018529
2	122.83719180352611
2	122.92285731522874
2	123.02248268054103
2	133.95935434836986
2	134.0137047287555
2	134.03618884954287
2	134.09513770927992
2	134.1339873227084
2	134.21577048829468
2	134.25305171985423
2	134.2553929129351
2	134.33836531455353
2	134.4065332924128
2	134.41263699224777
2	140.66075419659495
2	140.76119479530254
2	140.77070900994065
2	140.83969439160833
2	140.91789427598712
2	140.97150884923553
2	141.01516479858785
2	141.1114753757129
2	141.16892735860142
2	146.2580141321686
2	146.39616319902643
2	146.4357806271028
2	146.51698580163807
2	146.58633716553373
1	150.07188383437142
1	150.11915300527656
1	150.2192932293604
1	150.29534602931776
1	150.29752520345656
1	150.3532211640819
1	150.3766940203249
1	150.37695534301986
2	157.4989746262402
2	157.66234600141004
2	157.68301034912423
2	157.76253045838035
2	157.84259742869764
2	158.07295165429446
2	158.1418750068135
1	160.2579587465759
1	160.27052056435673
2	164.51372021512375
2	164.57824998383958
2	164.815199550506
2	164.8228464209342
2	164.8253027096475
2	164.87264090773266
2	170.0910825191756
2	170.1380116610475
2	170.21275943787512
2	170.2145958527498
1	180.56777836521047
1	180.63920506789214
1	180.71438131114888
2	181.11048020325526
2	181.1926945031034
2	181.19835314831292
2	181.28892256928734
2	181.2893533651909
2	188.307771543799
2	188.31960713118048
2	193.9708029164012
1	200.05067609111506
1	200.18893670849002
1	200.28825179213987
1	200.33701310776425
1	200.4162248037801
1	200.9089831573932
1	201.18010015599805
1	201.27454526205636
1	201.2984616492917
2	204.44565754596823
2	212.18719559442755
2	212.32246865738443
2	212.49742245551275
2	217.79049178259362
2	217.8274314664135
2	227.89702942232736
2	228.01596736961037
1	250.30440900603745
1	250.38315587743207
1	250.4128585484967
1	250.46468804108068
1	250.57354814177435
2	251.37483655457103
2	259.792714653057
2	265.50736342476284
2	265.55121122358867
2	265.5636072574995
2	274.77453207271316
2	283.6296866909207
2	283.69742398595
2	298.2947359700574
