2	107.4868561711392
2	116.8886763367403
2	148.56886466388465
2	220.47733271601368
2	236.2419761224213
2	251.49572587265024
2	251.55136579471835
2	260.10770842873166
2	268.3792550663108
1	459.40513084120374
1	461.1353310384277
1	461.1533853971605
1	461.2402657078439
1	489.5976540913725
1	489.65245250579767
1	489.7576060117267
1	509.3073969242904
1	509.46136365968107
2	539.5663893199999
2	546.4455769579272
2	556.0485184182877
1	619.5435224563133
1	619.5822296534861
1	619.7335785075588
2	1094.7084859034023
2	1107.383419689849
1	1110.3888804902042
2	1115.4953419608414
2	1119.2670832749982
1	1121.8512985493471
1	1160.3001777041186
1	1160.4273687329676
1	1171.5931677864462
1	1171.7951946534236
1	1379.3240367594212
1	1389.2749666245531
1	1389.3701932063557
1	1389.4206195599133
1	1429.3843660662333
1	1429.4584573591962
2	1644.2464243275165
2	1662.7436394775618
1	1671.5083394640783
2	1682.634205695422
1	1705.23959777263
1	1705.3029636720148
1	1705.3969751476113
1	1721.3018348065368
1	1721.330349020114
1	1784.6004082439465
1	1834.3518851086442
1	1834.4208473348272
1	1922.5605215207493
1	1972.2536036645672
1	1972.3252144974751
2	2305.86878239066
2	2325.180047344613
2	2336.375768051614
2	2401.671388349751
2	2407.956708297557
2	2411.5228808917595
2	2411.5693822210465
2	2425.6611920822743
2	2431.8464221665386
2	2431.8905961498167
2	2440.314480615914
2	2449.610865023685
1	2492.6684993942513
1	2493.2434463083778
1	2493.3395409896816
1	2493.503985840124
1	2501.281524491018
1	2501.347998792211
1	2501.4903853711025
1	2542.4711389855
1	2542.5848392168473
1	2881.6343563167684
1	2881.7170683305567
1	2881.7430118390453
1	2894.293555140966
1	2894.3436732867362
1	2894.4882042546756
1	2973.515623296967
1	2973.6124656213615
1	2973.6154182600467
1	3003.934534886912
1	3053.4130657042897
1	3053.565908021747
1	3111.1594755440383
1	3111.606840706201
2	3189.1253733125745
1	3189.3504619880837
1	3189.37993069893
1	3189.515075548189
2	3192.689018239838
2	3195.5607560326794
1	3289.8480660902496
1	3339.3746275112285
1	3339.4787271110326
2	3456.3427498246406
2	3458.075447097959
1	3464.8939961489386
2	3477.156419157312
1	3514.423430459703
1	3514.5130402887235
2	3563.530886844238
1	3591.876797639679
2	3600.1854330490246
2	3601.264500439482
1	3641.58926297108
1	3641.710065283302
1	3736.594474998624
1	3786.327993849306
1	3786.449805110078
2	3792.157516244507
2	3793.9924823640436
2	3815.880343228264
2	3851.5740162036627
2	3863.7900610673187
2	3863.822103843227
2	4024.340349132625
2	4030.808590827859
2	4031.6381992914353
1	4190.468874938391
1	4190.524532827691
1	4190.592920843526
1	4290.662899019646
1	4340.267652441167
1	4340.469120810266
1	4398.168208282792
1	4398.213388492557
1	4398.406358643175
2	4439.088676552038
2	4456.403109077859
2	4460.407342596713
2	4485.134972669238
2	4487.115058953896
2	4508.092552617258
1	4586.829326293239
1	4606.532795551397
1	4636.490271844281
1	4636.578223812965
1	4656.305467528143
1	4656.47450963579
1	4714.583743851914
1	4714.637865579011
1	4714.83658411853
1	4730.599903217953
1	4730.630853847882
1	4730.6948920870545
