1	80.58224337193364
2	108.25283800284575
2	131.3962653610011
2	131.4315871244573
2	131.43721060561364
2	131.4718475414563
2	131.5547667023853
2	131.59681874642766
2	131.61319879770326
2	131.61898735174748
2	131.70328018975536
2	131.79300583848678
1	150.16369811354755
1	150.92066698933635
1	150.9349743508984
2	154.67912903505058
2	154.7532623906644
2	154.844221476571
2	154.9168082141574
2	155.00785910504328
2	155.04611857076347
2	155.09879093788055
2	155.10320260527465
2	155.16636185238343
1	160.69770641446857
2	177.6958663710314
2	177.8875557322369
2	178.07083503706147
1	180.81359361671045
1	200.80925290091463
2	201.09746660350112
2	201.1517846627524
2	223.95898909279282
1	230.70372244146887
2	247.13691613264365
1	250.1934794086909
1	250.59958004021718
1	251.03173409005404
1	251.2256290719017
2	270.2713505828042
2	270.35041436643996
2	270.3683900053382
