2	160.0286305707841
2	231.7296309181889
2	255.6030314390348
1	461.1937846894264
1	489.6888506853342
1	509.4025530947108
2	542.5278186083873
1	619.5968055586845
2	1092.4609282881217
1	1160.3643794070765
1	1171.7239783562452
1	1389.330327964127
1	1429.352976139906
2	1666.2990698356894
1	1705.2998550405734
1	1721.2772480738925
1	1834.3996526200037
1	1972.3344137396061
2	2335.6765033925913
2	2407.4426986339695
2	2431.3109594453736
2	2455.2809311644137
1	2493.291656427875
1	2501.3896570955167
1	2542.4425800616687
1	2881.64695072734
1	2894.30220923305
1	2973.586950484453
1	3053.5341805850867
1	3111.394031517825
1	3189.374299936223
2	3196.4452505788236
1	3339.4530408055075
2	3483.394437105083
1	3514.5266581946216
2	3626.888368765949
1	3641.577976144473
1	3786.310278579271
2	3794.2211077206716
2	3889.7749281344213
2	4033.269059987698
1	4190.490752144233
1	4340.2708910785805
1	4398.172845134026
2	4463.592904669965
2	4511.480996461187
1	4606.263610269507
2	4631.004270830912
1	4636.52580568419
1	4656.400665559493
1	4714.6861388388215
1	4730.283106453859
