1	80.12416389050196
1	80.57250840254228
2	107.359461464281
2	111.23887046344889
2	111.25245588835439
2	111.2869947161579
1	120.41797243220607
1	120.48510134972256
2	131.42596659957064
2	131.5231451864929
2	131.53411863379162
2	131.54935274519227
2	131.5854876594027
2	131.698388984363
2	131.7762694594039
2	131.78735586888763
2	135.13774759507683
2	135.19900447765318
2	135.24393100255446
2	135.33184378239295
2	135.3956212328758
2	135.45991546776088
2	135.56552379559827
2	135.5794027268381
2	135.65201023895648
2	135.71554003138274
2	135.78177188855955
2	135.85845772965877
1	150.09375191658935
1	150.18529611557892
1	150.72523175656534
1	150.8668602994752
2	155.42865388647084
2	155.57588684959873
2	155.62939548778002
2	155.66110151797298
2	155.72611268888946
2	155.75959310786712
2	155.8396682852347
2	155.90140651336228
2	155.99200795576746
2	158.981166944294
2	158.99602389425198
2	159.0910335050375
2	159.13864677670708
2	159.1847819442023
1	160.262524545011
1	160.531195818385
2	179.35465613474105
2	179.48199943485065
2	179.54897749897606
2	179.5848343586794
2	179.61705642446094
1	180.64555981957588
1	180.78781778742825
2	182.85845611753297
2	182.96936391911228
2	183.03112963843296
1	200.06005155432655
1	200.15992790129727
1	200.59309449122958
1	200.87153701978812
1	201.21922968489875
1	201.39821848272027
2	203.52108374182794
2	203.5914748787264
2	206.7501557495252
2	227.55287936670035
2	230.6387346465453
2	230.73247682742948
1	250.38766455029133
1	250.54519441756258
1	250.64509945021666
1	250.84021638325487
2	254.4846190799093
2	275.4442358294838
2	275.5203871648585
2	278.3625812000743
2	278.4511845451289
2	299.4454008359045
