1	80.1090847847851
1	80.16792407916145
1	80.2359459047646
2	86.68420370857935
1	110.39713346222582
2	110.51610118214616
2	110.57016936226945
1	110.68447217373028
2	110.70923274532377
2	110.7888236521259
2	110.88010559312605
2	112.90704999909435
2	112.9675266636421
2	113.00299234711946
2	113.01048335028568
2	113.06331547458889
2	113.20222888372808
1	120.09459281643704
1	120.15612239052817
1	120.20100064418354
1	120.37504696602055
2	121.01210646199638
2	121.03146117517095
2	121.10108603995626
2	121.13248511696722
2	121.15829452856016
2	121.24532720113173
2	121.25143956663663
2	121.29608256268462
2	134.3644456945246
2	134.40941723385336
2	134.4424727910951
2	134.53122307679698
2	134.55440114254014
2	134.5879517412341
2	134.62870078234428
2	134.68619745100918
2	134.7397069159623
2	134.81707059864823
2	134.8182362683783
2	134.87609436014068
2	134.9135572066679
2	134.98692406535392
2	135.06252479791885
2	135.1522575020427
2	135.24973037061582
2	136.79691354213125
2	136.8672765192099
2	136.89809012987274
2	136.95051286137362
2	137.02460891218675
2	137.059077132779
2	137.06205866226486
2	137.1450134839923
2	137.1541352295111
2	142.14977731758796
2	144.82392192455166
2	144.90410483427317
2	144.99130996866748
2	145.05425610881588
2	145.07523158721142
2	145.1359361552367
2	145.20717507797337
2	145.2592264869156
2	145.30015131105597
1	150.12499493005637
1	150.14627681907987
1	150.18750007480236
1	150.2672744821721
1	150.29888154631013
1	150.306449625661
1	150.33397635105052
2	158.18497574063107
2	158.21558014072514
2	158.36878232782865
2	158.4114410517233
2	158.5010167439174
1	160.1932102384185
1	160.47833195552695
2	160.66317668493315
2	160.69679679498856
2	160.83971827278862
2	160.90417155239385
2	160.91234452119443
2	160.9712431342232
2	168.67367527258685
2	168.76239966393814
2	168.793557570102
2	168.88737995521316
1	180.49855356180487
1	180.594345072365
1	180.65934669032308
1	180.75108963093132
2	182.0666025432654
2	182.33679610700307
2	182.42759084254993
2	182.46912004669096
2	182.56604194723215
2	182.5993608572882
2	184.4427114488137
2	184.52704717186913
2	192.47927719968237
1	200.05998980532175
1	200.11132903120316
1	200.12435035783886
1	200.1870218888604
1	200.7572053321089
1	200.88087300742757
1	200.99317865204964
1	201.13874383668025
1	201.19813426530564
2	205.8883078920128
2	205.9873779498875
2	205.99776401189118
2	206.2417435156792
2	208.3345662021589
2	208.38460767826123
2	216.23232518162155
1	230.62103176752046
2	232.10990517209095
2	240.12115443900436
2	240.15593907031945
1	250.0874235649911
1	250.39721767874013
1	250.4332082918796
1	250.49501275826435
1	250.89243837237834
1	251.12965677839284
2	253.5801664624408
2	253.6465506988203
2	255.91919197498262
2	277.4999790200466
2	277.5784310304733
2	279.76513224837134
2	279.82166349081757
2	287.77584079342597
2	287.7897601925002
2	301.2693802576688
