1	80.4793440220107
2	106.57074775876808
2	106.59624718410103
2	106.6905031326734
2	106.73309296162415
2	106.78772211334693
2	106.88439126155315
1	120.404236402959
2	135.51038271109076
2	135.55735367041143
2	135.64680012756318
2	135.69236719454113
2	135.74919705577804
2	135.78393155313853
2	135.8336189726172
2	135.87902256537444
1	150.69552327481904
1	150.84979667365872
1	150.9438069891652
1	160.60706381322393
2	164.32401124054041
2	164.502986874706
2	164.55180013431138
2	164.63839497323212
2	164.7332685629381
2	164.8154167314147
2	164.85227411987333
2	164.9065127089435
2	164.95553950843703
2	164.9638680064586
1	170.1331923403499
1	180.9269250140301
2	193.30136188987294
2	193.37997682591214
1	200.83934778844076
2	222.27308606340955
2	222.40813373924746
1	230.7798034353012
1	250.3386666622631
1	251.04589249628108
1	251.31317603829763
2	279.8830007992235
2	279.94597281779147
2	280.0330124792752
