2	117.68026771593149
2	235.1796254874419
2	235.1817303720604
1	509.5718093289664
1	511.1946745537662
1	539.8141153998117
2	540.7864971136361
1	669.6299176371781
2	1104.7532179763825
1	1160.5367964376844
1	1172.0186801857042
1	1389.4727561909947
1	1429.5713535414018
2	1668.8097787346405
1	1705.6705916592043
1	1721.4810198367884
1	1834.6458313693486
1	1972.6831727165918
2	2326.792635625368
2	2397.338755998992
2	2420.8403977234384
2	2444.309656756448
1	2542.8350091340853
1	2543.373906235003
1	2551.3419898319503
1	2931.6550108909873
1	2944.4258973564943
1	3023.6173775361995
1	3053.8886938057926
1	3161.794409438295
1	3189.693234796697
2	3196.3702966609712
1	3289.432507086958
2	3313.92286802986
1	3339.868547337536
2	3454.9156310092344
1	3464.1968454792272
2	3548.872038970441
1	3641.9348637553585
2	3784.009515685818
1	3786.624480863966
2	3830.9399430729945
2	4042.4692481154934
1	4240.555952996549
1	4340.6991888141465
1	4398.648058181477
2	4441.977984432993
2	4489.016449824823
1	4636.919281468593
1	4656.5647287512775
1	4764.761527927935
1	4780.538917268066
