2	106.11916694836812
2	145.895387402059
2	225.5167768688122
2	238.4976181790585
2	249.4461220984349
2	261.5856638318063
1	461.1698668107057
1	489.6475793116189
1	509.2503351668808
1	509.50692501923555
1	511.26179338829724
2	535.7620558905925
1	539.7774811927901
2	562.5333137847992
1	619.5786449623142
1	669.6537470383996
2	1108.5053889074943
2	1118.006687020667
1	1160.3020481812375
1	1160.7044198225556
1	1171.6686565373416
1	1172.1848557629285
1	1389.2654747822355
1	1389.5353704173576
1	1429.3605433089967
1	1429.6250297553427
2	1657.3809498755186
2	1673.4753217761727
1	1705.269518328694
1	1705.7632903053386
1	1721.2931679664616
1	1721.5494614864122
1	1834.2734275203081
1	1834.6667232878099
1	1972.3241177222471
1	1972.7329438654335
2	2325.661826237441
2	2344.701202513168
2	2397.202779369017
2	2414.073777816263
2	2414.162519410882
2	2421.0552779512714
2	2437.2103570501645
2	2444.951044390286
1	2492.2046320069976
1	2493.177253929498
1	2501.309157928574
1	2542.445841330258
1	2543.451417162743
1	2551.5375269228107
1	2881.6451559251823
1	2894.2582298839757
1	2931.758210570695
1	2944.588375833846
1	2973.515739628065
1	3003.0842419284922
1	3023.728807782017
1	3053.3782741986715
1	3053.859503601334
1	3111.6297223111865
1	3161.874650401671
2	3184.814381178604
1	3189.2922955459094
1	3189.782329698813
2	3201.0689785447667
1	3339.3635833662843
1	3339.9547402597404
2	3471.1846527398325
2	3478.7584039206845
1	3514.3640499228927
1	3515.0967949775304
2	3548.1976312052348
2	3614.3984362229776
1	3641.5329683211053
1	3641.9994915605025
2	3779.663981091665
2	3781.408065455077
1	3786.3429660927545
1	3786.7840757806234
2	3849.0599868241684
2	3876.903750555955
2	4034.2364634504133
2	4043.946406367468
1	4190.45968044025
1	4240.693733809183
1	4340.257890777851
1	4340.839655958347
1	4398.171372981199
1	4398.743937690812
2	4449.6534512352555
2	4473.993600740181
2	4497.126116301827
2	4497.430921230152
1	4586.183240011119
1	4636.507772046378
1	4656.273465386587
1	4656.625988154021
1	4714.612558004582
1	4730.667441769541
1	4764.737241501934
1	4780.694288911155
