1	80.63747207636611
2	119.13323575277312
2	119.20962959439852
2	119.28699887086454
2	119.29444717314817
2	119.32005919214889
2	119.39650625302038
2	119.4400583338418
2	119.45043819680595
2	119.4593419882519
2	119.49131951451858
1	120.23491844339108
1	120.58482393130471
2	148.40236176899623
2	148.50644639629522
2	148.6385843733019
2	148.67920783004342
2	148.682960650295
2	148.7809841226708
2	148.95960602964448
1	150.63162134515233
1	150.85427854425444
1	150.95091494023126
1	160.62475033858829
2	177.8667590987252
2	178.1160877314095
2	178.14281957171318
2	178.23700084605747
2	178.33796836990444
2	178.3620191367957
2	178.44654574339563
2	178.50834041950478
2	178.5515868933488
1	180.9602419795915
1	201.0196615676705
1	201.44262717686343
2	207.07089429382305
2	236.29773652394283
1	250.20282476448028
1	250.5994798137452
1	251.09380823437917
2	265.64153124402384
2	294.9023811297063
2	294.9448379752749
