1	80.55664431798158
2	112.43847480791872
2	112.4436766040496
2	112.46425757131246
2	112.51411322608078
1	120.92213332830786
2	135.68035700446845
2	135.7292705715176
2	135.8269051344767
2	135.9993771770902
2	136.01544585277978
2	136.05579242048037
2	136.1437690759076
2	136.19256947746686
2	136.2519032715257
2	136.3225037624636
1	150.71563870686268
1	151.5181939508417
1	151.57749713925656
2	158.84537883054125
2	159.0286564035734
2	159.06022273335014
2	159.13251928098225
2	159.28602385561013
2	159.3010710406223
2	159.3771903418332
2	159.4054292256471
1	160.66884427884514
1	180.96389039440336
2	182.07827179731726
2	182.1311721922477
2	182.3434625063875
1	201.12131779940265
2	205.13940896228027
2	228.35426695449743
2	228.3764605128333
1	230.83413227728502
1	250.3362022478012
1	250.6202618202919
1	251.08993735875842
1	251.3843016935472
2	251.57795901351912
2	274.81911016849733
2	274.8646630604132
