2	122.39061114103781
2	238.89233687522602
2	238.9011397770708
1	509.57903476922735
1	511.2887570847257
2	530.1450506482042
1	539.8679362854729
1	669.634991199276
2	1112.561306430617
1	1160.549404075646
1	1172.050113999052
1	1389.4750525312597
1	1429.58460042252
2	1665.929447375534
1	1705.7560064251684
1	1721.5031667581281
1	1834.7704832779523
1	1972.8214812839108
2	2335.7723779118555
2	2393.9945870332294
2	2394.0213111991884
2	2423.140444134078
1	2542.8097011678014
1	2543.421832358233
1	2551.320776698512
1	2931.6828054354714
1	2944.4588580724135
1	3023.7753742753866
1	3053.9965387469815
1	3161.7942835644176
1	3189.815628587266
2	3209.409514470371
1	3289.8400202998287
2	3325.9103037337586
1	3339.908721206801
1	3464.8741161307635
2	3471.5415748068326
2	3558.9126072800173
1	3642.027491796406
1	3786.7035778308446
2	3791.908965653344
2	3850.149458754976
2	4024.902341522444
1	4240.5643267981295
1	4340.761704874974
1	4398.731445891341
2	4461.764359684546
2	4490.873656501259
1	4637.015628946785
1	4656.642770002212
1	4764.6867918051175
1	4780.65100109375
