1	80.18606363998677
2	106.63602098384098
2	106.68666269445943
2	106.69014961691663
1	120.17673112373913
2	130.50737929151472
2	130.5951569980527
2	130.6217487610184
2	130.65125893531794
2	130.67176944739532
2	130.70298518951304
2	130.79144105154776
2	130.8388489954161
2	130.909662457515
2	130.99327463845196
1	150.15695261962577
1	150.22232789710907
2	154.3351373736393
2	154.3844220848806
2	154.40697951545894
2	154.41517430046812
1	160.48898304169137
2	178.1726345657198
2	178.18292523327486
2	178.38713841121495
2	178.4121932581517
2	178.51094558955631
2	178.5928918844419
1	180.6007592665773
1	200.11414104310222
2	202.04336933631566
2	202.05508083095182
2	202.1513998929634
1	230.66132273980867
2	249.69717844845525
1	250.1208719413991
1	250.91532251001124
1	251.1078334228659
2	273.56205149196313
2	273.5902355966414
