1	80.16909615449826
1	80.17098324980148
2	94.23277191690272
2	111.89888306856723
2	111.90893292846049
2	111.90907997913506
2	118.0377553063043
2	118.10225849466711
2	118.23948830239146
2	118.24459900005812
2	118.33805107229048
1	120.1100552474368
1	120.29704438801541
1	120.40574987431003
2	135.77743189869113
2	135.83829800942826
2	135.9257642578007
2	135.95087222210975
2	136.00913240431
2	136.05051159675477
2	136.18961763084997
2	136.25881334107447
2	136.34791485321287
2	136.37026090478346
2	136.38485819836583
2	136.44827088416747
2	141.99769504054845
2	142.06110670920225
2	142.07293623443752
2	142.12457138988162
2	142.1456863614509
2	142.230390173797
2	142.23817763034862
2	142.240474813344
2	142.299753317695
2	142.32972954274013
1	150.12493273066332
1	150.17862891045942
1	150.2087404615911
1	150.22949770567138
2	159.59933004134083
2	159.61544655567587
2	159.68660239001306
2	159.69887917225307
2	159.80683558693948
1	160.2544706633631
1	160.55703474564146
2	165.81546361855993
2	165.86831863908787
1	180.59940547424844
1	180.66972137592086
2	183.46920921199623
2	183.55662353222405
2	183.60352789203978
2	189.59931104998665
2	189.64092967087907
2	189.82735960343211
2	189.84004424289637
2	189.88875926277458
2	189.88936456132407
1	200.115246854272
1	200.1535657262497
1	200.1674486804562
1	201.18607030610596
2	207.3270599393125
2	213.45254022821436
2	213.4677619438033
2	213.49826118156238
1	230.6596555425064
2	231.19085580549466
2	231.2143477722472
1	250.10556228397513
1	250.3763024878682
1	250.49542956897778
1	250.91118489125634
1	251.09588233847765
2	255.0368997656733
2	261.19566782901484
2	278.9172480460152
2	278.98990536445615
2	285.07418728961187
2	285.13404084175676
