1	80.61096022904758
2	107.81563938445397
1	120.48373438631997
2	131.8204144114372
2	131.83154072414408
2	131.8768183323719
2	131.90271586051747
2	131.9459001127945
2	132.05029044022402
2	132.0609063420971
2	132.11054941699436
1	150.703555898044
1	150.84498997558464
2	155.84458397405092
2	155.94785807190192
2	155.99738120201772
2	156.08505799053603
2	156.1820520065997
2	156.26845724782214
2	156.3458042040189
2	156.46506293821756
2	156.52264758375495
1	160.57949705328588
2	179.81827379823307
2	179.98002389635306
2	180.03587533271627
2	180.04637149377106
2	180.10903256299613
1	180.77867922509338
1	200.60007092984645
1	200.83933747479188
1	201.31290560003782
2	203.82992233355628
2	203.90177439495758
2	227.95993499610114
1	250.58830220116323
1	250.80889376119396
2	275.7950321790402
2	275.86298539710725
2	299.8808366525644
