1	80.14298041001116
1	80.16367167235582
1	110.48641890407549
2	123.5384702031657
2	123.6252599492908
2	123.667943260584
2	123.77647367239919
2	123.85979887843678
2	123.95140045487177
2	124.03369182906059
2	124.03974609198455
2	124.13698835795637
2	124.1417627195272
2	124.23272447772297
2	124.33196950934422
2	124.34753693147869
2	124.44736444401317
2	124.5063627360786
2	124.57032866150948
2	124.64854214920038
2	124.71849552951599
2	124.73757798764618
2	124.75412461273947
2	124.7846871565442
2	124.85909096332351
2	124.86540222401008
2	147.45784428745188
2	147.65160039372248
2	147.69994412575002
2	147.79686214476308
2	147.84300963249618
2	147.90477251792558
2	147.97771445319773
2	148.04839170969524
2	148.1432650923857
2	148.16421208678352
2	148.18823926801718
2	148.2093076652414
2	148.30396445270455
1	150.03621524725054
1	150.1297235653478
1	150.23128427158747
1	150.25013520686144
1	150.3465974886445
1	160.2100661251132
2	171.23604645478065
2	171.26521987786407
2	171.3323399689431
2	171.4009995478461
2	171.60636257008588
2	171.75885032849246
2	171.84441007733398
1	180.6036240281112
1	180.65335036550437
2	195.0363086201499
2	195.1049617781654
2	195.18503320676868
1	200.08322389305374
1	200.08561084599768
1	200.13535885462173
1	200.92338509144636
1	201.16632838121572
1	201.1850612884782
2	218.99121882436512
2	219.12795582261833
2	242.764125788387
2	242.97106992763418
2	243.06748329660545
1	250.3138068885332
1	250.32673137326694
1	250.4875358899112
1	250.55171432041803
2	266.5391704482516
2	266.5968953630747
2	266.67568647151967
2	290.56768590854495
2	290.60290673398293
