1	80.51318657257396
2	118.19131499853
2	118.27860214408494
2	118.36146685117437
2	118.38061949975778
2	118.42358042776497
2	118.51025279632229
1	120.48698572028424
2	141.20749197149684
2	141.23492620074788
2	141.2748572291088
2	141.28070395623016
2	141.34236719294688
2	141.40033459906638
2	141.4103324220787
2	141.44154833576545
2	141.5741911804432
1	150.6590852446771
1	150.7335906595132
1	150.8040789764982
1	161.0047333469089
2	164.14268296828885
2	164.3158241609384
2	164.39671508555077
2	164.4752263452343
2	164.5370468474073
2	164.6420526313784
2	164.73034661919183
2	164.79612628050558
2	164.8071743157747
1	180.83612099270178
1	200.8601830028339
2	210.13437995633194
2	210.2049857254567
2	233.2246970851777
1	250.17956260663834
1	250.40795740331296
1	251.12345877807726
1	251.25009772151122
2	256.02800901320626
2	278.99878302329523
2	279.0613612111447
