1	80.17351881351537
1	80.44120838141386
1	80.44135221562783
2	106.73977484316372
2	106.80446071392544
2	109.5659112200522
2	109.56753587644992
2	109.61735145969897
2	109.6905941346813
2	109.7053675267002
2	109.78245271849609
2	109.8319132644501
2	109.90502466293148
1	110.5299144237948
1	110.55793419858513
1	120.21957137157568
1	120.42340346007835
2	124.88911687321715
2	124.95790472338112
2	125.00312905009092
2	125.00737578790003
2	125.0748296314671
2	125.14956036313538
2	125.2238895259836
2	125.30817639709336
2	125.33703976473109
2	125.35165794248391
2	125.35909788633576
2	129.52500264630908
2	129.53773712430166
2	129.5896481987604
2	129.6687850451517
2	129.68003057285986
2	129.72182521472655
2	129.8158119181868
2	129.8452926768386
2	129.94056119100406
2	129.95513778720178
2	129.9869185001091
2	130.04817774645022
2	130.07247919012093
2	133.3522625917692
2	133.38132291214467
2	133.44842846428784
2	133.5145706185497
2	133.61001615549398
2	133.64816158906387
2	133.82262871427366
2	133.8876733849263
2	147.75009575257096
2	147.77376633621864
2	147.86011647404462
2	147.92630868748202
2	148.01660194467252
2	148.03220861515197
2	148.0904217429004
2	148.15585561385188
2	148.18310173437044
1	150.1249483371995
1	150.239645738242
1	150.2604409880127
1	150.4394101544781
1	150.51133837869034
1	151.31415938818037
1	151.38282390601776
1	151.4527465342916
2	152.5706612220655
2	152.64556653775256
2	152.7026898181915
2	152.72308167574786
2	157.23836845427843
2	157.34324599269365
2	157.37697881952798
2	157.38690002479535
2	157.4804902958757
1	160.41603258434105
1	160.59523280837047
2	170.4627464661923
2	170.46697659496036
2	170.5704646735724
2	175.19474984030418
2	175.2866594144766
2	175.57663087918056
2	175.59053948186897
2	175.68023206505896
1	180.61376211161112
1	180.6630744417699
1	180.90036534004918
2	181.02807385333324
2	181.21135371308708
2	193.2427537714554
2	193.33360904181265
2	197.95639254506128
2	198.05216263646048
2	198.16035931899964
1	200.10701271853844
1	200.2560069669965
1	200.31034198114602
1	200.5646365330529
1	200.69654219503934
1	200.86584796814898
1	201.18552573203584
1	201.2615914852161
2	204.85998800453743
2	216.13902501737988
2	228.63407837422764
1	230.79216072866606
2	238.78879138040276
2	243.65372589279724
2	243.70088098044067
1	250.28874363179793
1	250.38045400447146
1	250.51298914953645
1	250.51772027081708
1	250.68078556670127
1	251.0428949245497
1	251.2156762037034
2	252.44157229754606
2	261.42554493788873
2	266.4177042658583
2	276.32035716966055
2	276.36387454115413
2	284.11683095175374
2	289.27462534199583
2	306.9274616964164
