2	120.47934421732944
2	239.76344627411532
2	263.57181802188154
1	459.2780288223812
1	461.05022418221455
1	489.63072284541965
2	549.7912987327612
1	619.5464008247982
1	1110.3917316986
1	1121.7764436325158
2	1122.2029717268501
1	1379.321891954412
1	1389.1291631679962
2	1646.9063162427863
1	1671.4429365213007
1	1705.2835639250925
1	1784.4763803408537
1	1922.5038610860536
2	2338.5523065451525
2	2410.1922706183595
2	2410.2005548575785
2	2410.29968016933
1	2492.674907215176
1	2493.2133923351116
1	2501.3464740093586
1	2881.5795192747755
1	2894.3453561651
1	2973.519541656579
1	3003.930995959399
1	3111.643804196599
1	3189.340931435569
2	3197.2628025883514
1	3289.753729536672
2	3459.6250407553002
1	3464.851601152604
2	3578.848098142375
1	3591.8976245933645
1	3736.4958532680475
2	3793.498312066717
2	3841.1950953594655
2	4008.139871544254
1	4190.482586642423
1	4290.655865081168
1	4398.184303533402
2	4461.333563476402
2	4485.127336215441
1	4586.860765011461
1	4606.2555457280905
1	4606.575531953472
1	4714.528474341737
1	4730.535124143947
