1	80.29572111514143
1	80.64771728427284
1	110.59485995282463
2	128.2610776836956
2	128.28689029463524
2	128.28993066105193
2	128.36038210797494
2	128.4074840742964
2	128.4686832304785
2	128.5490711605429
2	128.59441076052147
2	128.65645275060655
2	128.6582806163922
2	128.71660860347362
2	128.7689396780867
2	144.88193834610706
2	144.89271777063675
2	144.9284296613083
2	144.9620108009543
2	144.9925753011329
2	145.0011993433598
2	145.09965798627823
2	145.15054261707718
2	145.1880297969349
2	145.20966937684224
2	145.24035174022694
2	145.27174371690563
2	145.32448110677277
2	145.39895890266268
2	145.47389347693033
2	145.47593275560953
2	145.53358258621023
1	150.13274817822278
1	150.29389733652357
1	150.35507932201247
1	150.37728168669466
1	151.35133099952313
1	151.4205596852533
2	157.34244654807824
2	157.41999398877925
2	157.51920419414503
2	157.5376394327744
2	157.55860989096115
2	157.6435381006843
2	157.64395259007586
2	157.6447995222626
1	160.5903527898342
2	168.3551794957107
2	168.50969818555444
2	168.58008304880798
2	168.66722414516545
1	180.61720914986722
1	180.8877437137054
2	186.45961953812397
2	186.49281792212807
2	186.57763481744232
2	186.67993254788348
2	186.7373084142173
2	191.71061827882625
1	200.16724201389107
1	200.33829613847593
1	200.89393592106697
1	200.90809921119654
1	201.20515342926603
2	215.08959288198997
2	215.65332067623297
2	215.72207672702424
1	230.74119201315796
2	238.43349972366568
2	244.63219691745428
1	250.27044817512203
1	250.36882961233846
1	250.49063208484134
1	251.08509083195042
1	251.13832686343648
2	261.8327486270917
2	273.71650535985947
2	273.7219848883164
2	273.7371120193615
2	285.23135633094455
2	285.2488350453485
