1	80.41577492946895
2	107.98852524977912
1	120.43123066242471
2	131.95225574063517
2	132.004141709183
2	132.02597366322726
2	132.0652426698366
2	132.12839239262286
2	132.2021978221955
2	132.2196074108417
2	132.29965630399604
2	132.31493939276146
2	132.39183686161553
2	132.43881396628828
2	132.5317366545156
2	132.59637781722128
2	132.6220087638543
1	150.58370586802573
1	150.7026146795462
1	150.8257369683227
2	156.05630717978363
2	156.15461324502283
2	156.3655896500596
2	156.5060870097475
1	160.41868159748228
2	180.1612891999683
2	180.2073506052397
2	180.23226225113442
2	180.25690225142358
1	180.2934772308534
1	200.30639180845262
1	200.93095217901964
1	200.9633441964556
1	201.22062319725745
2	204.0196930954439
2	204.1602883750563
2	228.1594406099142
2	228.1676548353039
1	250.3505975024398
1	250.79235410338887
2	252.04090507585644
2	276.0732231470072
2	300.10305802930253
