1	80.21765200324054
1	80.33379202283197
1	80.42413787642178
2	111.24914817080402
2	111.27334573341042
2	111.36905478581151
2	111.4648257244735
2	111.49517234540221
2	111.51837165283426
2	119.29048643546965
2	119.36513061549613
2	119.45817100132805
2	119.49964341471151
2	119.55255251606555
2	119.59724955801397
2	119.69297917509694
2	119.6993947414645
2	119.79604004087433
2	119.86648817964007
2	119.95058512940128
1	120.19204684978389
1	120.38521270975538
1	120.47717339544513
2	122.00116851534305
2	122.01481053496983
2	135.29152942004998
2	135.33772665803482
2	135.3927528512036
2	135.46631545883793
2	135.4799430523835
2	135.55831546359283
2	135.64201081290207
2	135.7182604462073
2	135.81523578763915
2	135.8541968971129
2	135.90579419188916
2	135.97874059898155
2	142.94842246506062
2	143.05301668738957
2	143.12740387745586
2	143.21338157317732
2	143.3116065529086
2	143.352938934698
2	143.38840222557837
2	143.4050181559082
2	144.89608689423113
2	144.9334934067695
2	145.01057845145905
2	145.05144419431727
2	145.0559787584873
2	145.1538338739737
2	145.24513653493003
2	145.34260742288657
2	145.3639038707283
2	145.4322917121617
2	145.44358590331555
2	145.46875458178974
1	150.13517997873248
1	150.22541860801147
1	150.62595340814104
1	150.68050831865472
1	150.73699813408723
1	150.74362052302303
1	150.83077390915926
1	150.88326953204546
2	159.54267140132688
2	159.62255063769493
2	159.65745228332153
2	159.7333437601201
2	159.80628396223312
1	160.34515532645798
1	160.42585565499874
1	160.5949853196608
2	166.40524783712868
2	166.45954772964558
2	166.46197151331563
2	166.48494208438808
2	167.78645690582263
2	167.86395122495173
2	167.91838412497862
2	168.01059319923752
2	168.11615434752883
2	168.25322994588956
2	168.32616047673213
1	170.22094998105413
1	180.70980825122433
1	180.8014613507979
1	180.85224669550976
2	183.38960948700597
2	183.5432175794054
2	189.97604894737339
2	190.06814991890027
2	190.09124859716275
2	190.7277509375662
2	190.73526011465208
2	190.82126541940644
1	200.1657940326791
1	200.18436203274186
1	200.20756136272496
1	200.56296503503776
1	200.8152649091721
1	201.3612601145842
1	201.38555710774236
2	207.44101961258914
2	207.50550785400833
2	213.4690317493369
2	213.49556536900928
1	230.62163512248884
2	237.15396964817873
1	250.10422326834973
1	250.1730951880087
1	250.46374030867224
1	250.60365200184435
1	250.79399995970329
1	251.0444141975228
1	251.22475345676855
2	255.51664096140942
2	259.1222341864174
2	260.64586028770407
2	279.5521527740923
2	282.00655628470156
2	284.14634644045407
2	284.2282083970871
2	304.855184293273
2	304.93599916787355
