1	80.62856074476578
2	112.86181782862293
2	112.8826435041479
2	112.89852384232734
2	112.97746814544539
2	112.9932563123322
1	120.48647821368705
2	136.31418812588456
2	136.37920972017977
2	136.3812935917831
2	136.4636414151906
2	136.59698263133487
2	136.65264110475883
2	136.70761377190794
2	136.7915261766616
2	136.79798188291332
1	150.71163805123237
1	150.82665682280427
2	159.74124834615088
2	159.83795483770092
2	159.97203955977574
2	159.97924909333318
2	160.01836495777746
2	160.03067680329832
1	160.56631375958017
1	181.00904503561978
2	183.0317915793958
2	183.11213715803513
2	183.12767280380115
1	200.64716795731792
1	200.98295876254645
1	201.45433337433045
2	206.33966355809113
2	206.37024376633926
2	229.85774135710193
1	250.59632075581962
1	250.85027800628973
2	253.08075073013885
2	276.5179658227487
2	276.61409849642155
