2	106.44724789583877
2	128.55730346008727
2	131.89000899187909
2	224.01311373653053
2	227.9384762678936
2	243.4759330171475
2	247.85776637280227
2	251.88977149973948
2	266.3173020076446
1	459.3387239794944
1	461.10173968157466
1	461.1839212250798
1	461.50288291358703
1	489.6386367730831
1	489.7179083317031
1	489.75174630353985
1	509.29980245332547
1	509.4735138956807
2	533.9932584861264
2	540.00967196282
2	540.2328402023793
1	619.5609519237913
1	619.6485619644088
1	619.6853865468252
2	1092.0598301860944
2	1106.4632294573892
1	1110.3635893437922
2	1110.967632873957
1	1121.8089603849055
1	1160.3997705446197
1	1160.6089636374159
1	1171.6653993462812
1	1171.9544412298446
1	1379.259846667792
1	1389.122206066481
1	1389.2582882373888
1	1389.4757297492915
1	1429.3602665986675
1	1429.4949900122112
2	1655.0601645230743
2	1668.233618288453
1	1671.4172618587518
2	1681.8790785069036
1	1705.2758129445097
1	1705.3713487965597
1	1705.5828910047228
1	1721.2695980159576
1	1721.4037308322654
1	1784.5675322224342
1	1834.4494501355068
1	1834.5699289837448
1	1922.1993579721623
1	1922.5523429983284
2	1932.206764595134
1	1972.2780771074974
1	1972.5804861254576
2	2321.055260619935
2	2322.8106083924163
2	2340.3125556580644
2	2394.3774326724874
2	2394.399136211401
2	2412.281868691929
2	2412.3355330100817
2	2412.459770406766
2	2418.2811400806263
2	2435.19973683042
2	2436.450255278319
2	2458.0376925561977
1	2492.703411592226
1	2493.241165170395
1	2493.3472784630585
1	2493.489006945199
1	2501.3687926811567
1	2501.4278855913417
1	2501.6526864561524
1	2542.5622585512574
1	2542.7590122429942
1	2881.6373513827875
1	2881.700251143156
1	2881.756115432298
1	2894.301198851608
1	2894.38849489279
1	2894.758913280601
1	2973.5488917539587
1	2973.5736053668415
1	2973.6509795291695
1	3003.9097759801866
1	3053.503617019605
1	3053.7062342822946
1	3111.2150758728963
1	3111.5954490199224
1	3111.6524516953973
2	3180.469688994013
2	3181.421768814667
2	3188.6183584443966
1	3189.354327874945
1	3189.435686053939
1	3189.5921576676083
1	3289.491118947771
1	3289.803871704324
2	3300.521189651387
1	3339.5213622482497
1	3339.739070153038
2	3444.4994219964533
1	3464.8162572944316
2	3467.7143073895872
2	3485.4398660774154
1	3514.4923003895265
1	3514.77811097631
2	3563.116776993151
2	3564.493816909343
1	3591.922524758809
1	3641.5640229333553
1	3641.681836158249
2	3645.1856009186376
1	3736.492941702495
2	3777.7235716624887
1	3786.306794156017
1	3786.6327193328066
2	3804.6167535076333
2	3805.076484952678
2	3825.384093975576
2	3852.5992265320724
2	3873.51921015973
2	4016.263216368519
2	4020.6495136873496
2	4056.1937633378748
1	4190.466640823958
1	4190.514069123473
1	4190.669928212393
1	4290.708115110819
1	4340.3755591508425
1	4340.621214391842
1	4398.164367066641
1	4398.292201585258
1	4398.585144592363
2	4428.735544561737
2	4444.284974420528
2	4445.569451123469
2	4469.378058137536
2	4476.6708940080125
2	4489.926061340544
1	4586.810308519588
1	4606.484953247586
1	4636.571352941764
1	4636.833668668802
1	4656.3155932334175
1	4656.496390248139
1	4714.178990058997
1	4714.533864155021
1	4714.661021551358
1	4730.589201640456
1	4730.673387003744
1	4730.730914081503
