1	80.48080443367986
2	115.192666338736
2	115.2900452267622
2	115.45383403021091
2	115.52956223001306
2	115.58068445895279
2	115.67015580336871
2	115.69221059190673
2	115.73020343138344
2	115.79678452324967
2	115.88053276833419
2	115.92606724044317
1	120.31939458220829
1	120.40494042921141
2	139.0990935606092
2	139.12575981161964
2	139.17964214985142
2	139.28251310899813
2	139.35521261198343
2	139.39844993228579
2	139.41237131516422
1	150.5558304190562
1	150.7574474392174
1	150.85332031269255
1	160.40574007581097
2	162.91917388173673
2	163.05825653770594
2	163.15280009793662
2	163.17834854252095
2	163.25251632958066
1	180.8613613648525
2	186.79532251893548
2	186.82634927766813
2	186.8936320716384
1	200.37279949471372
1	200.7894799958301
1	201.26695163964501
2	210.71230397536766
2	234.58768673277726
2	234.64405719139427
2	234.665658313538
1	250.15260847876834
1	250.34318569566577
1	250.95630927969108
1	251.2021163834062
2	258.48582744981564
2	258.558960736329
2	282.38696064542734
