1	80.12965837810982
1	80.333895724123
2	110.88574673375851
2	110.91621012488638
2	110.98838487304053
2	111.06690531825247
2	111.16189535936562
2	111.21124812060766
2	111.29593878210885
2	111.31689084544068
2	111.36186691911661
2	111.38893302454326
2	111.44650477008364
1	120.21993209777399
1	120.37877505546811
2	123.38797972775414
2	123.3956744548938
2	123.49239722683836
2	123.60732232933529
2	123.65186935735952
2	123.7060056618281
2	123.7170556645576
2	123.73415408421084
2	123.74586990176118
2	123.7748978304835
2	123.8586721537655
2	123.92919594946709
2	134.59543523854938
2	134.64129409134173
2	134.69208086766702
2	134.69995511395584
2	134.7997197087044
2	134.83239371532358
2	134.95482498969656
2	135.04053344910673
2	147.46830159279295
2	147.63291012733208
2	147.71278836923875
2	147.86082845490463
2	147.894321311563
1	150.06171274921618
1	150.17150837430523
1	150.60817664917752
1	150.7518378241087
1	150.84758716384567
2	158.053141605697
2	158.14254528575034
2	158.21584123001676
2	158.34026076373195
1	160.20449975677784
1	160.54605585844735
2	171.14284042860538
2	171.18843076290833
2	171.28800874122774
2	171.38338939815955
1	180.61621216089287
1	180.75827920394758
2	181.67566870577227
2	181.69038796847488
2	181.76801319168544
2	194.92094368909562
2	194.98296334351548
2	195.18369240695034
1	200.11446315891746
1	200.1291162172688
1	200.17806698613649
1	201.20804317379645
2	205.19155016547822
2	205.268381224817
2	218.85171139002173
2	228.8126448408474
1	230.58095276392334
2	242.6259782777096
1	250.21773783844606
1	250.3333403949247
1	250.49879401700673
1	250.57397866591515
1	250.67234341626943
1	251.0623002366251
1	251.17881507820348
2	252.3134131020604
2	266.4475206089389
2	266.50925877373226
2	266.52568956069945
2	275.86953364981053
2	275.9465222062727
