1	80.49566794842629
2	132.42008102224764
2	132.42870378974948
2	132.49986777786037
2	132.5881239145217
2	132.63665461202393
2	132.63748091199054
2	132.65682967280438
2	132.68052950600202
2	132.75861079654425
2	132.76948177421573
2	132.8412446260896
2	132.84308272284642
2	132.92842896558687
2	133.01790882366657
2	133.0539877591306
1	150.41807255931883
1	150.65220164402706
1	151.29140754319923
1	160.46076328803832
2	161.80900241439838
2	161.96450383652845
2	161.96612299872885
2	161.98931042307765
2	162.1828088256
2	162.21108150216926
2	162.23316180652878
1	180.8096867343463
2	191.1860934953069
1	200.50844687985744
1	200.83852558164736
1	201.38586414329077
2	220.4518942855735
2	220.52300317530384
2	220.5615987353574
1	250.50035826271184
1	250.78764384478902
2	279.09514948222636
2	279.1385419854326
2	279.20479772401194
