2	109.33129870151087
2	129.47716510874545
2	225.18022727600314
2	228.67837947096857
2	249.06163630924166
2	252.57085230838987
1	461.44204911510747
1	489.62939813911737
1	509.4486863947958
1	509.5265658777101
1	511.1668960982899
2	536.2269272795901
2	539.014841448738
1	539.7692836105477
1	619.2745261113716
1	669.5685626514407
2	1110.303058787926
2	1112.06682440606
1	1121.5149140161473
1	1121.5518385644107
2	1134.3023646270562
2	1159.8425478697118
1	1160.418807159177
1	1160.5035621890852
1	1171.8848634835574
1	1172.0045222489002
1	1389.3391276244822
1	1389.4700458903603
1	1429.4122467178086
1	1429.5006948362252
2	1660.570720612392
2	1661.2369435567914
1	1671.1053885529896
2	1684.5299050444848
1	1705.542628091592
1	1705.7065625989615
1	1721.3999884669968
1	1721.4864653107809
1	1784.2931349456414
2	1804.049154130766
1	1834.5147338312372
1	1834.6445897927963
1	1922.2776959314492
2	1947.6539361131056
1	1972.4421453358166
1	1972.7281122875977
2	2329.7447964927933
2	2330.3768496951398
2	2401.4068241920195
2	2401.48128633046
2	2402.1443058493733
2	2425.2461424423045
2	2426.0756228543296
2	2449.9983568056605
1	2492.5897564431184
1	2492.8117779460367
1	2493.496431331336
1	2501.4564953842446
2	2520.809871826619
2	2521.7385964677624
1	2542.636149040786
1	2542.7725820809433
1	2543.302273233407
1	2551.344830530223
1	2881.7058991661265
1	2894.6284180047764
1	2931.6757192740083
1	2944.400079219541
1	2973.276812147162
1	3003.385220278057
1	3003.479019309357
1	3023.6429057540436
2	3024.1281012820323
2	3046.0668819856514
1	3053.6685508004452
1	3053.8261915642647
1	3111.248399640553
1	3161.786840169664
2	3189.263396143978
1	3189.5970863781863
1	3189.617835151057
2	3191.585432872341
1	3289.517567320165
1	3289.7971873005854
2	3308.6752499171344
2	3311.235891105273
1	3339.6956170637727
1	3339.888303782372
2	3454.7153844434124
1	3464.2849980094015
1	3464.8936266002006
2	3475.8032115704023
2	3475.8490247461327
2	3478.6559036479885
1	3514.542101945688
1	3514.893715304798
2	3547.4080614192535
2	3550.4594397826586
1	3591.3999407390793
1	3591.899019371613
2	3595.2257045820606
2	3622.157750157478
1	3641.649782856393
1	3641.962212680954
1	3736.177938398949
1	3736.2300719234177
2	3762.3535618560413
2	3765.7432372211906
2	3786.314068801266
1	3786.4468447814515
1	3786.679014260404
2	3789.6031255900975
2	3833.9752082317127
2	3861.3714759070363
2	4024.9359036176115
2	4028.8862212412837
1	4190.110001208635
1	4240.600579150988
1	4290.210827733036
1	4290.36582773289
2	4311.491803118819
2	4315.956907869641
1	4340.486797200689
1	4340.7347432656115
1	4398.525469251778
1	4398.629769082487
2	4435.579938695158
2	4454.732934273109
2	4478.720378737943
2	4483.453390073146
1	4586.29797033863
1	4586.3328617158695
2	4598.008878252587
2	4603.050315280157
1	4636.675048668667
1	4636.860157966442
1	4656.446672693057
1	4656.621365756298
1	4714.392154232612
1	4730.672292664508
1	4764.734505416146
1	4780.636171297222
