1	80.56616343487477
1	80.59110137693695
2	107.56766717481061
2	107.63017318289222
2	107.67005887874579
2	107.68370292826181
2	107.76110000574158
1	120.41928552462619
2	123.93819199419639
2	123.95240002562394
2	124.05006691747376
2	124.06311776044726
2	124.11126905075109
2	124.16511912532934
2	131.07588582298058
2	131.12110685507767
2	131.14249928801217
2	131.19611498799117
2	131.28445731148605
2	131.30841004134015
2	131.3871113523473
2	131.39558528473557
2	131.39696412814882
2	147.58748071785317
2	147.65628675252083
2	147.72737780225407
2	147.8463879396641
2	147.88590530089218
2	147.93017689575117
2	148.0274681071963
2	148.10152642581744
1	150.4707599899254
1	150.72516121030657
1	150.87041979093894
1	150.93446703451988
1	150.94895095285688
1	151.03445241516997
2	154.3863320438447
2	154.44971811891673
2	154.52989743353984
2	154.59846875638868
2	154.80776632670296
2	154.84996611933823
2	154.92123378707325
2	155.02103211184917
1	160.56460518646108
1	160.63919860700167
2	171.00727562468805
2	171.28963722427727
2	171.30087997303482
2	171.34012087582403
2	171.36179161222455
2	171.3623348550578
2	171.41736852700478
2	171.41981035065763
2	177.7065900228126
2	177.81545429932973
2	177.93728558669102
1	180.9296981831278
1	180.96922825385462
2	194.65908388211352
2	194.78910644712147
1	200.81918061608982
2	201.20304340756664
1	201.40777922891672
1	201.4475978574764
1	201.4756474395069
2	218.18403756467544
2	224.82273915955696
2	241.90097501886933
2	247.9582151462896
2	248.11737116939423
1	250.23764204783268
1	250.3356857658414
1	250.62320216226004
1	250.6396105761059
1	251.05632785911627
1	251.07285759828676
1	251.22898872319436
2	265.25540353193895
2	271.36412911862595
2	271.4490111998927
2	288.7594535153309
2	288.93182329713045
