2	113.42526585755286
2	232.7487164375974
2	256.60480105466877
1	461.10990477013513
1	489.6498962423279
1	509.26477656028567
2	543.0072856181007
1	619.5175487465183
2	1115.7322627518383
1	1160.2940067330653
1	1171.6095835796998
1	1389.1967916904648
1	1429.3812728085204
2	1640.7779314367806
1	1705.2211291926894
1	1721.2971871897537
1	1834.306089050574
1	1972.2434443031375
2	2332.870171011833
2	2404.511209648134
2	2428.338467553663
2	2428.436793861136
1	2501.319790952334
1	2542.4672306325506
1	2881.639459727253
1	2894.2735144993458
1	2973.554002685185
1	3053.388954819762
1	3111.6337686719644
1	3189.2919600738896
2	3192.0550248988334
1	3339.408476424527
2	3478.4539978754224
1	3514.3421360013635
2	3597.7829004380774
1	3641.566743695377
1	3786.323291837039
2	3788.672722405672
2	3860.2922387658
2	4027.3427434455552
1	4190.485053542114
1	4340.30577478203
1	4398.161346852418
2	4456.936706537575
2	4504.6344532971925
1	4636.482485315145
1	4656.299337575019
1	4714.631078319014
1	4730.644898516424
