2	136.818135391762
2	232.92633302871087
2	257.03762355003363
1	509.51931018103494
1	511.2075721888017
1	539.7302012572678
2	545.613749902013
1	669.5978240373895
2	1098.6087307038895
1	1160.5524473356568
1	1172.0160296162162
1	1389.4846738948384
1	1429.6417666133511
2	1675.7133223562923
1	1705.8237466967644
1	1721.526822027641
1	1834.6476707160027
1	1972.7630156745383
2	2324.9573833613063
2	2397.2526259058423
2	2421.142620341405
2	2445.228207287812
1	2492.2337000198763
2	2517.538899677089
1	2542.648402175119
1	2543.4193113550737
1	2551.4675001871037
1	2931.663404530455
1	2944.5117742567445
1	3003.303468177392
2	3022.471458067111
1	3023.663803699321
1	3053.899386854789
1	3161.8241203257817
1	3189.7430252225636
2	3190.6707206855544
1	3339.976472127955
2	3455.1322149465027
1	3514.9770567520145
2	3551.32699744302
1	3641.950258539893
1	3786.7448605344116
2	3791.819339632305
2	3839.941993436245
2	4008.256753920051
1	4240.592938365215
1	4340.821567571049
1	4398.717905139159
2	4440.998246161825
2	4489.120684342578
1	4586.241128444368
2	4609.368913161342
1	4637.001435831197
1	4656.590426598676
1	4764.714110895763
1	4780.66633160666
