2	143.40917975008543
2	236.08965993851425
2	236.13966855013126
1	459.48924171879594
1	461.30304578432083
1	489.6902643958274
2	560.5039285111659
1	619.7399400139225
1	1110.5207688289108
2	1116.5786749787987
1	1122.0671440995932
1	1379.4674525657847
1	1389.3791671900412
2	1649.554701050159
1	1671.7216507672492
1	1705.3046451875919
1	1784.6905445762122
1	1922.7030908173213
2	2344.6983028110835
2	2414.1670172052486
2	2414.2597802358728
2	2437.341133185848
1	2492.98853015818
1	2493.4109060372866
1	2501.5383995955613
1	2881.7143428000795
1	2894.461187210983
1	2973.7048963513553
1	3004.130540213808
1	3111.7528453686086
1	3189.3723708384773
2	3201.9830328280573
1	3289.941818260486
2	3456.932237010301
1	3464.839650259116
2	3549.587062389842
1	3592.0383322884722
1	3736.7052382883726
2	3781.322746705154
2	3827.6336091365756
2	4012.9489590314693
1	4190.6284218289375
1	4290.872367102813
1	4398.373722317319
2	4453.258298159031
2	4476.437606002885
1	4586.962156834043
1	4606.655557535976
1	4714.814649700403
1	4730.567218231062
