1	80.49315717971729
2	105.89185119135834
2	105.95133289334365
1	120.1968151353569
2	129.17311207838702
2	129.22273051973326
2	129.2501881432712
2	129.2803535073763
2	129.2988490161614
2	129.32838703566995
2	129.3728358163719
2	129.44094530949235
2	129.5400045328486
2	129.62670675899815
2	129.69193445336379
2	129.71600664586418
1	150.6685591027097
1	150.77086270203074
2	152.43927598444785
2	152.5978770954777
2	152.76630878549395
2	152.76704884919945
1	160.58981548080067
2	175.5776346324752
2	175.60811743934505
2	175.7075150618705
2	175.70934992284205
2	175.9190867153109
1	180.82882151929888
2	198.92353568240824
2	198.997154981553
2	198.99808877715193
2	199.1352567578627
1	200.27381295153236
1	200.78172549417803
1	230.70897054004334
2	245.17341259805184
1	250.13184343142206
1	250.8215867806166
1	250.9514068241461
1	251.20357038302203
2	268.439599188977
2	268.47539323733326
2	268.53756606352977
