1	80.19783212714498
2	109.70093779461816
2	109.78503640195412
2	109.87627069576288
2	109.9155101392632
2	110.00874564794401
2	110.0271551877462
2	110.12555260694413
2	110.14392970237085
1	110.48774886932858
1	120.39337319082807
2	133.5260687253525
2	133.59515437317447
2	133.6618390751837
2	133.6733345727906
2	133.71033645538628
2	133.7187131100815
2	133.83407581302797
2	133.86828528362167
1	150.06846567653432
1	150.1801387591706
1	150.18211999347258
2	157.3358806067737
2	157.3934245724281
2	157.47201362616693
2	157.54379054427463
2	157.5613381648039
1	180.57785630775598
2	181.1887417789273
2	181.24851783177905
1	200.09002862392566
1	200.9110813333569
1	201.15163217674652
2	204.9813911073369
2	228.82393752788053
1	250.40238175496413
2	252.63027275733043
2	276.42745469311006
2	276.4282439341906
