1	80.24829762074373
2	99.41326040277559
2	99.420509098991
2	99.43400943602146
1	120.7720034689878
2	122.41089587192276
2	122.58246042311819
2	122.62523038209844
2	122.63791581545944
2	122.65935677613619
2	122.70796247879481
2	122.77411407459398
2	122.78452103487292
2	122.79566954457451
2	122.88416642756185
2	122.91137803775905
2	145.4690283603538
2	145.50099113512718
2	145.56102144626095
2	145.5740486923626
2	145.6982250984182
1	150.15760137535398
1	150.27695190814654
1	150.3549664998323
1	160.36701372469474
2	168.55015500809975
2	168.62047352342321
2	168.67157674270697
2	168.75434073449844
1	180.7775645446393
2	191.57610602432928
2	191.6257596639585
1	200.17185321479306
1	200.21644024122358
1	201.312853769285
2	214.64337248885002
2	237.53865280489697
1	250.4630933024306
1	250.5522402789668
2	260.65240734028026
2	283.7210387340121
2	283.74446174484797
