1	80.14114365980384
1	80.35308560742278
1	80.65335000294057
2	106.55909918624957
2	106.58952196994782
2	106.62937597091566
2	106.6475277085404
2	106.67779271636495
2	107.6393829373385
1	110.38389500411085
2	111.26130858031296
2	111.345187544023
2	111.41226630167667
2	111.45026630340439
2	111.4964754332293
2	111.59598482331714
2	111.6481226970039
2	111.68227709813776
1	120.19216896930476
1	120.26542784667085
1	120.41390389345858
1	120.51348513771211
2	130.4845892071752
2	130.6164709646454
2	130.6631324949738
2	130.66860789651494
2	130.76272815987943
2	130.76554566837459
2	130.85024925575058
2	130.9437478763592
2	130.99990133761142
2	131.0589762629724
2	131.42345271778566
2	131.42512639256034
2	131.50820629795348
2	131.5866075019426
2	131.64382731993868
2	131.6857109781233
2	131.68836375050108
2	131.72915216510043
2	131.75203023646492
2	131.78755428355018
2	131.84657440787268
2	131.94531805664064
2	132.04265913566908
2	132.08831412682633
2	132.09559690315854
2	134.8648898463549
2	134.9308957180328
2	135.0672166244253
2	135.15970349289634
2	135.1807401487414
2	135.27709888393832
2	135.2877294072625
2	135.34574922636267
2	135.40279684384652
1	150.0902330885577
1	150.2131666842708
1	150.49380150507352
1	150.57767456219
1	150.67481268692885
1	150.74686619302358
1	150.89506476318354
2	154.35314835933912
2	154.3877584574351
2	154.54769011508552
2	154.6449111176406
2	155.2526884821327
2	155.2699302506413
2	155.4015142056575
2	155.53639528361813
2	155.64515560925074
2	155.69251230178577
2	155.73148567567904
2	158.50064411004283
2	158.50910895845288
2	158.52625360843976
2	158.68097584728494
2	158.7501276556274
2	158.7621009859035
1	160.2722025009101
1	160.37332565598717
1	160.66748716190406
2	178.06422475133922
2	178.1339645756539
2	178.19585274328662
2	178.2607291308168
2	179.14441106908077
2	179.34236176389933
2	179.38696480767652
1	180.37606984632026
1	180.6220826388638
1	180.82050190679058
2	182.06710205453174
2	182.23027520969188
2	182.2743091044541
1	200.10078575019588
1	200.147752461369
1	200.24483463333252
1	200.50891056207155
1	200.69066091095422
1	200.88441006497047
1	200.96132612524377
1	201.22541763288083
2	201.92403668055593
2	202.04680027138508
2	202.8859319065091
2	205.74357299378465
2	205.8552895659244
2	225.78211998063668
2	226.91424043029755
2	229.400785671339
1	230.67204352001198
2	249.56083185496823
2	249.6411903079855
1	250.11777053543634
1	250.3393421322907
1	250.4174251892552
1	250.489885252417
1	250.50834943637798
2	250.5896813626386
1	250.74228116245988
1	250.77532492993527
1	250.96015396630742
1	251.10955366334778
2	252.86823890271685
2	273.3970307225487
2	273.43529851814776
2	274.4252111174906
2	276.6169663707078
2	276.71555675704883
