1	80.23935422127562
2	111.987681086222
2	111.9959439608842
2	112.02125885087082
1	120.25965731128163
2	140.04509633461834
2	140.1172145622773
2	140.19478700651413
2	140.21317178494834
2	140.2988305489849
2	140.3983703706862
2	140.44857593086493
2	140.50848757682598
2	140.55445059552292
2	140.5729424322886
2	140.65647832088777
2	140.65661729841423
1	150.15959413819763
1	150.29704958190337
1	160.505319894428
2	168.21457789300104
2	168.29980731201965
1	180.60942677663783
2	196.24868918987679
2	196.26784285467318
2	196.48649226163622
2	196.50284762554466
2	196.5913221058411
2	196.6382175126643
1	200.20991601134887
2	224.44110369818472
2	224.52962110734072
2	224.53581657288467
1	230.6401469731345
1	250.15889137866532
1	251.01189066276712
1	251.17586356089438
2	280.59915791139275
2	280.6249575933045
2	280.68741958769857
