1	80.49034913045013
2	117.1824584401327
2	117.19984540084965
2	117.23332640151106
2	117.31647049784824
2	117.4033253402555
2	117.40672364873318
2	117.46302530243331
2	117.53199107657784
2	117.62450940713406
2	117.71339181959385
2	117.77696587205126
1	120.24256790053539
1	120.36019603585646
2	140.0824158439047
2	140.17182286881498
2	140.20476602246384
2	140.28633440477662
2	140.29234794747612
2	140.37674589851522
2	140.3926544336704
1	150.42501600629748
1	150.50573459495763
1	150.55342670046724
1	160.64844052119605
2	162.93943995668917
2	163.0302140699869
2	163.04381456389228
2	163.0849638216686
2	163.12014260409444
1	180.9299998748864
2	185.7468563440964
2	185.78624022204457
2	185.92056624960185
2	185.9929046088081
1	200.26139966984113
1	200.35214318830492
2	208.5455990215618
2	208.65318792110907
1	230.8258184058429
2	231.40664294553406
2	231.4157368081293
1	250.24103288830705
1	250.5166642890021
1	250.99600321967762
1	251.25642278630372
2	254.17478801799697
2	276.94082983604403
