1	80.31013947298545
2	138.6216813334003
2	138.67792009932512
2	138.76591704483008
2	138.8465143514167
2	138.8932829642156
2	138.97626151273482
2	138.9869104006101
2	139.05771392774258
2	139.08012180056798
2	139.15309561954112
2	139.18713027614896
2	139.27509613870106
2	139.28627510690117
2	139.332090514219
1	150.1227252004728
1	150.3461731379858
1	160.5790842925909
2	161.9890279604644
2	162.0757846013294
1	180.65082842507948
2	185.2909935895891
2	185.342690440905
2	185.45872242065016
2	185.48751076451114
2	185.52274843982337
2	185.59793349004318
1	200.21699718237113
2	208.63176119315733
2	208.7193343675831
2	208.8028940378472
1	230.70101013830057
1	250.20775555416293
1	251.00362503059037
1	251.17767535571693
2	255.29952466617974
2	302.017431147251
2	302.0488107274073
