2	135.89431154331862
2	226.95546280131583
2	249.64353635607395
1	509.46166197864403
1	511.30088618724875
1	539.7372040611486
2	545.5459410814715
1	669.6153743022611
2	1114.3886379000726
1	1160.4987346013395
1	1172.027906290341
1	1389.3728552870705
1	1429.496674006533
2	1660.620547057845
1	1705.6348486379513
1	1721.5185532214618
1	1784.1930621295976
1	1972.7148943202312
2	2343.3552256136427
2	2411.572975824175
2	2411.6353724459645
2	2434.3135749934268
1	2542.7427483695715
1	2543.375666878342
1	2551.310258843014
1	2931.7388696908947
1	2944.4057655440242
1	3023.6285519555836
1	3053.84853850382
1	3161.827715419218
2	3185.290596002928
1	3189.6124730725633
1	3339.883775232225
2	3458.432801039169
1	3514.945886546611
2	3572.2238025621227
1	3641.914312181177
1	3786.6400371959717
2	3799.7760653595583
2	3845.2108388033744
2	4027.2906043673897
1	4240.555070154886
1	4340.690151232451
1	4398.496345542749
2	4459.649346162543
2	4482.477034974156
1	4636.902843836095
1	4656.677042415775
1	4764.749417147498
1	4780.654164376112
