1	80.44953398609505
2	116.38743468406265
2	116.46010634161945
2	116.46811289241347
2	116.53952405503578
2	116.55456598556087
2	116.63468543339084
2	116.73071746376604
2	116.81917413810572
1	120.18403799981348
1	120.4105062082409
2	139.84550559165982
2	139.88220186823773
2	139.89027189024065
2	139.91564468498157
2	139.96754555553366
2	139.9841002750232
2	140.03362696591776
2	140.07903943289165
2	140.10481240566088
2	140.19139185320026
1	150.60696324264083
1	150.7648285189922
1	150.77704892579567
1	160.51860948824452
2	163.20091178222188
2	163.26778236061696
2	163.4767078151834
2	163.53348573435446
2	163.6088142854308
2	163.6315572882854
1	180.65373946173156
2	186.57581443117854
2	186.6357328876179
1	200.18645552165623
1	200.91246566542628
1	201.00965425025538
1	201.3242576670119
2	209.95488650764713
2	210.05662481320442
2	233.38751094589253
1	250.39469227967422
1	250.83592349714897
2	256.8145167129081
2	280.23264749218436
2	280.3122543417291
