2	92.78364264420395
2	95.81031888417385
2	95.8616017975834
2	96.671810900953
2	96.95503500802653
2	102.53394892406266
2	102.59919454969645
2	102.64587026195778
2	104.42922667493181
2	104.51146546816328
2	104.52906139022427
1	110.2067061225132
1	110.300583298738
1	110.33435478571073
2	110.48863977628446
1	110.56860112898799
2	113.6961591906909
2	113.69682016443855
2	118.36486120669674
2	119.62391385405493
2	119.62826458557116
2	119.64568726002689
2	119.67918493608933
2	119.70058208028607
2	119.79662136421145
1	120.09276507785445
1	120.12830862680251
1	120.15272909889842
1	120.26888789562604
2	120.5508683378627
2	120.96402393073616
2	121.02964284881558
2	126.40654132214486
2	126.44249660210703
2	126.51185203552487
2	128.21472894214187
2	136.66098861863617
2	143.5160331411117
2	143.5359794641848
2	143.56590367285582
2	143.61758064756924
2	144.4036948373721
2	144.50158234939468
2	144.50324827708764
2	144.5321046029225
2	144.5427171915257
2	144.5730057437993
2	144.61193189918356
2	144.75372410795123
2	144.82468856351716
2	144.83088309121428
2	144.8823549553902
2	144.97058688146484
2	145.05049906919217
2	147.45466913709666
1	150.0763531089415
1	150.1710102612936
1	150.2616627894961
2	150.31795965144806
2	150.44510561162423
2	150.49245936046296
2	152.0701295117637
2	152.12771141045874
2	152.15794896565507
2	152.16042225039544
2	152.25587355372068
2	160.17633308291985
2	160.57202837861954
2	167.30031833286978
2	167.31109415048206
2	167.31817277543246
2	168.22480871130193
2	168.24331053122614
2	168.25335063694058
2	168.29622677972012
2	168.72646253876604
2	168.76132076125677
2	173.34697594763267
2	174.08085350753453
2	174.10861074918554
2	175.83382209687397
2	175.86160904855964
2	175.8844192600592
2	175.9504802632049
2	176.02222951928684
2	177.9239076336055
1	180.30088084144845
1	180.3545202450211
1	180.42914826467538
1	180.5742724359491
2	197.93332438090383
2	199.65330206400495
2	199.66121885028488
1	200.11184608590904
1	200.1966700958951
1	200.2987902066034
1	200.4227161326379
1	200.44758612204438
1	200.5036775554134
1	200.5599718202803
1	200.6479701478446
1	200.74177233291212
1	200.82225078709482
1	200.84596789712745
1	200.89178090868884
1	200.92750053094815
1	201.1581908931959
2	214.96822048165626
2	215.03915132993805
2	216.26274382849624
2	223.4742552176806
2	239.84525740057754
2	240.08660308834652
2	247.26310832980855
1	250.19809583450672
1	250.2522093219394
1	250.26132868648548
2	262.63699115734795
2	269.4617254221016
2	271.12592340967683
2	279.9228480986281
2	286.4384789617234
2	287.55246457995617
2	287.7341287230704
