2	119.0707273049204
2	235.01783784758317
2	235.0216105309836
1	459.4387037723286
1	461.30337676922125
1	489.6763049556896
2	559.4163165524034
1	619.6654247781042
1	1110.5149965301812
2	1115.4955360105055
1	1122.015219217653
1	1379.3957081788528
1	1389.391827172727
2	1648.4729408999947
1	1671.6493218555827
1	1705.3114989660169
1	1784.6459980889142
1	1922.7201722814627
2	2343.588635209184
2	2413.090479642062
2	2413.0951129148975
2	2436.282812880086
1	2492.975455752264
1	2493.4203510812904
1	2501.5054667175777
1	2881.7982512428134
1	2894.516976646112
1	2973.7736427668588
1	3004.05390958048
1	3111.749311435031
1	3189.428840653946
2	3200.9176719047914
1	3289.947318113003
2	3455.765817493852
1	3464.875455079273
2	3548.527273056307
1	3592.0944143750107
1	3736.668533524718
2	3780.1904420204532
2	3826.514528981239
2	4011.9120764797667
1	4190.6214115701
1	4290.827206819455
1	4398.418436078369
2	4452.122828724254
2	4475.359145755261
1	4587.039703610391
1	4606.643665359943
1	4714.819276023141
1	4730.5595946965195
