1	80.57800949628033
2	119.06277843945766
2	119.13063155557077
2	119.21917035824684
2	119.31728630222102
2	119.35929994092766
2	119.38453805342535
2	119.4763663014761
2	119.53175671389108
2	119.5538230957737
1	120.62848671433638
2	148.21265775403
2	148.3120207802051
2	148.45562818871613
2	148.4618492872193
2	148.4862716377949
2	148.64342705640573
2	148.72062532806763
2	148.78993524252294
2	148.8030822199946
2	148.83114943958827
1	151.13430105181246
1	151.35110709713356
1	151.43137112557477
1	160.5500344232986
2	177.42177676571035
2	177.55952934611312
2	177.6407504344035
2	177.6639443978564
1	180.87370219994702
1	200.1755724798938
2	206.4597804889525
2	206.5773084561601
2	235.64258036602504
1	250.30075323366353
1	250.60167051152402
1	251.02692220364366
2	264.63783523347655
2	264.64581769534107
2	264.6552243009304
