1	80.19850648129618
2	129.11206420560816
2	129.2018778318961
2	129.2158621588762
2	129.29952054932016
1	150.0916178186746
1	150.16474287049982
2	157.12137648213985
2	157.20777550615472
2	157.24910680053887
2	157.27423302196297
2	157.28347636610974
2	157.32037873422772
2	157.3805812683269
2	157.43236625403782
2	157.5286680375324
2	157.57275794460185
2	157.62697126021274
2	157.72398031959003
2	157.7783339350298
2	157.79336542660656
1	160.26455529948788
1	180.56446114656856
2	185.26473428767633
2	185.32772918182107
2	185.4169284015527
1	200.15383165524378
1	200.25467263051763
1	201.21398966123135
2	213.32601952321517
2	213.32832454870035
2	213.41173430596993
2	241.4881859413773
1	250.4013287692626
1	250.49681848478423
2	297.59524133082886
2	297.6236906530973
2	297.66192369234113
