1	80.63017228424945
2	112.83075459264651
2	112.89228054801818
1	120.44052400114607
2	142.26920536516562
2	142.29198167091985
2	142.36866581071905
2	142.37630225384672
2	142.46363905749683
2	142.47609915307734
2	142.56914593971572
2	142.57884806516807
2	142.69430535020322
2	142.7761599805527
1	150.35068922024084
1	150.6753194804318
1	150.87197044791662
1	160.53724424533664
2	171.59091295143455
2	171.76822820656855
2	171.8309423726799
2	171.84178742270095
2	171.84749448904384
2	171.89261727632072
2	172.00126730992284
2	172.01104695971281
2	172.07917397869917
2	172.0808197577039
2	172.1420330713483
1	180.82924993901008
2	201.09462880414765
2	201.11534047072738
2	201.25759769515898
1	201.29563868115446
1	201.34629413116096
1	201.7146145551122
2	230.55487691989677
1	250.63894064780285
1	250.83756648425043
2	259.7907017292583
2	289.20535190411744
2	289.24939615029984
