2	116.69461394682754
2	236.0230072626268
2	260.01882990261964
1	461.1201906755307
1	489.6318930505439
1	509.32770011167605
2	546.2969863648946
1	619.5728848111376
2	1119.0769658152815
1	1160.305467103843
1	1171.6729468091419
1	1389.289465782082
1	1429.355443594522
2	1644.1082855689535
1	1705.2640760193162
1	1721.2025750390032
1	1834.3267186148278
1	1972.3303810884504
2	2336.2257361237666
2	2407.805664049778
2	2431.6400878971963
2	2431.6856158968953
1	2493.1616747448556
1	2501.2739310764086
1	2542.4034797399936
1	2881.6572331281045
1	2894.329351869055
1	2973.539022250917
1	3053.3788431528383
1	3111.637712514841
1	3189.2771052772096
2	3195.4287610980614
1	3339.363255235535
2	3457.9388589047926
1	3514.374803439743
2	3601.0762401637903
1	3641.595649940207
1	3786.3104732847946
2	3792.0039274827686
2	3863.6343065215065
2	4030.655552140383
1	4190.441128719058
1	4340.289953389911
1	4398.187943665956
2	4460.211295441741
2	4507.933036435899
1	4636.511783821053
1	4656.335928933952
1	4714.649183923705
1	4730.638040109926
