1	80.72100515706593
2	137.052185117248
2	137.07567642485878
2	137.14530972183556
2	137.17250813575833
2	137.25970687598465
2	137.3406290507898
2	137.34815166047395
2	137.40377926824337
2	137.56738390781257
2	137.5748414712432
2	137.63446476352146
2	137.65148206745258
2	137.6986778221319
2	137.73845031361554
2	137.76997899267687
2	137.82770886334248
1	150.75303342483502
1	150.81146777945793
1	150.9625475957343
1	160.58543439148164
2	166.31472894332296
2	166.38226563156513
2	166.39614329017107
2	166.4889609828411
2	166.5882384362936
2	166.6906348956275
2	166.78826634568497
1	180.91132038735012
2	195.3867947428197
1	200.74903829797097
1	200.8287598165874
1	201.44011577614782
2	224.5626464901885
1	250.90657619603635
2	253.57488418056923
2	282.78752698938206
2	282.82641464569286
