1	80.77026450941041
2	104.50765235231017
2	133.691922012649
2	133.73565370727175
2	133.87038929044738
2	133.89601050274575
2	133.94212058178812
2	134.0090155226462
2	134.06535054672972
2	134.06704000964092
2	134.16122262152575
2	134.20918978771215
2	134.2987632224554
2	134.30411552778054
2	134.35100589841537
1	151.48593680882306
1	151.57234144116873
1	151.69555143046952
1	160.94258868742145
2	162.97721183903457
2	162.97810134510837
2	163.0284385488242
2	163.0535140366034
2	163.08100801021902
2	163.17974869841626
2	163.2275121216496
1	180.96457945624473
2	192.1762816717796
2	192.20112186271317
1	201.11055075565417
2	221.38139909805645
2	221.4504360103089
2	221.63139889651023
2	221.7520829810307
1	230.78712335159943
1	250.39844366840234
2	250.60694717659524
1	250.78448985570424
1	251.19358173628552
1	251.35029353160292
2	279.79753209646356
2	279.8722009940156
