2	109.51499985258904
2	228.84548645922848
2	252.79318671508253
1	461.09648213943524
1	489.68231031976165
1	509.25610779669944
2	539.0696401381846
1	619.5884093276624
2	1111.8158282877964
1	1160.3102515662483
1	1171.6024610638192
1	1389.2184525963585
1	1429.319536325949
2	1636.9300858807958
1	1705.2376868327942
1	1721.2902512086148
1	1834.3000902913548
1	1972.3302010888879
2	2328.968838361322
2	2400.6220191629327
2	2424.45888043789
2	2424.616215804073
1	2493.2420284786767
1	2501.2839643620264
1	2542.376127089414
1	2881.6190010030637
1	2894.3327107764994
1	2973.533299445621
1	3053.4190876296616
1	3111.6746167023066
2	3188.1392735430977
1	3189.3524378885613
1	3339.380447526781
2	3474.4970820330004
1	3514.411732086443
2	3617.6867267313824
1	3641.566505127532
2	3784.7387813953583
1	3786.2837709380615
2	3856.4001319261165
2	4023.381376535982
1	4190.425216307843
1	4340.29890896556
1	4398.206884483253
2	4452.965475872387
2	4500.769590618429
1	4636.463815490472
1	4656.270316399916
1	4714.583088305713
1	4730.6790322347315
