2	156.06467259542146
2	240.2279920098094
2	268.22391886227723
1	459.38209713435396
1	461.14513689613716
1	489.5916568215074
2	548.6565761732927
1	619.6268349789323
2	1109.5052399892102
1	1110.368664880423
1	1121.8802135426129
1	1379.3973927706636
1	1389.200510821586
2	1670.2604780067113
1	1671.4901979541544
1	1705.316247307784
1	1784.6500424235905
1	1922.5499210704863
2	2343.260332418981
2	2399.3272104526563
2	2399.348655558547
2	2427.3413877350163
1	2492.7310874999894
1	2493.217983929526
1	2501.3355362335324
1	2881.701729381503
1	2894.436324005982
1	2973.6179190791304
1	3004.027722765142
1	3111.713925122664
2	3184.4747629450867
1	3189.3281129326365
1	3289.8818686874274
1	3464.8790660397676
2	3492.912597492367
2	3577.0351869376664
1	3591.922698284478
1	3736.526493341261
2	3801.3200909555862
2	3829.400645555444
2	4025.6834635124173
1	4190.453384453042
1	4290.658078836735
1	4398.2180249514995
2	4446.271772818676
2	4474.3332828209295
1	4586.871763931774
1	4606.58826299164
1	4714.672693648317
1	4730.611486581934
