2	125.5969521547113
2	239.53126538296343
2	267.91861977754735
1	461.3336449343149
1	489.88559521803137
1	509.6330308246382
2	552.7858392230935
1	619.8326247539063
2	1122.2763196144215
1	1160.5161375960654
1	1171.884636305752
1	1389.5198696728698
1	1429.5604628596798
2	1663.3910782578637
1	1705.5090537772692
1	1721.433845154611
1	1834.5848707228051
1	1972.4096995736206
2	2318.3147202745376
2	2403.7695115018414
2	2432.271252190267
2	2460.713980563217
1	2493.5187613826283
1	2501.5945184383277
1	2542.6957284606133
1	2881.873491304957
1	2894.5927227729644
1	2973.7128227626436
1	3053.594733782526
1	3111.2283234216065
1	3189.6349399608507
2	3201.1555500309596
1	3339.6162166068048
2	3485.8478831416983
1	3514.645458946054
2	3599.8368800110434
1	3641.7393849047075
1	3786.590345363237
2	3799.0984886381016
2	3884.5815951159593
2	4055.418189007179
1	4190.632630285919
1	4340.608618667054
1	4398.468002161204
2	4454.07718871769
2	4511.068876914962
1	4636.680203633265
1	4656.634796034425
1	4714.929085392853
1	4730.862621803376
