1	80.51538311873449
2	112.08921116866367
2	112.18517494226391
2	112.19323432046181
2	112.23082836240545
2	112.2753347184498
1	120.509579491846
2	135.71724278315878
2	135.82103985920733
2	135.8963457131713
2	136.01078591147
2	136.04739298889572
2	136.11080540414915
2	136.20800753540078
2	136.26732928375634
2	136.34562397201012
1	150.4970510785166
1	150.6468949044514
1	150.83282653098198
2	159.2056839596204
2	159.33525020986244
2	159.51038349384197
2	159.61435386636862
2	159.63046904450505
2	159.65435257196214
2	159.6998435084458
1	160.6864460305567
1	180.84594446747505
2	182.83367611291828
2	182.91759973275956
2	182.960008001944
1	200.7634932655749
2	206.33979972527544
2	206.4674702574416
2	229.98563061679107
2	230.04322345022086
1	230.8153493521409
1	250.26071816065277
1	250.53365977121504
1	251.00599128900708
1	251.25410334796598
2	277.1258816095755
2	277.18810816961593
2	277.25937038099016
