2	156.64654397345552
2	202.26153718733036
2	247.9761441665933
1	509.4651298948397
1	511.28121570312834
1	539.7731546287508
2	544.5854191116701
1	669.5740498681639
2	1115.2117022201783
1	1160.4662141436702
1	1171.985709908843
1	1389.3963172420536
1	1429.5057976466665
2	1662.9592004480126
1	1705.5163168208364
1	1721.514980805518
1	1834.751685481034
1	1972.6967363410859
2	2347.6087367414743
2	2416.0750498181287
2	2416.0918899741005
2	2438.8896778233393
1	2542.8313090804636
1	2543.492924473039
1	2551.40712003279
1	2931.690085553172
1	2944.436029417215
1	3023.7316883803123
1	3053.9692872639
1	3161.909912324816
1	3189.5525484715513
2	3191.961681588152
1	3339.95844530278
2	3488.694629340002
1	3514.961516282172
2	3557.103018307506
1	3641.9189812039835
2	3785.3741589663987
1	3786.7215601037806
2	3830.9860547723924
2	4036.4245647418293
1	4240.648168347187
1	4340.765430185862
1	4398.443027101669
2	4447.2269987135705
2	4492.8355618576215
1	4636.890643902463
1	4656.629552142831
1	4764.720224276804
1	4780.676823512202
