1	80.50985791101856
2	108.52975532733059
2	108.62679767967522
2	108.68133990326413
1	120.1176017272502
2	137.35926514034594
2	137.4513674985749
2	137.46316042070202
2	137.49251828120137
2	137.50916100991057
2	137.5102915962776
2	137.51332568635934
2	137.61426193656706
2	137.63463751104715
2	137.66408867402396
2	137.70012980382756
2	137.70414590065351
2	137.7042700910438
2	137.76473696597532
2	137.78188703417067
1	150.49021276816225
1	150.68353996995862
1	150.74187681199393
1	160.6099766040785
2	166.32614036798793
2	166.37209028883183
2	166.42619806561748
2	166.47136655794347
1	181.19741591246373
2	195.1892427408332
2	195.32756116024837
2	195.36561708288528
2	195.4146820258582
1	200.13044802533338
1	200.8180819097835
2	224.1206576411544
2	224.16367307887478
1	230.6710368964864
1	250.17160703807613
1	251.00331802137245
1	251.18560267348698
2	252.9647867783971
2	281.9824297601692
2	282.0406298471594
