2	136.85569394721034
2	208.3160539990233
2	255.93479877469963
1	461.1875976606747
1	489.585681542377
1	509.23024069935366
2	541.9621929346292
1	619.3854355142428
2	1090.0900956473035
1	1121.8014330534504
2	1137.7583171250221
1	1160.3480216215441
1	1171.603424085684
1	1389.2002767164367
1	1429.3832731986922
2	1661.9790646311235
1	1671.435472613351
2	1685.8098750075908
1	1705.3645186154745
1	1721.2636867761423
1	1784.4354645526134
2	1804.9482408338658
1	1834.397069767624
1	1922.4444300700056
2	1947.90999478289
1	1972.399101868809
2	2329.275653957245
2	2400.763530308469
2	2424.60447510452
2	2424.701280984184
1	2492.622055543386
1	2493.333262131478
2	2496.0443045250668
1	2501.2892182623323
1	2542.5668733654948
1	2881.5074577369437
1	2894.398527531792
1	2973.39305350215
1	3003.730770409474
2	3020.2872993408423
1	3053.4630148386027
1	3111.5340095042316
2	3187.148236257499
1	3189.353255094298
1	3289.6289739832873
2	3306.2741480600016
1	3339.5457928752835
2	3449.311574602398
1	3464.670121504654
2	3473.239586912163
1	3514.495064322928
1	3591.8101760338377
2	3616.049469547961
2	3616.1442833943006
1	3641.622859276263
1	3736.381986985327
2	3759.0619974907972
2	3782.8571827474416
1	3786.368642406623
2	3854.3630327048086
2	4021.201737935577
1	4190.457512782124
1	4290.604110827715
2	4307.124880207921
1	4340.2916401910015
1	4398.253619718983
2	4426.282512374364
2	4473.94888082994
1	4586.620197415646
2	4593.1258319519675
1	4636.530014021576
1	4656.286877704928
1	4714.55305388286
1	4730.369216895256
