2	132.3440196109262
2	203.32464120394573
2	250.54403591920655
1	461.4154953973964
1	489.7007422506182
1	509.357537342692
2	558.0243867218364
1	619.67373831855
2	1125.7173194131065
1	1160.4920872868227
1	1171.9351814299096
1	1389.354030529995
1	1429.454976115815
2	1645.9298491732413
1	1705.5498024134831
1	1721.4104411568283
1	1834.581693918015
1	1972.5686113021977
2	2355.402952058532
2	2426.2626226384514
2	2426.264325568033
2	2450.0023560896097
1	2493.4879793733667
1	2501.5623042662387
1	2542.7833859795205
1	2881.6656783513527
1	2894.586502758729
1	2973.7697449305388
1	3053.593313711034
1	3111.729572625473
1	3189.57893364905
2	3206.700552601434
1	3339.7595394465484
2	3466.866745368894
1	3514.6524386450305
2	3561.4820124052076
1	3641.7186574851335
1	3786.481107731782
2	3797.9957066336347
2	3845.2868490568876
2	4010.7939306127164
1	4190.632233165777
1	4340.490730935297
1	4398.650989314336
2	4436.47236837017
2	4483.762728631544
1	4636.679406763972
1	4656.475014226276
1	4714.181039839889
1	4730.735267084473
