2	101.26218515752474
2	110.36954670199137
2	194.16062447408626
2	218.03167537140948
2	220.59218217825187
2	228.0782095361713
2	241.8997355836012
2	244.5499665204566
2	251.66869096122966
1	459.12431918406804
1	461.0846762901215
1	489.59643434329473
1	509.15174173058864
1	509.2916017405009
1	509.6061582410918
1	511.09965072933556
1	511.2068481699429
2	530.8630075595563
2	534.3355646214745
1	539.6611744550568
1	539.8511994004245
2	551.9917585788696
1	619.580674672462
1	669.5564366617509
1	669.6490914769556
2	1100.648718387205
2	1103.5962605008988
1	1110.2860114098912
1	1110.4482513542864
1	1121.2193478749891
2	1123.082202705316
1	1160.282483357321
1	1160.623823255828
1	1171.6687516248112
1	1171.862967072153
1	1172.0448969182678
1	1389.216536637516
1	1389.2634017923338
1	1389.5066540911293
1	1429.2746905939212
1	1429.3820502001447
1	1429.5953229621769
2	1649.3657956741924
2	1652.5247872663438
2	1688.3263451356825
1	1705.2679688765984
1	1705.3138327378447
1	1705.741074263162
1	1721.2772071197173
1	1721.3364683695581
1	1721.5220827170199
1	1834.3110689071207
1	1834.5255245769451
1	1834.7215689619854
1	1972.2691747108017
1	1972.5250470479582
1	1972.7285428833761
2	2306.1035123829033
2	2317.306802660459
2	2320.6919668588885
2	2324.2694707690935
2	2388.8923680107573
2	2392.3503568153606
2	2395.0574787071137
2	2416.196751179332
2	2418.5321760527067
2	2436.547609297134
2	2440.094327701512
2	2442.0654355769525
2	2460.4541622051174
1	2493.2142616216283
1	2501.331202764326
1	2542.431058176076
1	2542.7497729105967
1	2542.9160375365063
1	2543.2110722837556
1	2543.4067015783635
1	2551.2286859080173
1	2551.4168688362383
1	2881.669754014558
1	2894.257684018862
1	2931.6262808458064
1	2931.732329940749
1	2944.327046726492
1	2944.4815292595495
1	2973.5362601833626
1	3023.537229209794
1	3023.6489623852312
1	3053.468144603999
1	3053.817468170398
1	3053.8814706669386
1	3111.673027472058
1	3161.6656591559395
1	3161.8710658755135
2	3179.91013387658
1	3189.339428099006
1	3189.381630045579
1	3189.7589156734857
2	3195.767375884324
2	3199.9367587079046
1	3339.369152500239
1	3339.8159242671386
1	3339.940977803772
2	3454.848042679796
2	3466.320520379693
2	3486.2299847005866
1	3514.417200154947
1	3514.776253208965
1	3515.0081405796554
2	3557.816951099051
2	3572.6104142145914
1	3591.220809771706
2	3609.5052328149336
1	3641.5592570901126
1	3641.88165863414
2	3776.553138653923
2	3784.5556241453965
1	3786.313938519493
1	3786.5489617988237
1	3786.740127588064
2	3796.3836844322486
2	3820.1526158193183
2	3831.6890386448517
2	3871.9702589213653
2	4034.9420925625636
2	4039.0034842939567
2	4043.6769825360375
1	4190.506375691671
1	4240.437074658078
1	4240.70437705476
1	4340.2908142607375
1	4340.6414895837
1	4340.857050281937
1	4398.131923134822
1	4398.24119148551
1	4398.789172658878
2	4440.419834908476
2	4444.121936537217
2	4444.7193335059565
2	4464.274398658385
2	4491.172954013868
2	4492.484060160412
2	4503.560924159322
1	4636.514965318584
1	4636.756513609262
1	4636.917803578377
1	4656.281472675198
1	4656.485550365119
1	4656.607234709523
1	4714.609239071958
1	4730.713583221968
1	4764.639656563812
1	4764.8303010937625
1	4780.561417037509
1	4780.610085049061
