1	80.54955069228268
2	105.90002544310272
2	105.92298183117461
2	105.94914269162227
1	120.56258355853889
2	129.49014405182055
2	129.58058809717392
2	129.6656368985823
2	129.7322207409201
2	129.77053999547675
2	129.84667151284782
2	129.86030488523792
2	129.92718615700426
2	129.94266997943674
2	130.0135247689868
1	150.44909185003604
1	150.688470684167
1	150.92560123915496
2	153.11023985922373
2	153.27285302927794
2	153.44175624933928
2	153.51372553960746
2	153.61637665777772
2	153.7075938157509
1	160.72682128178553
2	176.64916658967408
2	176.68160286478383
2	176.78029675740675
2	176.90695465305342
2	176.99927404411812
1	180.7942404828048
2	200.22414056090847
2	200.32547080315732
1	200.82093877948932
2	223.8405916402175
1	250.28016107538508
1	250.5279860033774
1	250.96709138861132
1	251.24138591300274
2	270.8722041153675
2	270.96212788944376
2	271.01273093211637
