1	80.22975356777361
1	80.48245257291424
2	121.15322038487218
2	121.16160605008533
2	121.18605663066526
2	121.26260510665244
2	128.38787259630303
2	128.42198538402982
2	128.5000670454947
2	128.50310261292427
2	128.58691754292008
2	128.67677966275963
2	145.04708783988272
2	145.05925004472374
2	145.0616370724615
2	145.11440012777535
2	145.18844046426523
2	145.22733352048706
2	145.25989533387076
2	145.31007708948692
2	145.35147787008265
2	145.42649653801053
2	145.45440892640116
1	150.16669961323868
1	150.22836816774267
1	150.59964350596508
1	151.26779178670878
2	151.3901544888484
2	151.41208321675163
2	151.47036390622284
2	151.5151434236196
2	151.68280667218932
2	151.77616062629224
2	151.80001404995886
2	151.85023494412266
2	151.94375057978746
2	151.9814607382686
2	152.0735427977255
1	160.2729623379148
1	160.5178145946057
2	168.9688114712241
2	169.0007577114287
2	169.05725796244903
2	169.15201688355518
2	174.37709999174936
2	174.48189895437233
2	174.54278544755576
2	174.67519519938278
1	180.70199934272785
1	181.0152788820163
2	192.8832644063547
2	192.9617235509648
2	193.01089254120757
2	197.344146250666
2	197.38168345896827
1	200.20074468485848
1	200.2358064396633
1	200.5676049462073
1	200.78724785562594
1	201.38241396297235
1	201.49425627244898
2	216.73094239033793
2	220.24792404047002
2	240.71544742143786
2	240.76769805714503
2	243.19294430469947
1	250.36954674708343
1	250.5252912192726
1	250.60293351912222
1	250.83778113903585
2	264.594325710933
2	266.22602109106543
2	266.2391605798497
2	288.53113869282
2	288.5679789252379
2	289.2092981080127
