2	121.7570238872198
2	236.0854562493315
2	236.09354396464732
1	461.31107812779265
1	489.80216966080434
1	509.3755141636343
2	550.5771019605153
1	619.7414424392264
2	1122.441169122669
1	1160.4400414997103
1	1171.703203487054
1	1389.3274857814224
1	1429.3457399940207
2	1665.6928833163759
1	1705.3748157204288
1	1721.3210361333747
1	1834.5283809376622
1	1972.3587440647811
2	2323.2927551147322
2	2409.071948870451
2	2409.0847644054293
2	2437.688748438994
1	2493.4591802265804
1	2501.478321375562
1	2542.540780002913
1	2881.8213742206044
1	2894.412002590223
1	2973.779336506673
1	3053.6070462554057
1	3111.7150214717685
2	3181.0486986100746
1	3189.3954472474534
1	3339.5535656023517
2	3467.0239556134816
1	3514.6159136668807
2	3552.796214092935
1	3641.590843855428
2	3781.5047273079444
1	3786.3788239681458
2	3838.7270594773763
2	4038.8047764836083
1	4190.575765666024
1	4340.410259551374
1	4398.285333907785
2	4439.086423253603
2	4496.3174400935195
1	4606.240207306222
1	4636.596090778358
2	4639.259979253855
1	4656.436812914032
1	4714.795243004332
1	4730.739627901733
