2	126.43804312606524
2	130.3303116146428
2	130.8950586132535
2	217.17365392035978
2	225.75930884830564
2	226.65621751678134
2	249.5820491135814
2	250.60554377966443
2	262.5779973328456
1	459.2978958138784
1	461.0629697229529
1	461.4288343256867
1	489.6401550125234
1	489.6878038627767
1	509.3776994443301
1	509.7469858226452
1	511.41584551670286
2	534.8112131611002
2	535.841323211666
2	537.6484735498697
1	539.9928619330198
1	619.2702287881873
1	619.580181111142
1	669.8091491377074
2	1108.1927031574542
1	1110.3999507151975
2	1111.7551671290714
1	1121.526736374059
1	1121.7928043362642
2	1124.5830060472915
2	1135.7588776348416
1	1160.4430374854326
1	1160.8590839365243
1	1171.8950995857033
1	1172.218775458747
1	1379.288313042827
1	1389.1213383253362
1	1389.3000349841743
1	1389.8994044685967
1	1429.460304790961
1	1429.8374709298964
2	1656.7669246122182
2	1661.9984798987969
2	1669.070231814238
1	1671.1639282142437
1	1671.431525167666
2	1685.982183182137
1	1705.2290852434985
1	1705.5704843401545
1	1706.0436922694864
1	1721.3669297782326
1	1721.7645724625604
1	1784.224446152968
1	1784.5384625125982
2	1805.5257975551815
1	1834.586506342254
1	1835.0622746734177
1	1922.3217133360483
1	1922.4734131860953
2	1949.0133417409477
1	1972.4813916599724
1	1972.8684421136952
2	2324.6519545903125
2	2326.9073819633977
2	2331.8321629248876
2	2394.969684411519
2	2396.216243905202
2	2396.25251674845
2	2403.6193190237354
2	2417.6052422968396
2	2420.0430278154263
2	2427.4997695883153
2	2440.2838544037495
2	2451.383154959712
1	2492.559570704124
1	2492.739721147856
1	2493.2574997938277
1	2493.49558224231
1	2501.312729776208
1	2501.5142128899224
2	2523.1576140055186
1	2542.592840601158
1	2542.6819437103413
1	2543.631011656426
1	2551.725073600073
1	2881.610748956087
1	2881.695307699716
1	2894.3254883580853
1	2894.6525204299514
1	2931.9698885170296
1	2944.732025273947
1	2973.27270877989
1	2973.5615793444717
1	3003.439268545353
1	3003.9330784529357
1	3024.002920809021
2	3025.5222101758345
1	3053.6055768687856
1	3054.1742060138713
1	3111.2722570232404
1	3111.6261310784066
1	3162.0446344573443
2	3183.202748232923
2	3188.882978056822
1	3189.3733123490215
1	3189.572913523015
1	3190.044229754518
2	3192.998416339685
1	3289.5018999267036
1	3289.744490255223
2	3312.619422191903
1	3339.6997941702507
1	3340.0920718309703
2	3456.1835628962062
2	3461.1796950757152
1	3464.2343792084193
1	3464.8570178693026
2	3469.454019759901
2	3480.103516258667
1	3514.5453585843366
1	3515.1860060639096
2	3551.830959359012
2	3564.8341490145845
2	3574.5383526964133
1	3591.3654197052765
1	3591.8375885778555
2	3623.671002310308
1	3641.6187629765427
1	3642.195564835783
1	3736.298338128707
1	3736.5478742806145
2	3743.265129414865
2	3779.5443946978344
1	3786.4437312749683
1	3786.936867836207
2	3791.0846717065415
2	3801.474911154176
2	3827.237578138826
2	3838.9764384957493
2	3846.7787572069647
2	3997.666707030039
1	4190.1838700892495
1	4190.487907422509
1	4240.795114434235
1	4290.431586077011
1	4290.672724515649
2	4317.412119359653
1	4340.447274030424
1	4340.960995455034
1	4398.211656789014
1	4398.530403760801
1	4398.865390208326
2	4436.998178536246
2	4447.291268870398
2	4459.3361736252655
2	4471.1720665061775
2	4484.872440821384
2	4504.658015016055
1	4586.273494425687
1	4586.821799082106
2	4604.49527969539
1	4606.490506601479
1	4636.601919710087
1	4637.217829916373
1	4656.479914494309
1	4656.86681320857
1	4714.391562000065
1	4714.523155811767
1	4730.540651211362
1	4730.706426153965
1	4764.858328738201
1	4780.95717876265
