1	80.17269551151435
1	80.40808230923676
1	80.5968309312687
2	108.99909147282753
2	109.07471731649112
2	109.12768048259663
2	109.20057513862811
2	109.2902276625598
2	109.52546280453376
2	109.59911462963271
2	109.61434695750278
2	109.65460041188389
2	109.72052509785648
1	110.5028911702647
1	110.61130841354255
2	119.5136068525456
2	119.52224652219643
2	119.5302120196465
2	119.56170615204883
2	119.61876899272748
2	119.65235231307214
2	119.68215411623142
2	119.71502791048795
2	119.80188984825578
1	120.12744552900557
1	120.31256872734308
1	120.33996307115544
1	120.41341923642698
2	132.4505166994965
2	132.4586074384539
2	132.47616742615236
2	132.5361888626462
2	132.618844921294
2	132.80496926979382
2	132.8653889441265
2	132.89394808523755
2	132.98602837218903
2	133.4445549170771
2	133.5376444940125
2	133.60277455015864
2	133.66049401880127
2	133.74683968072154
2	133.787060959599
2	133.78958094835977
2	133.8091811563407
2	133.88746848126675
2	133.91243108623488
2	134.01165488938184
2	143.2945459949239
2	143.36873269478275
2	143.39163749735314
2	143.54202893196964
2	143.5487718237593
2	143.5741864552631
2	143.65528752926468
2	143.66192055225721
2	143.74388149104715
2	146.73037741194213
1	150.1244629322015
1	150.22086598272233
1	150.2599455010113
1	150.2741099686373
1	150.41889903347368
1	150.4480029861575
1	150.55284864397285
1	150.74869435536115
1	150.7521426034912
2	156.00865648435848
2	156.01357098748304
2	156.08842322458474
2	156.11754661585974
2	156.1728680018542
2	156.23989568591202
2	156.33135149198873
2	156.35416395148923
2	157.5469186067912
2	157.63454213487978
2	157.64754240928696
2	157.67941025381492
2	157.70411500752596
2	157.73060583563935
2	157.81521497769927
1	160.34779855883028
1	160.48967875073834
2	167.116234820258
2	167.246817545013
2	167.31943186627004
2	167.38269240908886
2	179.57349634744884
2	179.60218193485412
2	179.72155270948628
1	180.63073797878857
1	180.77855492893505
1	180.8785621659148
2	181.48595237428688
2	181.54844542470389
2	190.92011137378083
1	200.08829146320514
1	200.3195209580685
1	200.50625566420572
1	200.81711443059345
1	200.8648226539461
1	200.89402979835748
1	201.2015652170221
1	201.3648514414505
1	201.39695926850234
2	203.16133838724716
2	205.31274476138861
2	205.33100928784913
2	214.8122060024505
2	226.69012607762576
2	226.80864578188647
2	229.1703572293886
2	229.21384194583524
2	238.5784602825956
2	238.59171139022257
2	250.11823961529683
1	250.25993568087682
1	250.33909273051032
1	250.3627432191212
1	250.54857746609497
1	250.60888692579286
1	251.0657458262795
1	251.2431526259868
2	253.17432424501524
2	266.8965091684406
2	273.6582904657944
2	273.6797016747749
2	273.69247076148093
2	277.076098295267
2	277.1210261042602
2	286.2337493594239
2	286.2700090884229
