1	80.14585016702574
1	80.21130028063142
1	80.24345102516438
2	95.35111328640836
2	95.37956325374708
2	95.55089804873143
1	110.50718499544907
2	114.22867339444879
2	114.30289198061368
2	114.32385621866727
2	114.39765936201337
2	114.4626069170288
2	114.54302491889173
2	114.56530087237367
2	114.58578674955685
2	119.23492257901212
2	119.32778812036437
2	119.44088079473353
2	119.53596451784354
2	119.55559469108032
2	119.6039899402337
2	119.68210953864973
2	119.7348969932681
2	119.776481205889
2	119.9647288121121
2	120.05170066080936
2	120.11508654995653
1	120.14065022074922
1	120.1491670023057
1	120.34466092078259
1	120.35645351016417
1	120.36240377467306
2	124.87441088321987
2	124.92767608257495
2	138.01108413972847
2	138.04977438305582
2	138.14356316382433
2	138.14697826009535
2	138.16400807784714
2	138.17948436325457
2	138.20999770806662
2	138.29907513103794
2	143.05034419817443
2	143.1413374138817
2	143.3184027937508
2	143.35674452217796
2	143.3651734368816
2	143.41455541283136
2	143.42629597522125
2	143.44925652534826
2	143.53309360212504
2	143.5760706910655
2	143.64613346799538
2	143.69630642579264
2	143.75664129210028
2	143.82810523045347
2	143.9187242909309
2	143.9865489572935
2	144.09279687269057
2	144.1249932010102
1	150.10192547647503
1	150.1288353699367
1	150.176184415943
1	150.194646942998
1	150.28824692759198
1	150.3073310040281
1	150.39003028999804
1	160.26055013750607
1	160.4926128117331
2	161.83881972743455
2	161.88785155370016
2	162.00423015297517
2	162.01874562478818
2	162.10104492947886
2	162.15696659459124
2	166.90974510178515
2	167.0446443444995
2	167.05512286678507
2	167.12068456947813
2	167.2051272527113
2	167.22477989040058
2	167.24911040028348
1	180.59936783084123
1	180.6880533090827
1	180.71237613850738
2	185.71320047446252
2	190.72782121814043
2	190.7334512508881
2	190.9145584717761
2	190.99614383719717
2	191.30554315270481
2	191.4043024616082
2	191.43691842024538
2	191.46326576430315
1	200.0923928937274
1	200.09535731329666
1	200.19131760477828
1	200.26158879641216
1	200.88318152861603
1	201.15373318243138
1	201.1768407071562
2	209.48756980263815
2	214.5416642932741
2	214.6948873544269
2	214.7398806547654
2	214.77940085958858
2	214.8418288708967
2	214.86097282844983
1	230.59627393393345
2	233.34983021938228
1	250.14049848330876
1	250.34939353616554
1	250.41755739645555
1	250.45978200590807
1	250.91888662488333
1	251.10244404816765
2	257.1825662785171
2	262.26107090253623
2	262.324985853666
2	262.48311907814696
2	280.91666497558526
2	280.9731832308182
2	286.0821024651437
2	286.33110700554437
2	286.3668289161238
