1	80.3475267027384
1	110.59547133405212
2	120.38434721924247
2	120.40668837519658
2	120.41922775922257
2	120.50981030709208
2	120.55011811904805
2	120.62165827346044
1	120.71280959135964
2	143.49112933249717
2	143.57307026965094
2	143.63061375543418
2	143.8255233285573
2	143.89480122045958
2	143.97047110220598
2	143.9877870782143
2	144.08320474436167
2	144.09681641873135
2	144.1013446261643
2	144.18447726463532
1	150.18555507312226
1	150.23479415177394
1	150.2973024322684
1	160.3389114366357
2	166.97321006117807
2	167.03600760077057
2	167.10307054647663
2	167.1403682529741
2	167.1966277108998
2	167.22553881360656
2	167.32064152031253
1	180.6467531638456
2	189.95009881214966
2	190.0581140082862
1	200.44561089164674
1	200.5181130686376
1	201.03272956435742
1	201.2170264864002
2	213.19872428278498
2	236.3417291644842
2	236.3605256088503
1	250.44952748769194
1	250.53514660087265
2	259.49994273477313
2	259.5950176896372
2	282.64458096721495
