1	80.1897173637603
2	95.21032336059199
2	95.22503089255869
2	118.70047053940756
2	118.70547242946071
2	118.80836824789031
2	118.8850616575037
2	118.96543123687404
1	120.13653659715602
1	120.24128997942603
1	120.43810213873881
2	142.2483978228816
2	142.31221241362223
2	142.40084949271676
2	142.40593005279814
2	142.44793435504886
2	142.5110752944903
2	142.5986452559987
2	142.65984772172234
2	142.7352147645074
2	142.80752065871997
2	142.8682606696722
1	150.18176503191333
1	150.29248769158457
1	160.58918629994412
2	165.73457309673313
1	180.70220115413122
2	189.1410408322847
2	189.21504233314042
2	189.34772726482626
2	189.3871613366685
2	189.4703825026496
2	189.4800071635842
1	200.22467447027896
2	212.7834232684614
2	212.84790884126113
2	212.8496774974787
1	230.64920527233355
2	236.26285017829076
1	250.1657225535964
1	250.2670325543203
1	250.93608214572632
1	251.14380745372736
2	283.08750193054357
2	306.61867551627927
2	306.66515852328
