1	80.81539885853441
2	108.57329573850319
2	137.8088783970028
2	137.84962046430917
2	137.99536825241853
2	138.04002886524827
2	138.055189144557
2	138.12605680873844
2	138.20727962735344
2	138.3065886070216
2	138.35374442598135
2	138.43691738471549
2	138.50884596484966
2	138.58748986846007
2	138.60043929136043
1	151.5324588140681
1	151.61932719773165
1	151.65538537571354
1	160.93384374198922
2	167.06863623530742
2	167.11503094817175
2	167.17175252666772
2	167.21783985580774
2	167.27473359491327
2	167.36313658498725
2	167.4231012065965
1	180.9814486068768
2	196.22244447035527
2	196.31727527569666
2	196.47634753338954
2	196.4867884534527
2	196.54133174596382
1	200.33167643092267
1	201.08675595142648
2	225.57525261716353
2	225.72795075662617
1	230.82436379744573
1	250.4034814181736
1	250.66686129447905
1	251.13607954630442
1	251.33949392784487
2	254.71526634979583
2	283.85770755675554
2	283.88287276133957
