1	80.11259718277749
1	80.20862631305432
1	80.39492701724932
2	104.0517935511555
2	104.07272655398071
2	104.1134584454551
2	104.11810916567384
2	104.13562662208668
2	109.31224038881348
2	109.41155495484398
2	109.48327312991648
2	109.5634527065795
2	109.63228394307755
2	109.71151006801621
1	110.42453512166732
1	110.52035890069209
2	114.23517949571752
1	120.15816095465742
1	120.2744812848185
1	120.38993280183044
2	127.94937461846544
2	128.03397031098572
2	128.1620506346514
2	128.2364110368718
2	128.30609673249268
2	128.3708167875605
2	128.45958484364917
2	128.52516635891055
2	132.38208034675625
2	133.11643369983807
2	133.14322305399497
2	133.22423697073174
2	133.2841210093715
2	133.37136808391594
2	133.41815568414586
2	133.45830196475427
2	133.53431653569737
2	133.55741843201662
2	133.55893820168376
2	133.62490937624074
2	133.7009504165508
2	133.70951188830205
2	133.7173647279428
2	133.72386079118021
2	133.73675697553065
2	133.80228621212103
2	133.86410690726325
2	133.8699353896282
2	133.94066525640318
2	134.00163650999178
2	134.06678680143875
2	134.09841587819943
2	134.1075709784563
2	134.20305447909072
1	150.03084533032887
1	150.1015609932047
1	150.1499187121872
1	150.21680579492448
1	150.52824476743388
1	150.64057741354046
1	150.6775655255541
2	151.78259965967055
2	151.99113796663667
2	152.0101540524207
2	152.110550135876
2	152.1201451073902
2	152.16556568490174
2	156.98964888453955
2	157.05768007660518
2	157.1608308497125
2	157.2539277894583
2	157.27544228709644
2	157.34378308112156
2	157.41040157200044
2	157.49933714757393
2	157.5919553872432
2	157.72961154057464
2	157.8018258666494
2	157.88317114777843
2	157.9554669475897
1	160.27226655870152
1	160.30786044754836
1	160.39938641691384
2	175.49854114806206
2	175.50522204262575
2	175.55133034052741
1	180.38001418862478
1	180.5736951349447
1	180.62189857928584
2	180.82744352116617
2	180.87515877000394
2	180.96802493917653
2	181.074177994331
2	181.330821679267
2	199.38493850734162
2	199.47717866930464
2	199.6575373113799
1	200.09355026707163
1	200.21313951800363
1	200.3035417295831
1	200.42356238645684
1	200.47487461854362
1	200.66375565777795
1	200.79192141895
1	200.8820210522485
1	201.11568569321724
1	201.16726185782738
2	204.61585439140634
2	204.6398209108199
2	204.79964502719605
2	204.86097019454294
2	223.3155319797067
2	228.49364434060723
2	228.54382518983974
2	228.873427790503
2	247.05668960614312
1	250.3843628200401
1	250.39663231345392
1	250.459290497144
1	250.47656123839215
1	250.57273390305104
1	250.59888977622478
1	250.65246278139227
2	252.29629401984747
2	252.5294114288581
2	270.88539556591064
2	270.9264383149251
2	270.9926576171253
2	276.12976194121734
2	276.1448340945353
2	276.3182226215317
