2	128.00701278206267
2	215.56547747054987
2	274.034107635285
1	461.2317497897272
1	489.606590894101
1	509.53098927989276
2	536.7933422153106
1	619.7260366096319
2	1120.8325941809526
1	1160.4106888192725
1	1171.762671998017
1	1389.3706740918863
1	1429.5550372503285
2	1675.7033021335253
1	1705.4541912987506
1	1721.4465215405542
1	1834.5335517274048
1	1972.4724119777584
2	2347.3097650785044
2	2405.737234682797
2	2435.002316021056
2	2464.196770687422
1	2493.478111229585
1	2501.5938972330932
1	2542.6192041843356
1	2881.7097607461787
1	2894.502232575755
1	2973.732701155511
1	3053.6267915045396
1	3111.858670076549
1	3189.472636158691
2	3194.157714278229
1	3339.60015564845
2	3486.1806692964797
1	3514.5533816229154
2	3632.243809391142
1	3641.646511162421
2	3778.2980656427085
1	3786.440125949259
2	3895.0406857375683
2	4041.0634435719708
1	4190.568993919587
1	4340.439585615032
1	4398.480676798772
2	4449.835977389584
2	4508.301823013111
1	4636.630567575249
1	4656.35163937407
1	4714.915170342548
1	4730.631035825538
