2	125.26194898450056
2	217.2091874131271
2	263.09851015564703
1	509.6863787756428
1	511.38728955961295
2	538.8750455967202
1	540.0399442650006
1	669.7753468239148
2	1113.367045470708
1	1160.6412019400743
1	1172.1713539665323
1	1389.56487193191
1	1429.684661250247
2	1664.848537294958
1	1706.0060669953452
1	1721.7847053386336
1	1834.8667097462694
1	1972.900446566687
2	2331.127137502602
2	2400.0810061906914
2	2423.0372211815243
2	2446.040074977775
1	2543.0291024078642
1	2543.475665631928
1	2551.465442788808
1	2931.822472689887
1	2944.5335904147437
1	3023.818906395595
1	3054.0182985755087
1	3161.935739331512
1	3189.978036664815
2	3204.281692368072
1	3340.042401001726
2	3457.0295096535474
1	3515.1784423207127
2	3572.012471599357
1	3642.1130192477776
1	3786.88526025827
2	3801.7119008629047
2	3824.7224154275013
2	4031.4877858308737
1	4240.808834395601
1	4340.766145624673
1	4398.82608584443
2	4445.1117281331235
2	4491.117108940338
1	4637.092481973238
1	4656.769345298777
1	4764.847717422998
1	4780.861764954415
