1	80.82217018025445
2	128.10981564542053
2	128.1348486331416
2	128.14640034893722
2	128.1504435584284
2	128.2037805498899
2	128.2127560764123
2	128.251953027882
2	128.33643142117205
2	128.35622831724987
2	128.4514545846764
2	128.50122294995452
2	128.556071396366
2	150.98515347232518
2	151.07030503041892
2	151.07082604029426
2	151.0915865411819
1	151.3860481534361
1	151.48021656312355
1	151.58865466650298
1	160.86990659247337
2	173.72659890875136
2	173.79814735481415
2	173.89634704538358
2	173.9133737957311
2	173.99832278722985
1	180.95923719146288
2	196.41669201048873
2	196.5143103023678
2	196.5781741514058
1	201.05146868392129
2	219.2503664128309
2	219.35324222608136
1	230.85088279537104
2	242.09028706168147
1	250.35134252161723
1	250.59872397081028
1	251.12356146034105
1	251.29786277401743
2	264.79722025222105
2	264.86684013672993
2	287.59841586926666
