1	80.15300652246275
1	80.39949541211256
1	80.45555447270812
2	113.73870597429193
2	113.75306581347203
2	113.77639014271807
2	117.50996501497514
2	117.53517457586881
2	117.63368125247203
2	117.67433419507452
2	117.69661952418728
2	117.7463868516106
2	117.75747582611805
2	117.82922358275418
2	117.88845057415053
2	117.93005176009608
2	117.98933306988046
1	120.13810081216073
1	120.308971115411
1	120.38986417307434
2	131.13256952701695
2	131.18757643608785
2	131.1966456377131
2	131.25517930154496
2	131.35167328189794
2	131.43681387696523
2	137.65688717845973
2	137.7065560213714
2	137.75020601196485
2	137.81015219258242
2	137.89684913082613
2	137.92900817885842
2	138.00325441408683
2	138.07302005419518
2	138.0959733875628
2	138.1511400286972
2	138.20214549447098
2	138.28625465612225
2	141.37259990393798
2	141.47061393587387
2	141.51982994496979
2	141.65366062543072
2	141.66067039320626
2	141.70456292961595
2	141.71369287771077
1	150.16348835219335
1	150.20489419107795
1	150.62581512218503
1	150.63936282484974
1	150.69657621231198
1	150.718014060844
1	150.80407204586288
2	154.5602074422082
2	154.603768424035
2	154.67270779345773
2	154.6980058862377
2	154.73140142141963
2	154.7394511332333
2	154.76760114668795
2	154.77967356090855
2	154.83661687483524
1	160.4637174327885
1	160.538777272564
1	160.6213827579403
2	161.45567140143453
2	161.49042132997903
2	165.3156768747755
2	165.4911711074663
2	165.51383804779547
2	165.51609784173507
2	165.5836722273854
2	178.0260525368297
2	178.11237803855013
2	178.20308523763464
2	178.23511535606264
2	178.30574113897993
2	178.3905206425319
1	180.61219215043235
1	180.7079690196713
1	180.79245936696805
2	185.30483178225825
2	185.3308061333645
2	185.40479050721484
2	185.40664143543026
2	185.4084778370024
2	185.50483764085007
2	189.2068333289284
2	189.30237791323296
2	189.35963073092455
1	200.1733327451023
1	200.2038078078921
1	200.3336264289708
1	200.7697336754251
1	200.93068218515714
1	201.0201666450444
1	201.27879701188613
1	201.32917906907545
2	201.41658014348494
2	201.44701706481828
2	209.20816215558892
2	209.23758385647432
2	209.28992524273417
2	213.0732846841581
2	224.77227927020039
2	225.06970449849473
1	230.59361707201978
2	236.95117852316872
2	237.02764774870877
2	237.10438712734202
2	248.16472564249574
1	250.12151381128862
1	250.20749537776697
1	250.39822170330586
1	250.3983214644479
1	250.78011773932334
1	250.9036463252012
1	250.96854538400115
1	251.0924076549479
1	251.17199923079193
2	256.8851368574882
2	260.8034719158036
2	260.8677474495202
2	271.5715862651607
2	271.6556334574758
2	280.7457186346656
2	280.84124621490827
2	284.73252789935196
2	295.0205332772758
