1	80.27612302527815
2	110.16576761916932
2	110.24538539723608
2	110.33649460819069
2	110.43029942900381
2	110.43387559845839
1	120.42867673148989
2	138.88532203731873
2	138.9435186904914
2	138.99095573901008
2	139.01549061720888
2	139.0824588805327
2	139.16602723870463
2	139.18772444782155
2	139.28235047766103
2	139.35291894126692
2	139.36479385555282
1	150.26449629673493
1	150.3944550903785
1	150.455867162551
1	160.32011595618852
2	167.8344311688738
2	167.88684955020744
2	167.96697388011438
2	168.0118536256171
2	168.13567927283898
2	168.2622420534315
2	168.29107319504539
2	168.30994758545117
1	180.6541019818802
2	196.55761337566753
2	196.55914089471003
1	200.26283330073298
1	200.2758083778677
1	201.31892148973142
2	225.39142752493197
2	225.57838378502095
1	250.4117873961868
1	250.48654697875844
2	254.14488315681848
2	282.9762284753337
2	283.0715468582851
