2	214.87690138920644
2	238.7659832711967
2	262.73303877967794
1	509.19322091256277
1	511.194832746802
1	539.6659574713198
2	550.0987557557554
1	669.5658935871315
2	1100.8736234187802
1	1110.4020056804193
1	1171.8617453418883
1	1389.2401122311662
1	1429.3212364889844
2	1651.66901305393
1	1705.4106659205893
1	1721.4190106814742
1	1834.6433938281743
1	1972.5458928394253
2	2322.1018772662715
2	2417.866478811937
2	2441.8098131930738
2	2465.857572321094
1	2542.691747232215
1	2543.3009047518754
1	2551.296187824037
1	2931.573368109327
1	2944.3814644560443
1	3023.6221858188715
1	3053.8358756698
1	3161.7292876326887
1	3189.3949565179723
2	3208.145714582131
1	3339.8464735069815
2	3471.4832044251257
1	3514.802461313183
2	3567.3534513802892
1	3641.9779202555915
1	3786.608405895967
2	3806.7622957728863
2	3830.781536608988
2	4046.2828326524086
1	4240.514411479811
1	4340.682188276467
1	4398.305196494453
2	4453.346984745581
2	4501.186350994198
1	4636.8531093838255
1	4656.585521003319
1	4764.695861549819
1	4780.645028823847
