1	80.29063848141607
2	131.87012088030434
2	131.90659045245755
2	132.0064934859784
2	132.03280503537118
2	132.1055962228829
2	132.2016797017419
2	132.23822760472058
2	132.25350468298194
2	132.31087239864394
2	132.33951922940642
2	132.3402191100163
2	132.34134323241696
2	132.3967275431518
1	150.32690897726695
1	150.38543082082816
1	150.45654888749095
2	154.53674324415408
2	154.63474734827818
2	154.8497152365468
2	154.94616253672822
2	154.97875791843813
2	155.07354841772582
2	155.11307957987432
1	160.56497487952177
2	177.1224792074422
2	177.18744185361322
1	180.72617828193447
2	199.76744901751357
2	199.89230099206057
1	200.14342384280232
2	222.32599521709545
2	222.4456646386631
2	222.72284938747472
1	230.59252879387827
1	250.17680256117376
1	250.32844483198008
1	250.99299435174137
1	251.17639923665578
2	267.5207591979469
2	267.55585449535863
2	267.64599046779153
