2	124.74428926261808
2	239.57796952243763
2	268.40542699399106
1	461.2002866491398
1	489.6378060140022
1	509.3531715254714
2	555.436704091308
1	619.5839965339412
2	1129.7835137372076
1	1160.3779525653404
1	1171.6583433629385
1	1389.29682096962
1	1429.4377084051346
2	1646.7033538094122
1	1705.2906851392597
1	1721.299145525142
1	1834.2884386708013
1	1972.2556017037107
2	2335.883033200416
2	2422.033680781485
2	2450.7819287451725
2	2450.9203982959143
1	2493.255355618572
1	2501.3550839757913
1	2542.5585356999823
1	2881.64096975249
1	2894.383587201123
1	2973.5564677995417
1	3053.5328733171095
1	3111.670188405838
1	3189.448017249253
2	3197.4000762909036
1	3339.4344172432393
2	3484.4979926811357
1	3514.483628047559
2	3599.4417897332414
1	3641.552478969467
1	3786.3333996774495
2	3800.4086834784034
2	3886.536598868129
2	4030.166886283128
1	4190.536515917081
1	4340.387177625286
1	4398.25042850608
2	4460.913217321026
2	4518.331291420857
1	4636.537590794253
1	4656.382305914244
1	4714.668642487652
1	4730.784487521144
