2	108.13702179113187
2	203.43637445427896
2	251.1024375913822
1	461.12341028083245
1	489.6514337050997
1	509.3075044957625
2	537.1496578301213
1	619.6100121152749
2	1109.1795460859237
1	1160.3171011328552
1	1171.6186488825263
1	1389.1460937116663
1	1429.317107868488
2	1657.4292962622526
1	1705.2566412579051
1	1721.2320070330898
1	1834.4346192123423
1	1972.3071581494248
2	2324.7490486668776
2	2396.2787617024387
2	2420.117988586811
2	2420.1501297576833
1	2493.2587125366545
1	2501.356349571831
1	2542.4697237859623
1	2881.6406527587906
1	2894.3728839386363
1	2973.535944901836
1	3053.4381014612504
1	3111.6375232072055
2	3182.8313492478774
1	3189.3410551482293
1	3339.492493649694
2	3445.0582199125256
1	3514.352465203663
2	3611.962627530652
1	3641.471017758123
1	3736.1068252612376
2	3778.687322465041
1	3786.279427630728
2	3850.2372451247547
2	4017.049564423542
1	4190.512633996346
1	4340.334049796601
1	4398.251672953094
2	4422.240302591753
2	4469.93489633464
1	4636.526895632837
1	4656.235338341759
1	4714.622337837113
1	4730.499786211048
