1	80.21779156551328
2	121.20033320386283
2	121.28708796696006
2	121.30762371552217
2	121.36380204748906
2	121.38400175085158
2	121.42204808002835
1	150.08885669688783
1	150.27960446368274
2	150.45969970279708
2	150.52905150591195
2	150.60212339757533
2	150.72010005213855
2	150.7257572576524
2	150.80412996122945
2	150.81695296385556
2	150.84353346554272
1	160.21923614699614
2	179.72630330919924
2	179.77073003539334
2	180.0393999111241
2	180.0411523106183
2	180.10112384703953
2	180.1782287559139
1	180.5531681301418
1	200.17376702600168
1	200.25689602472593
1	201.28224323342886
2	208.980455947607
2	209.0003826214522
2	238.2372883720514
2	238.44905207051207
2	238.5914215560925
1	250.3557105127346
1	250.47718425080595
2	267.5721215151488
2	267.6049650924003
2	296.844898347509
