1	80.45864661381364
2	125.61914042979951
2	125.65979841990023
2	125.75862718882338
2	125.82494935728167
2	125.90759965709468
2	125.95168818500868
2	125.97708916672691
2	126.06281912968396
2	126.0646649561398
2	149.57035010893324
2	149.64023349116928
2	149.70295501352882
2	149.72996220514202
2	149.85593571851368
2	149.93527213307405
2	150.00844149642663
2	150.09726084809537
1	150.51561179906827
1	150.66601851123013
1	150.77506785157513
1	160.4651697747818
2	173.59367186454827
2	173.7523532790577
2	173.79806398572342
2	173.8041304048979
1	180.16851176973336
2	197.6775864342978
2	197.77390029468128
1	200.31496793550514
1	200.94959630000804
1	200.9737561023329
1	201.22882711411773
2	221.61773223620824
2	245.65945105407843
2	245.74305637869176
2	245.839754478656
1	250.43227481533236
1	250.79054777727472
2	293.72595008478885
2	293.7782511879223
