2	136.45427713702364
2	229.25958392470287
2	229.2832195184598
1	461.28482210737167
1	489.58574116886905
1	509.3238688175122
2	553.9810649410537
1	619.5746051600391
2	1110.5891677507661
1	1121.9335232619453
2	1156.9757357525148
1	1160.389008950005
1	1171.6741240521224
1	1389.4051955544614
1	1429.4013397746382
2	1667.2199255585022
1	1671.4451936333514
2	1690.474723997777
1	1705.4772335459804
1	1721.3678417874232
1	1784.5528993623466
2	1829.6176352353552
1	1834.4630254799815
1	1922.6244577360205
2	1968.7809653351228
1	1972.45450369142
2	2339.8100987052585
2	2409.4298747285407
2	2409.4809004118133
2	2432.6446895648564
1	2492.9039541764228
1	2493.4667623279097
1	2501.4009190886036
2	2502.2052858893653
1	2542.6737801072973
1	2881.6876259698747
1	2894.3771193254047
1	2973.641737357057
1	3003.959883252512
2	3035.687443798173
1	3053.6199410507375
1	3111.733882063577
1	3189.367547996403
2	3198.016068084983
1	3289.803497872435
2	3313.964537946452
1	3339.6039574733354
1	3464.845908199203
2	3476.3695760659584
2	3499.4786828555993
1	3514.5085985811475
2	3569.1162268698567
1	3591.8702908221117
2	3638.6826954721346
1	3641.608455171875
1	3736.616885350501
2	3777.8496430553255
1	3786.323064984842
2	3801.022460557673
2	3870.5962423811684
2	4032.935561451207
1	4190.569785116436
1	4290.713679406091
2	4334.5389634465455
1	4340.434997368174
1	4398.298620528058
2	4450.461538459641
2	4496.9322366006245
1	4586.815451717842
2	4612.845311105378
1	4636.611160429775
1	4656.284033667552
1	4714.655592187946
1	4730.555135421653
