2	119.00417160931171
2	238.11665476986673
2	238.16841915160526
1	459.2261304612497
1	461.147019482268
1	489.63033269347306
2	547.7343515195677
1	619.462247519153
2	1095.6498904218936
1	1110.4797924576826
1	1121.8109323990209
1	1379.3511164353401
1	1389.2582223910176
2	1643.5203694111005
1	1671.5249681693226
1	1705.1641013021367
1	1784.496584532743
1	1922.600347867063
2	2334.295031670797
2	2405.696200961351
2	2405.7376643738107
2	2429.55743015123
1	2492.8679253349865
1	2493.2433963191957
1	2501.2790632379847
1	2881.6511617790843
1	2894.3282044202347
1	2973.6298490028894
1	3003.9424782228343
1	3111.7672384476123
1	3189.2094209392108
2	3191.8427227586235
1	3289.7522664949124
2	3453.797897354303
1	3464.802773090903
2	3549.1521344479606
1	3591.9049740298597
1	3736.544382168357
2	3787.315418602948
2	3834.96327227125
2	4025.5636402045
1	4190.485297779515
1	4290.669828469155
1	4398.179416721998
2	4454.312580008816
2	4478.146728684117
1	4586.824655668048
1	4606.514339833188
1	4714.594765281621
1	4730.472035477032
