2	131.669136504461
2	147.78854557636103
2	226.99768194965472
2	227.02551542567434
2	238.3601966156729
2	260.99785572984865
1	459.25032530414694
1	461.1248742501825
1	489.6249027730684
1	509.3389769501576
1	511.1464286981422
2	532.5214561417491
2	536.6784544423024
1	539.7399367846325
1	619.536023828327
1	669.6029518481663
2	1108.380215854136
1	1110.4531414196165
2	1120.8620237075104
1	1121.7862402462376
1	1160.399553836264
1	1171.8475424807598
1	1379.3845327331055
1	1389.2996037839262
1	1389.3138423224584
1	1429.3990835935529
2	1656.2048086516752
2	1663.9102196395506
1	1671.5138296268547
1	1705.188866972793
1	1705.3900695794898
1	1721.4098995721367
1	1784.5111641493204
1	1834.5130636556692
1	1922.576836061583
1	1972.6368794032517
2	2320.1327061802963
2	2323.1944389702803
2	2388.0298785294212
2	2394.6726019379516
2	2410.6676173629016
2	2418.418042257267
2	2442.259038276413
2	2455.8920733847285
1	2492.8871131899973
1	2493.2320090176
1	2501.302700233442
1	2542.695749649052
1	2543.268409978417
1	2551.2569390026915
1	2881.6607002225223
1	2894.3887080322925
1	2931.67028753262
1	2944.3328481034114
1	2973.636476257988
1	3003.896114678018
1	3023.6618006163944
1	3053.771131547102
1	3111.711838020454
1	3161.706905426528
2	3180.0369519516735
1	3189.2363323718428
1	3189.41611709728
2	3204.5010593148813
1	3289.760234951908
1	3339.855243444304
1	3464.837682732343
2	3466.5555387181603
2	3474.2065190441526
1	3514.8588099106514
2	3561.7962595320014
2	3564.694104710507
1	3591.9089298829103
1	3641.8579509028273
1	3736.5917042212077
1	3786.628836134005
2	3800.0289346423183
2	3813.6871126619676
2	3836.2234664401117
2	3847.7116090570107
2	4038.2883437730366
2	4039.967440654238
1	4190.534403631122
1	4240.531603168468
1	4290.73944450415
1	4340.637092320975
1	4398.260959466251
1	4398.385778876219
2	4447.205276383336
2	4466.976120980231
2	4469.88088537962
2	4490.922887950136
1	4586.7646165318565
1	4606.564907595151
1	4636.875524984428
1	4656.481065137633
1	4714.591667161251
1	4730.480348165632
1	4764.752581688846
1	4780.564479734115
