2	137.56631391682848
2	232.82897759222536
2	232.88106576260049
1	461.37334426821093
1	489.3874036477044
1	509.38445611782555
2	542.5676726980214
1	619.3353104553505
2	1114.2920720275904
1	1121.6582409914654
2	1138.065473273171
1	1160.422677840048
1	1171.81737619612
1	1389.3276092670637
1	1429.4424757122463
2	1662.1858278616692
1	1671.36387799354
2	1685.961102906747
1	1705.4885053898122
1	1721.3726205629614
1	1784.2763126814655
2	1805.094181182471
1	1834.5459618463296
1	1922.5693705555884
2	1948.0355251089393
1	1972.421951130104
2	2329.1601366516584
2	2400.6311045680563
2	2400.7102319138335
2	2424.490842379292
1	2492.580081792386
1	2493.442013787669
1	2501.4317818401346
2	2519.775046774877
1	2542.642991671944
1	2881.4335001574873
1	2894.493544833852
1	2973.611937354679
1	3053.598913566052
1	3111.4852567389703
2	3186.760208595918
1	3189.483424150156
1	3289.6602596289767
2	3305.9106565085854
1	3339.608571070126
2	3448.7929729376688
1	3464.4621967874587
2	3496.39537445098
1	3514.5186179948732
2	3544.0734356489556
1	3591.5975675921054
2	3615.5816922703602
1	3641.618697729334
2	3782.301565706907
1	3786.3710975024974
2	3829.952365486904
2	4020.5389253350227
1	4190.321099781403
1	4290.483310454237
2	4306.351207316093
1	4340.407656161357
1	4398.455106610633
2	4449.316652864994
2	4473.096329113377
1	4606.111081255453
1	4636.647144817965
2	4639.860242711786
1	4656.398527843691
1	4714.440869830315
1	4730.530053020878
