1	80.17752639959699
1	80.44977555460396
1	80.64464027491968
2	99.08213696287788
2	99.12446633888855
2	99.15132637694926
2	99.20836613399683
2	99.30672475496318
2	108.25808403876367
2	109.66239999460579
2	109.67127891223457
2	109.74081560484913
2	109.74390575515073
2	109.74481014008511
1	110.57007456175421
1	120.29973712348404
1	120.50964243385357
2	122.99096544212642
2	123.01746430617314
2	123.04193169064139
2	123.11747761065686
2	123.21500745397483
2	123.25987752154396
2	123.34293191547566
2	123.3968126516159
2	123.44799975058228
2	131.18089079728094
2	131.26099145013444
2	131.33422416426436
2	131.3394464230323
2	131.34980809270556
2	132.96889123349644
2	132.99715037751588
2	133.02749923629557
2	133.1790144679972
2	133.21780885598002
2	133.24360508489616
2	133.26909076317378
2	133.3234700726166
2	133.35532929534892
2	133.44771927546188
2	146.77851337740861
2	146.83845737569683
2	146.9274764544122
2	146.9301164246294
2	146.98948502631004
1	150.14636169133732
1	150.1996564977644
1	150.32638197150126
1	150.5062881763856
1	150.68923949875264
1	150.862185033987
1	150.9860026710279
2	154.1559556154906
2	154.1718732845117
2	154.21183422298108
2	154.23810329235494
2	154.27732910258646
2	154.33038664419993
2	154.42596339448954
2	154.5154392262861
2	154.5380008587878
2	154.60503592367766
2	154.68681380700528
2	156.2787099804829
2	156.28246826837693
2	156.43615526438086
2	156.5090536027054
2	156.58549934304764
2	156.66940423506205
2	156.7518179901081
1	160.45049297953332
1	160.8140483043848
2	170.65174044706453
2	170.6580784840219
2	170.7110498348495
2	170.74990275776477
2	177.083949518717
2	177.17297345661464
2	177.306364909202
2	177.3103796270849
2	179.62266382692968
2	179.7368625575161
1	180.61332966799026
1	180.71221595504778
1	181.09027026900208
2	194.45923681771828
2	200.0826967864624
2	200.22323757535943
2	200.27647616913652
1	200.30370285110035
1	200.3938471860563
1	200.5887577068971
1	200.81399925379276
1	200.93963315725634
1	201.21568375152285
1	201.26339172178533
1	201.27543984501844
2	218.37037535298708
2	218.3921504764357
2	223.08371647225215
2	223.15225474249763
2	226.08643975485995
1	230.83510974756825
2	245.94640410950146
2	249.37997441989884
2	249.40553847381292
1	250.35353761673346
1	250.4483130788398
1	250.46201064360915
1	250.55257219931696
1	250.90233582623208
1	250.9750185891439
1	251.1143533078762
1	251.39224583345614
2	266.0269659598817
2	266.0907170058832
2	266.17082655767314
2	268.74388040156185
2	272.70992948915665
2	291.66752073112036
2	291.71278403506324
2	295.8941939416149
2	295.96841018785557
