2	118.54159288985977
2	156.65982443170768
2	237.78396248981502
2	242.30290245780253
2	261.60802664787496
2	270.75926102599385
1	459.3298644180924
1	461.0683688742014
1	489.6656319141563
1	509.58612837635314
1	511.2179946646296
1	539.8116295613271
2	547.7796240146637
2	556.0656538023493
1	619.5630465955126
1	669.567458315347
1	1110.3561113868473
2	1120.193085900246
1	1121.8284691971946
2	1126.5301826419325
1	1160.6820056939061
1	1172.1085340911545
1	1379.3382617283878
1	1389.1874844992685
1	1389.5218770953134
1	1429.759137596598
2	1644.9624712807142
2	1668.5048008852218
1	1671.3811895983292
1	1705.292262475709
1	1705.6482056545099
1	1721.6034103327625
1	1784.503413607076
1	1834.8385548421863
1	1922.5262236916678
1	1972.6959363263543
2	2324.6149979377533
2	2336.648584827984
2	2402.2885637015897
2	2408.1886825087613
2	2408.2145029666053
2	2410.120850184136
2	2410.1880109942067
1	2492.701383945464
1	2493.2481857187627
1	2501.2865025542965
1	2543.0289955368235
1	2543.3593746933284
1	2551.4271430174867
1	2881.5631233944514
1	2894.309999181441
1	2931.6789368359628
1	2944.524307000656
1	2973.5273516433717
1	3003.9275888902516
1	3023.7591863102407
1	3054.0167945022245
1	3111.607532703935
1	3161.814252054754
1	3189.359024566385
1	3189.785994481066
2	3195.257324010277
2	3208.878093461165
1	3289.2635538805116
1	3289.7562270482117
2	3322.9191162976626
1	3339.889281871387
1	3464.8520534073054
2	3465.617810900061
2	3481.4084966024243
1	3514.9638413018542
2	3576.8824670842687
2	3579.7185063808
1	3591.832709360518
1	3641.9069848443582
1	3736.496729696931
1	3786.744548225804
2	3791.459328532007
2	3807.8756278772594
2	3836.34374031927
2	3839.21802526604
2	4006.1738539145103
2	4036.1081654438913
1	4190.435771397604
1	4240.535163041633
1	4290.673119725791
1	4340.748608070085
1	4398.200723489953
1	4398.734253936829
2	4459.279992090964
2	4463.9334692710845
2	4483.16013107799
2	4492.4568718821
1	4586.875202200808
1	4606.495853081346
1	4636.970218043201
1	4656.649735555437
1	4714.5880015871735
1	4730.520164569714
1	4764.916450751391
1	4780.730167036641
