2	116.14139041131416
2	233.41921317262089
2	233.42554887971838
1	509.33595894696487
1	511.1608592702114
1	539.6843086112318
2	555.9824135911675
1	669.5360966842256
2	1113.1687065527435
1	1160.4649895787263
1	1171.8631067596898
1	1389.359376293766
1	1429.5195516955268
2	1670.3577784142865
1	1705.5406419738915
1	1721.4655441595157
1	1834.5774482492682
1	1972.6183712540087
2	2344.859104931928
2	2403.4701225752365
2	2403.4733278967155
2	2432.787827019648
1	2542.722108153115
1	2543.2970965492113
1	2551.306396802858
1	2931.625146384711
1	2944.3633875356413
1	3023.5047388040102
1	3053.8553519692923
1	3161.7221279492624
1	3189.4711376430905
2	3195.322211468507
1	3339.818157818995
2	3459.1980766818524
1	3514.7914155668295
2	3547.211891875921
1	3641.974217124123
1	3786.6125911405343
2	3811.117015097676
2	3840.4244806406614
2	4045.707506165171
1	4240.519686233509
1	4340.712282146215
1	4398.546022405701
2	4456.339486959605
2	4485.680183276705
1	4636.896459461012
1	4656.526949144498
1	4764.749296144563
1	4780.638885318013
