2	147.49648177115566
2	231.59866560629865
2	259.636009868146
1	509.4083132312476
1	511.28841019995417
1	539.7401843772566
2	568.30333479381
1	669.6349849017766
2	1129.3463354393873
1	1160.6455710380592
1	1172.015458229942
1	1389.41462105966
1	1429.4458642216375
2	1662.2924645954345
1	1705.5441265555935
1	1721.5265182482508
1	1834.6806153221548
1	1972.6029311737195
2	2335.5794584175665
2	2419.790023821054
2	2419.8452510296247
2	2447.7739389165154
1	2542.8894789346323
1	2543.438897562348
1	2551.3541509288757
1	2931.6439431722542
1	2944.3529590223666
1	3023.6573220971623
1	3053.855687723437
1	3161.7965672719315
1	3189.5123981033144
2	3205.252720044141
1	3339.875101575097
2	3485.802037202385
1	3514.9546249352893
2	3541.943192437485
1	3641.9937988046845
1	3786.7204801630173
2	3794.408374148905
2	3850.5025507794976
2	4046.8930493488965
1	4240.612956334461
1	4340.762864916709
1	4398.4869189027495
2	4467.627840598991
2	4495.705482508701
1	4606.094635169868
2	4635.932752620754
1	4636.929583175909
1	4656.632858086592
1	4764.7161955392685
1	4780.696834053681
