2	143.0538797969695
2	234.13714056326688
2	234.1973735738151
1	509.57520815976267
1	511.2243697878699
1	539.7184523248227
2	553.0873157092278
1	669.6199323812298
2	1099.8269193787592
1	1160.6167738719575
1	1172.1806566332373
1	1389.638531325906
1	1429.6486612523704
2	1646.5429955458117
1	1705.7158604185813
1	1721.5913076917277
1	1834.7642778359327
1	1922.740368188113
2	2329.9894211914025
2	2421.1229400481843
2	2421.137835416639
2	2443.9005248123217
1	2492.2786168862403
2	2535.024442437737
1	2542.9101748184135
1	2543.277766968548
1	2551.2959247092567
1	2931.7374216323446
1	2944.452398847624
1	3023.762283582319
1	3053.982479706664
1	3161.8234537157737
1	3189.7435967185424
2	3195.703020143056
1	3339.864051054057
2	3446.2904160567186
1	3514.9041442617477
2	3560.1520472299662
1	3641.9860962417965
1	3786.799471045041
2	3787.9627116063193
2	3833.5266461330993
2	4038.593375085521
1	4240.633658211793
1	4340.7196444003675
1	4398.688688573613
2	4471.41357393537
2	4494.322816770962
1	4637.088508117753
1	4656.604128525732
1	4764.711595484794
1	4780.630037171048
