2	135.96218351206014
2	206.1099338066687
2	252.8862065888942
1	461.5472241338991
1	489.7431269303431
1	509.5724850904959
2	556.8081336182992
1	619.7060940168209
2	1117.8795673767688
1	1160.5942563640172
1	1172.0520194762776
1	1389.5268111214505
1	1429.5701711477973
2	1655.6203169370156
1	1705.6551480333073
1	1721.4904523633656
1	1834.6362425881055
1	1972.568361910857
2	2333.6194346465745
2	2403.7369337930154
2	2427.1662139051114
2	2427.265825413417
1	2493.6070446747503
1	2501.651957198282
1	2542.9168056326093
1	2881.7593134607587
1	2894.7381407482617
1	2973.7799914195352
1	3053.7365989476775
1	3111.740219228234
1	3189.689806714418
2	3198.6270673876243
1	3339.8134200391582
2	3455.7605688232525
1	3514.773186516461
2	3572.6438155198857
1	3641.800179132518
2	3783.2001814870923
1	3786.6504330313123
2	3853.272178442033
2	4016.913356953668
1	4190.68847847735
1	4340.602847090638
1	4398.6405577778505
2	4437.760233436303
2	4484.4517383420625
1	4636.970340316656
1	4656.537917478781
1	4714.713731495056
1	4730.732880374861
