2	119.42182591844822
2	235.0652419306095
2	263.9136892385439
1	461.4057645887118
1	489.77559147577546
1	509.4580285010112
2	553.0340120670362
1	619.6449626750127
2	1102.2629553099682
1	1160.5032109147562
1	1171.8940243879701
1	1389.5841577725187
1	1429.5716796365562
2	1680.420755788045
1	1705.513628442236
1	1721.3811922291777
1	1834.5845924430544
1	1972.4734113737989
2	2345.3037272979095
2	2403.128263093178
2	2432.1635618017726
2	2432.2118626730694
1	2493.5510756104377
1	2501.5963737875704
1	2542.741322540247
1	2881.786014849154
1	2894.5883115231336
1	2973.7466801447763
1	3053.605374363713
1	3111.7304682409476
2	3183.6739244455166
1	3189.5451729970696
1	3339.642120551817
2	3472.7667997657804
1	3514.6693763023986
2	3588.458182839253
1	3641.810404641232
1	3786.5025486903396
2	3790.7541477150544
2	3877.544919276704
2	4050.9041872526705
1	4190.704677909656
1	4340.498170780247
1	4398.532764087193
2	4455.670380483613
2	4513.504436265857
1	4636.78824186892
1	4656.473470689107
1	4714.736715438179
1	4730.115031971842
