2	114.09681774244619
2	230.65039539936885
2	277.20664167082094
1	509.57265620657745
1	511.34972121593773
1	539.8434623270851
2	556.9805042642479
1	669.7414362500265
2	1093.1658566512876
1	1160.620768276911
1	1172.0595343188381
1	1389.4983086132163
1	1429.5551311549325
2	1652.712455359154
1	1705.598029966784
1	1721.5149966843487
1	1834.6398463272155
1	1972.8432712569447
2	2352.062090018204
2	2422.0391921978776
2	2422.0602345955776
2	2445.299920157528
1	2542.862965892781
1	2543.355504487679
1	2551.4982590725444
1	2931.794992073427
1	2944.3830309153386
1	3023.698636281127
1	3053.9759137827396
1	3161.9026390723006
1	3189.660188555741
2	3191.2978159206964
1	3339.9464720000733
2	3471.098891140649
1	3514.9907071679695
2	3564.309557022761
1	3641.9912430245627
1	3786.698515291037
2	3797.4628594926735
2	3867.37964307556
2	4030.599275139737
1	4240.660926976639
1	4340.866039730612
1	4398.639926700704
2	4450.191592210732
2	4496.835675405423
1	4636.934601041555
1	4656.665021992489
1	4764.781724900338
1	4780.673650184854
