2	199.5282252604916
2	245.14855510537762
2	267.99577882117865
1	509.1931239055348
1	511.21634556862267
1	539.7252483829767
2	564.5904470170899
1	669.5810205019397
1	1110.451384687249
2	1112.264952457119
1	1171.8949259729854
1	1389.2835734544753
1	1429.3883619798303
2	1659.8250691688895
1	1705.3068847870138
1	1721.440495532866
1	1834.5681035937196
1	1972.6217463141734
2	2344.3873633716566
2	2412.829537529365
2	2458.443321050716
2	2458.497022090956
1	2542.8122510886483
1	2543.2891060035035
1	2551.221178678665
1	2931.565089636316
1	2944.354038543515
1	3023.644016243845
1	3053.8649264754326
1	3161.726232634861
1	3189.2788861004005
2	3211.403547039971
1	3339.777077349103
2	3508.0196273809993
1	3514.84276467704
2	3553.7213875870416
1	3641.89756306741
1	3786.648974941886
2	3827.462925056687
2	3850.2891439684695
2	4055.7096136711816
1	4240.445166357087
1	4340.685943603707
1	4398.309094677194
2	4466.337830192465
2	4489.165709803548
1	4636.816976388384
1	4656.543352828118
1	4764.678909226077
1	4780.612731357152
