1	80.4452541184451
2	121.12683828667656
2	121.2184323767081
2	121.2803506648142
2	121.34579523884302
2	121.38751442866068
2	149.51213533098132
2	149.52761357910234
2	149.68616103712546
2	149.69832668603243
2	149.7660131679953
2	149.8473720598927
2	149.94485057260377
2	150.02275887123784
2	150.09529337936863
2	150.18637863359746
2	150.24280682862698
2	150.3251953601216
1	150.5467032414278
1	150.71344240512923
1	150.80034106211826
1	160.53862611267292
2	177.78702665714692
2	177.90836745217607
2	177.96540239018654
2	178.01881264606595
2	178.18589218522737
2	178.24708625037434
1	180.73079832577062
1	200.60536079005513
1	200.8324953997624
1	201.40444304225232
2	206.14909407432236
2	206.20253467169212
2	234.49859729689248
1	250.58597321365244
1	250.7115448888177
2	262.8010529968137
2	291.1676055733037
2	291.1783356835112
