2	146.92929570364797
2	237.34360949462277
2	259.94910390522375
1	509.28296961174277
1	511.10911197551815
1	539.6929525997439
2	553.8119419333813
1	669.5850179805374
1	1110.496341505311
2	1118.9630133074077
1	1171.8573896272999
1	1389.318591130745
1	1429.3441073595907
2	1661.5067699108495
1	1705.3693653175258
1	1721.3823567361626
1	1834.5655610820413
1	1972.5927448838074
2	2316.995244216542
2	2407.4456885071213
2	2407.5045944060917
2	2430.0977265646625
1	2542.7504570272495
1	2543.3268103776322
1	2551.2605124576635
1	2931.6861416022216
1	2944.4052425112627
1	3023.527467054769
1	3053.8501396348793
1	3161.756987068371
1	3189.312470361792
2	3198.5881051391107
1	3339.7865949162333
2	3469.8503814185487
1	3514.854821510052
2	3560.2434521021737
1	3641.9650129361253
2	3786.3102814755857
1	3786.6284564485554
2	3831.5711472934995
2	4034.9424454241066
1	4240.488658161201
1	4340.668331487937
1	4398.327926457979
2	4441.865975381837
2	4464.488294043438
1	4636.814424089026
1	4656.5362631116395
1	4764.728142895547
1	4780.597981452405
