1	80.51852109902264
2	85.95459500948168
2	114.84042170992593
2	114.92893888956735
2	115.01092365786933
2	115.01128404322789
2	115.06941110221412
2	115.08993954693204
2	115.13591956902802
2	115.13769435790405
2	115.21522741068627
2	115.30029949496482
2	115.36386323802702
2	115.46296772543543
1	120.08511715856959
1	120.23575075892361
1	120.30758615614151
2	143.84459718458322
2	143.86461010464774
2	143.96300514238675
2	144.0571714659689
2	144.11911121568778
2	144.13217894444645
2	144.13817918311676
1	150.4805469243348
1	150.66241795957123
1	150.7006656868645
1	160.60980401416538
2	172.70018233224684
2	172.7841827750101
2	172.83147712754896
2	172.84925063160497
1	181.2467517047094
2	201.66576114778996
2	201.72752459946759
2	230.44789713874445
2	230.53604428205895
1	230.70910076437664
1	250.13873014772744
1	251.03032101953826
1	251.19888176660805
2	259.37700001477265
2	259.3862093133548
2	288.243940247978
