2	130.67585680808466
2	161.49262869445155
2	231.3447198805895
2	246.9652275987153
2	254.63395517061522
2	270.15114162592135
1	509.4994416598615
1	509.67369604310716
1	511.3285232567741
1	511.3992639743167
1	539.8884562011293
1	539.9488921719947
2	549.1777166994749
2	557.1442993900565
1	669.8386981316308
1	669.9055205603676
2	1107.169997723147
2	1115.8490284643863
1	1160.530016190018
1	1160.8608630711706
1	1172.0301158300745
1	1172.2082812512006
1	1389.5823270009712
1	1389.8602547345001
1	1429.6664993651614
1	1429.8273219509206
2	1651.15441643158
2	1665.1863819806397
1	1705.5403120980643
1	1706.053783673321
1	1721.5053235518158
1	1721.7673451438893
1	1834.750698231083
1	1834.9745940677471
1	1972.7905732883435
1	1972.8415758605965
2	2339.332909821008
2	2349.3437652537764
2	2409.156699055263
2	2409.253870089802
2	2419.239970437367
2	2419.293565768584
2	2432.411168114189
2	2442.4746044869867
1	2542.653767508141
1	2543.008447655485
1	2543.439361508571
1	2543.6597068479555
1	2551.4714992621734
1	2551.7388307306323
1	2931.732360082627
1	2931.926951439795
1	2944.509778692677
1	2944.6435858629625
1	3023.715211636023
1	3024.0354206662128
1	3053.8953629647895
1	3054.123051761889
1	3161.87465595223
1	3161.975014803984
2	3187.2924831267815
1	3189.5099714412263
1	3190.0996397150675
2	3199.5761920249947
1	3340.022632858194
1	3340.1691893644424
2	3478.604011904304
2	3489.934731048499
1	3515.1006943563034
1	3515.2076118111863
2	3559.6914880075474
2	3571.5429331644605
1	3642.112834706597
1	3642.2102856362394
1	3786.7637572210288
1	3786.9412690151703
2	3792.454121097489
2	3804.1088676642485
2	3827.289316499754
2	3839.1413975659143
2	4013.289372514779
2	4025.1933984112466
1	4240.732899647965
1	4240.844332941552
1	4340.8495264932535
1	4340.995238503789
1	4398.70416002285
1	4398.874279945839
2	4431.803345963745
2	4444.161369952052
2	4490.774079408542
2	4501.5479116102315
1	4636.925286863842
1	4637.19992657152
1	4656.67182763906
1	4656.859310374495
1	4764.81478193495
1	4764.93100503069
1	4780.7814144111435
1	4780.929841170275
