2	147.0838001479282
2	231.67316130471875
2	288.01124757490913
1	509.5541548015948
1	511.22564962110204
1	539.8751561354549
2	570.0183937120612
1	669.6134971206501
2	1105.7591436511311
1	1160.645438534154
1	1172.017973544565
1	1389.5909944988796
1	1429.63558274798
2	1669.706322304541
1	1705.8230526014368
1	1721.5496547961534
1	1834.7648159439232
1	1972.8529993508255
2	2346.5015025594153
2	2431.0168266936525
2	2431.0950646033034
2	2459.2270139018806
1	2542.9791855644976
1	2543.42978436904
1	2551.443014399826
1	2931.740507540157
1	2944.4624728039576
1	3023.7171055512945
1	3054.0014381161045
1	3161.867011139161
1	3189.787736419348
2	3192.384601555266
1	3340.0242121687265
2	3474.3611069534822
1	3515.0690161791445
2	3587.2088245218706
1	3591.917011415675
1	3786.7706619635983
2	3812.749794193748
2	3840.9654468956555
2	4010.142711784488
1	4240.745226838951
1	4340.83032839565
1	4398.803728991574
2	4433.099082881563
2	4489.50688413531
1	4637.024042011722
1	4656.6368653320005
1	4764.808949757599
1	4780.666758962473
