1	80.16305866215991
1	80.55449389420498
1	80.68136412987262
2	106.15606911158054
1	110.48968880384942
2	112.43556402658886
2	112.52548254401377
2	112.61856704842387
2	112.6787961873961
2	112.74107744782665
2	112.77802585326991
2	112.82136007757185
2	112.84087218365408
2	112.8460062352794
2	112.90312318827556
2	112.98679853599782
2	113.06589068041853
2	113.12223205382276
2	113.22004671672421
2	113.30530262748161
1	120.4202584303069
1	120.55894962546984
2	129.1914361481446
2	129.2027217048978
2	129.29245316840905
2	129.31654989008064
2	129.39829537637507
2	129.40054148913768
2	135.61426566415636
2	135.72777198450294
2	135.7899043869187
2	136.03563360051626
2	136.08739011491744
2	136.44031462230134
2	136.47966647016412
2	136.5372984179682
2	136.59397940947508
2	136.60291569099365
2	136.6928366496282
2	136.75198480704992
2	136.840994638572
1	150.12740034259764
1	150.25366396931076
1	150.30653228973486
1	150.33162216367876
1	150.86724012634585
1	150.87394820974944
1	150.88254491826905
1	150.99107160204582
2	152.13907304481086
2	152.1545150833981
2	152.2482707081731
2	152.25832573652323
2	152.26621926221637
2	152.3352731482464
2	152.3392584882785
2	152.3870861163302
2	152.396147068544
2	152.45829893743777
2	152.46060700591534
2	152.48122255449144
2	158.8813775093977
2	158.9646841896734
2	159.00771481645583
2	159.06760572577934
2	159.15851789201105
2	159.20764913819218
2	159.24417501096013
2	159.28712819802428
2	159.36297428293076
2	160.2260270002958
2	160.36661869110094
2	160.4971326110234
2	160.58734904357524
2	160.6523186608965
2	160.78802452430978
1	160.81291717821438
1	160.81607225359565
2	175.08356416101424
1	180.62842138268016
1	180.87612571259714
1	181.02958919537875
2	181.8226545073385
2	181.948489558693
2	182.06324705905655
2	184.1377089479606
2	198.19802491450196
2	198.40216549152393
2	198.43185822234057
2	198.5391116268404
1	200.09476064131863
1	200.41371334749272
1	200.833724593869
1	200.86638182985132
1	201.15601592604568
1	201.2028887345834
2	205.0968547123935
2	205.25889625000124
2	207.92136457473728
2	221.02764837170784
2	221.16640776549238
2	228.17665693287108
1	230.75284533152916
1	230.76097637242611
2	231.70252001902875
2	244.05688016600672
1	250.21536692409745
1	250.35788654713437
1	250.45846252218652
1	250.67870132606748
1	251.07366377447053
1	251.22037579892003
1	251.28988473106415
1	251.49049776710186
2	255.50907389962032
2	267.04317105898286
2	274.4417549501641
2	274.52960792012493
2	274.5621939090094
2	279.3015626666564
2	279.36926937754896
2	289.9684129345535
2	290.0634566443745
