2	125.07930944598672
2	217.9599251177874
2	241.19533776387644
1	509.39075385430573
1	511.203849492993
1	539.6478459090617
2	543.1390034008349
1	669.5815855237038
2	1100.5099050089716
1	1160.4917703992026
1	1171.8707740280538
1	1389.3906439430814
1	1429.521433527185
2	1657.9150719761185
1	1705.4117182293967
1	1721.4275270480632
1	1834.5825546771773
1	1972.580906508296
2	2331.3980825618264
2	2401.0972809856034
2	2424.3087246557243
2	2447.5775234915036
1	2542.715397071931
1	2543.2793586564208
1	2551.3295782064088
1	2931.64925009287
1	2944.2966820524716
1	3023.5577409394014
1	3053.923001766081
1	3161.7883110094504
1	3189.5416598921825
2	3213.973510650262
1	3339.8123485935475
2	3469.490256886725
1	3514.845059199181
2	3562.338691708221
1	3641.86050414649
1	3786.622609678669
2	3794.609665281502
2	3841.085254852776
2	4050.0862253349733
1	4240.552241344432
1	4340.699780984729
1	4398.397922291454
2	4444.952952140962
2	4468.131819464917
1	4636.870792396321
1	4656.59264897299
1	4764.67569843115
1	4780.626372039695
