1	80.67718744160658
2	114.15333248946342
2	114.22637071600434
2	114.25097875617615
2	114.27659682950214
2	114.34153192278906
2	114.38778803155853
2	114.4209068645907
1	120.15759115349576
1	120.45548343835667
2	137.4940315068844
2	137.56084375177363
2	137.6600188398619
2	137.69608839433624
2	137.81405099482936
2	137.9193074481584
2	137.99273475706502
2	138.08041100107258
2	138.15574385221439
1	150.4681856699612
1	150.80358098656782
1	150.839705532293
1	160.50376034951856
2	160.73504410603772
2	160.8055890772153
2	160.8768777759492
2	160.93656614660293
2	160.97720476516687
2	161.0668878940531
2	161.15264021227117
2	161.2017177851921
1	180.88716180150635
2	184.0648182262613
1	200.89438215980644
1	201.4208990286651
2	207.28412157088738
2	207.46836571373217
2	230.68346237984966
1	250.3339828205193
1	250.5679989069052
1	251.13796868003416
2	253.89166070933928
2	277.26051345103775
2	277.32999428755005
