2	130.29741273391153
2	222.00819634657594
2	267.84923921554224
1	509.6566601674031
1	511.53938065459386
1	539.984558010727
2	565.9694888955008
1	669.8071112098701
2	1093.361680409507
1	1121.1823865851522
1	1160.7583607708866
1	1389.5962134927192
1	1429.619749741677
2	1643.6462591809554
1	1705.9464512804054
1	1721.681025588862
1	1834.9372191289876
1	1972.8707726947769
2	2331.5901961150325
2	2400.4058646704375
2	2423.332127099361
2	2446.2015477271425
1	2543.133824493094
1	2543.5172190529333
1	2551.494487995769
1	2931.8747482950084
1	2944.6838886497976
1	3023.7945069149664
1	3053.9633937034732
1	3161.946936111674
1	3189.9979847515706
2	3202.977310406795
1	3340.1638781934294
2	3455.2142252131425
1	3515.060732267069
2	3546.939693097632
1	3642.2642284444996
1	3786.8124082024874
2	3799.157666351773
2	3844.934606190666
2	4051.336453455667
1	4240.775141385025
1	4340.868859899553
1	4398.786458333492
2	4464.07343415262
2	4464.1218964354875
1	4637.149128156028
1	4656.86758023938
1	4764.82518318869
1	4780.851588722935
