1	80.68852089498698
2	112.96033404657487
2	113.05724325444638
2	113.12416638767478
2	113.17039908323369
2	113.17436120058971
2	113.23116667769716
2	113.24658285392695
2	113.32172433864245
1	120.86983513595014
2	141.44264222176486
2	141.46399520443111
2	141.51377425041886
2	141.5948872826021
2	141.64127757150618
2	141.68704923242734
2	141.72141363653503
2	141.89487143938337
2	141.9118359730687
1	151.21247457952046
1	151.39062498928496
1	160.66826917404262
2	170.3294631511539
2	170.3431291064903
2	170.38047931124694
2	170.47260388132202
2	170.63320886218418
1	180.98677231418526
2	198.45083657694866
2	198.547235141371
2	198.57305521507996
2	198.64942517098666
1	200.20863967731196
1	201.010585682548
2	227.0094807836853
2	227.22746270236908
1	230.79859413411367
1	250.28039805533493
1	250.67002207860608
1	251.0659799402203
1	251.22896129059697
2	255.5775666448327
2	284.1923819831851
2	284.28428702764205
