2	111.87933316171527
2	231.11001308308835
2	254.96601954231193
1	459.32664761332484
1	461.067160444383
1	489.6806593118518
2	541.1487976454852
1	619.5701000264047
1	1110.3899870491891
2	1113.5866192044864
1	1121.7943059195477
1	1379.307646912842
1	1389.1676343907336
2	1638.2564109228756
1	1671.4068624073243
1	1705.2541532890443
1	1784.5008485349515
1	1922.4593246704244
2	2329.934513670613
2	2401.542132332089
2	2401.557396014237
2	2425.3345000490267
1	2492.661737305206
1	2493.214533589614
1	2501.3420769385043
1	2881.580506843526
1	2894.3191991477356
1	2973.5946863337585
1	3003.9798510392734
1	3111.6755232423266
2	3188.5599638048784
1	3189.3735651604024
1	3289.763465745964
1	3464.813300387235
2	3474.743766090863
2	3570.224925079064
1	3591.8323190390356
1	3736.531450317815
2	3784.8414397741967
2	3832.565788379221
2	4023.358553985844
1	4190.445549327919
1	4290.693354506014
1	4398.221350926309
2	4452.610138980122
2	4476.527419410359
1	4586.802631769752
1	4606.516798342363
1	4714.582566521872
1	4730.5131646044265
