1	80.11366418234064
2	93.73819298495032
1	110.63023757825636
2	117.65169285086272
2	117.73013933401036
2	117.79793869266646
2	117.83408029999984
2	117.83815012375894
2	117.8954286405268
2	117.93227357585371
2	117.98431293580829
2	118.02083183230282
2	118.0825283259567
2	118.16125232219632
2	118.19345907663973
1	120.16754401433626
1	120.25536931153209
1	120.27196706212585
2	139.48658083332884
2	141.52806213977902
2	141.6240574842605
2	141.63765367673332
2	141.63781819412895
1	150.09072016702945
1	150.21488497094046
1	150.32246366533033
2	165.35100769329486
2	165.40738710170228
2	165.46978164968635
2	165.5246211045444
2	165.54536118499973
2	165.55504005162766
2	165.61424110037294
1	180.61512166108082
2	189.11246121511218
2	189.18838244604208
1	200.1925014184985
1	200.86091898153802
1	201.24163775957646
2	212.9982512539336
2	236.84289527313194
1	250.313297103489
2	260.72624897411515
2	260.8058622439828
2	284.52946850755296
