1	80.3019660957446
2	119.29591685352871
2	119.3681191853824
2	119.43529880407921
2	119.48717255999134
2	119.54177400481187
2	119.56423233714568
2	119.6196225179811
2	119.63727932156256
2	119.73059708224464
2	119.8148809225509
2	119.89452582995592
1	120.19091148333013
1	120.41117744490342
2	142.90474966462398
2	142.9694843954135
2	143.0251392830927
2	143.0916026621766
2	143.16333367826869
2	143.24262229195955
2	143.32337286986652
2	143.3914952765527
1	150.6126031723705
1	150.73578076219482
1	150.8573147354601
1	160.53068686991313
2	166.39791289893475
2	166.48464464534356
2	166.56924881783542
2	166.59612103681434
1	180.6736090480274
2	190.07107869720033
2	190.09111680461777
2	190.14626648209435
1	200.23214585497007
2	213.52459008849453
2	213.61977777709873
1	230.6531154178569
2	237.28225214165664
1	250.15986848005846
1	250.51333784531937
1	250.97273991258413
1	251.24206975522173
2	260.72237683452266
2	284.2417156998129
2	284.27156607143405
