2	123.33746462089164
2	125.18342495991627
2	216.6680141765746
2	220.6166660310552
2	244.5522962322826
2	263.29772850139017
1	461.1184696605851
1	489.59124956817664
1	509.31819297948573
1	509.5795782608084
1	511.2214989067506
2	530.8466272516501
1	539.7569307499956
2	566.5979237166802
1	619.5233297651597
1	669.5888108662614
2	1103.039721614159
2	1103.6102457597378
1	1160.2300930022827
1	1160.6214572191764
1	1171.6482029472318
1	1172.1198519831605
1	1389.1929537152353
1	1389.4893386992644
1	1429.2953651529497
1	1429.7305396116044
2	1652.548965573079
2	1662.885433859042
1	1705.2791664925996
1	1705.681845493654
1	1721.210626149197
1	1721.5901811598103
1	1834.2948689477012
1	1834.7342533713281
1	1972.2356219737599
1	1972.7333646472398
2	2320.736018547818
2	2339.348618430463
2	2392.361973235741
2	2409.2864129776503
2	2409.3154451968308
2	2416.1882070357055
2	2432.6037237065016
2	2440.136375806776
1	2493.2209601669047
1	2501.3487562523196
1	2542.376545422372
1	2542.916871387553
1	2543.408288459116
1	2551.4265820690507
1	2881.66766796908
1	2894.318715523175
1	2931.65545434401
1	2944.522847396971
1	2973.51573226072
1	3023.7440977734022
1	3053.4043792493
1	3053.941763356007
1	3111.6667604300724
1	3161.8980330273516
2	3179.9526186091693
1	3189.2781586962724
1	3189.7721140014187
2	3202.41901555623
1	3339.411176168107
1	3339.907983425225
2	3458.9372748556584
2	3466.2998414301096
1	3514.379129591528
1	3514.9850600801133
2	3575.577685806105
2	3609.5767976036777
1	3641.5611037112253
1	3642.002981825909
1	3736.1451945250524
2	3762.2220429521967
2	3776.551465954656
2	3785.5095128291696
1	3786.347497958834
1	3786.6676970227722
2	3832.221831972234
2	3871.9809712541955
2	4018.8010352235283
2	4039.0748103037013
1	4190.434629890177
1	4240.685703685098
1	4340.321992769512
1	4340.75955101267
1	4398.194776505649
1	4398.764539594823
2	4444.776673871312
2	4461.957040837021
2	4485.357204114393
2	4492.484647326646
1	4636.494090099686
1	4636.938847666362
1	4656.324318520368
1	4656.715573056064
1	4714.142223744007
1	4714.622214667821
1	4730.727780010176
1	4764.775037820607
1	4780.628471744729
