1	80.28972887728627
2	101.3022026853272
2	101.33553854750258
2	101.41928647662486
1	120.18981263847377
2	124.8521059991413
2	124.88768916823321
2	124.91757681762832
2	124.95017851244589
2	125.00389001201366
2	125.0674326162327
2	125.14056379197847
2	125.19197111036425
2	125.28834066085959
2	125.32661509749022
2	125.40913581123846
2	125.42686935076729
2	125.49572850249078
2	148.3680648025477
2	148.6923357536718
2	148.82490646806056
2	148.90576260843133
2	148.9471793887269
1	150.6181496452326
1	150.7486228379291
1	150.91818593156387
1	160.57713383550242
2	171.9856480358073
1	180.67466044244304
2	195.5671687314116
2	195.63494098203475
2	195.66166038421036
1	200.2107109460468
2	219.03315633207927
2	219.04263420428538
1	230.6354214441705
2	242.73878006533914
1	250.22176213234195
1	250.4800593407711
1	251.01633431644632
1	251.25476210621494
2	266.2225468891678
2	289.80144705485384
2	289.87516318982
