1	80.13919653198941
1	80.17742064193504
1	80.41682842335265
2	100.33456701389142
2	100.34742296768677
2	109.10371709134981
1	110.64654545877387
2	110.74550636326856
2	110.81658313601835
2	110.85232147744753
2	110.93086366010442
2	110.98841248912473
2	111.0327690750999
2	111.08162917118389
2	111.17259639681258
2	111.25400554470194
2	111.29038893872594
2	111.29146075832622
1	120.10805600721744
1	120.19839809370887
1	120.29063273094017
2	124.16319422808411
2	124.24624366248548
2	124.34513665131841
2	124.36890487844784
2	124.37825395664133
2	124.40190548569531
2	124.43223505221859
2	124.50750480416866
2	124.50994640417609
2	124.55809561941754
2	124.58817487190011
2	132.317481965417
2	132.4006460345543
2	132.426962713308
2	132.48248783016652
2	132.54459707405928
2	132.7291144511266
2	132.78191906416947
2	132.79937474691752
2	132.8587488433905
2	132.89368724147553
2	132.94782159358016
2	133.01022812277185
2	134.54155698959624
2	134.62182709780845
2	134.69895674371995
2	134.71771596262812
2	134.79461802789922
2	148.19291024016349
2	148.2153239940201
2	148.24495970165904
2	148.24698165528335
1	150.1523460865955
1	150.16034784551033
1	150.24186308067772
1	150.31773918844502
1	150.32737420454652
1	150.4099400152188
1	150.42965822231227
1	150.43491030238553
2	155.55559861130712
2	155.6522979771203
2	155.69753956225279
2	155.81412817743202
2	155.89479951257215
2	155.92096751125743
2	155.97530569168666
2	156.05551496716768
2	158.4804584006319
2	158.50074103962203
2	158.57344955763986
2	158.5773138231088
2	158.59863264639546
2	158.6242604093202
1	160.5120470514967
1	160.58458705010878
2	171.8265605324951
2	171.88137310882203
2	172.03479177953238
2	172.06834369872138
2	172.07633420986073
2	172.08341772534675
2	178.64879345609694
2	178.8274079580534
2	178.91216482347002
1	180.5502950703959
1	180.60737746405562
1	180.85196971538002
2	182.24806141043393
2	182.29887865930857
2	182.3799293093186
2	195.7592361229247
2	195.79437339755506
2	195.84534533843058
1	200.17075541489535
1	200.22661603789237
1	200.3006211443711
1	200.9321212505352
1	201.21128769471784
2	201.94351213582695
2	206.0523827411584
2	225.01735837386272
2	225.28576633841823
2	225.36193741380032
2	229.9754997733232
1	230.65772332652296
1	230.76157938843397
2	243.39977111363723
1	250.15295230025188
1	250.23301198044004
1	250.2993406093588
1	250.47961401721471
1	250.9014332648089
1	250.96102566369407
1	251.10821461989065
1	251.19299424200094
2	253.832733809997
2	253.87786210843214
2	267.3566455644408
2	267.3958177990917
2	271.3908158176148
2	277.649519716477
2	294.50472091059225
