1	80.65476307730933
2	117.62988851168721
2	117.65862810725952
2	117.75722122748968
2	117.84425698651532
2	117.90661349216779
2	117.94581015316348
2	117.9891995788892
2	117.99711652468125
1	120.83687658104618
2	146.23341393034758
2	146.2796835599513
2	146.29018448672397
2	146.4209379787391
2	146.44485975115487
2	146.59358917019173
2	146.60931723061344
2	146.69146887037354
2	146.7153182699323
2	146.8125202416184
2	146.900084016799
2	146.92501681372164
1	151.2727110804936
1	151.36204540350028
1	160.6641923799645
2	174.69105998937962
2	174.7853371401209
1	180.93052119130485
1	200.94669172257076
2	203.21376214288873
2	203.36347841943476
2	203.43521180739899
2	203.48046111826454
1	230.78605735617623
2	231.9132314857579
1	250.27510102434582
1	250.58443449360755
1	251.06577433709455
1	251.25869283984974
2	260.2611778792963
2	288.8528339097212
2	288.8948076104336
