2	143.86031405877048
2	234.9188808989402
2	257.7479602136972
1	509.6270873422121
1	511.38802563768786
1	539.8769026025673
2	553.7830473343275
1	669.7070404815149
2	1100.3239146737237
1	1160.7504652240473
1	1172.172038782336
1	1389.6724380755509
1	1429.7226792044446
2	1646.950192471103
1	1705.920610631908
1	1721.723563018295
1	1834.8594917642683
1	1972.7677880317272
2	2352.9352461645426
2	2421.2192394397193
2	2421.2795592984166
2	2444.035521872892
1	2492.200573464526
1	2543.482003222426
1	2551.614453555284
1	2931.886398056658
1	2944.608352426704
1	3023.8791332099486
1	3053.9713194529463
1	3161.9110130980193
1	3189.8920723940346
2	3195.5553006245427
1	3340.0377895644133
2	3446.0328094971114
1	3515.074243838359
2	3559.944869885093
1	3642.1500384464534
1	3786.9415696314645
2	3787.658175837796
2	3833.1669212125444
2	4038.1621432108022
1	4240.754236034603
1	4340.814012451931
1	4398.744477891035
2	4470.857917682865
2	4493.592680547951
1	4637.17573727247
1	4656.765008061234
1	4764.816229857639
1	4780.785368476579
