2	129.04658351068656
2	224.39998003686122
2	248.22484984753183
1	461.04789453542884
1	489.6561152758131
1	509.29994592219725
2	534.2747538165461
1	619.5389508474623
2	1106.3372574203377
1	1160.3566748030482
1	1171.6345480705568
1	1389.1378423514795
1	1429.2949349143676
2	1654.4902015875243
1	1705.3077282760505
1	1721.2176672254593
1	1834.3502453651731
1	1972.2401130427104
2	2321.8945340000255
2	2393.3738792545923
2	2417.2635411221386
2	2441.021321175864
1	2493.3243662112077
1	2501.3654842019614
1	2542.5111007408027
1	2881.6444699383906
1	2894.3116470828986
1	2973.482983732551
1	3053.3963898579977
1	3111.6701891298676
2	3179.9134436957706
1	3189.316009607575
1	3339.5141489337657
2	3465.9717891622086
1	3514.3475351161005
2	3609.052940937056
1	3641.518666785026
2	3775.854663407048
1	3786.2926872468925
2	3871.187733284564
2	4038.049533740311
1	4190.472047356922
1	4340.3629063201515
1	4398.277168956492
2	4443.192532797779
2	4490.937572412231
1	4636.521004527797
1	4656.3067258712845
1	4714.62871787904
1	4730.537682335289
