1	80.40306248319746
2	126.33989955172825
2	126.37214292875456
2	126.46446118945656
2	126.53353860854845
2	126.57939579940795
2	149.63732862445784
2	149.70233426000493
2	149.73370620106388
2	149.8022096622665
2	149.83637205590023
2	149.89961108357673
2	149.95458806550792
2	149.96465695317852
2	150.0258834577407
2	150.06360392100137
2	150.1038735481749
1	150.33310440803697
1	150.4230592507416
1	150.49668244372202
1	160.61503082489838
2	172.83996707173733
2	172.88492821617297
2	172.91217606827985
2	172.92506215602793
2	172.9740214577412
1	180.85032094110466
2	196.27128390510566
2	196.30709447076646
2	196.41917242557076
2	196.51115288585456
1	200.15917844705044
1	200.4828926624054
2	219.26977874866117
2	219.34242938063684
1	230.6555264215738
2	242.545515885603
1	250.1351560701268
1	250.51020700196648
1	251.0275027238868
1	251.24898554101082
2	265.6779549690817
2	289.06228849135147
2	289.1177067019703
