1	80.15811913172035
1	80.34869548952312
1	110.66293401240084
2	114.2386106258713
2	114.31382735136984
2	114.40866364451216
2	114.42739495036125
2	114.46237452810855
2	114.47271958206937
2	114.54223835060456
2	114.6303316199623
2	114.63951543721646
2	114.64862227546342
2	114.74320894683704
2	114.82349418043962
2	114.87020351152347
1	120.16022507278751
1	120.17148884134012
1	120.3099092480787
2	130.55024254965852
2	130.65042896536667
2	130.7057653803138
2	130.79135894021113
2	130.88533346961358
2	130.9374216044429
2	131.01398447327006
2	131.11188704623888
2	131.18551624137447
2	138.11579250757845
2	138.12110610354804
2	138.12856414339547
2	138.1602603736144
1	150.0825608942404
1	150.08319070498683
1	150.18551617066913
1	150.35655092162966
1	150.359473364528
1	150.44473678117916
2	154.15961120442472
2	154.21066356405115
2	154.2260369396037
2	154.29792399272026
2	154.35965436384066
2	154.40339849111518
2	154.4533853382917
2	154.4946977912271
2	154.53573591090935
1	160.8391905281725
2	161.97698014474375
2	162.00295315872222
2	162.09945801894656
2	162.13014595849967
2	162.13273137017623
2	162.1473989039015
2	162.22131762395497
2	177.3426054049248
2	177.48637360140563
2	177.5844709944575
2	177.61027655963375
2	177.66940573899072
1	180.65141913618933
1	180.72056699771034
2	185.78473610135393
2	185.79643276319607
1	200.19859135455687
1	200.2394836107052
2	200.81327133725776
2	200.83240137569777
1	201.0329229926707
1	201.16745022654783
2	209.6542091798595
2	224.26027559292885
1	230.69882330782335
2	233.56509718042037
2	247.59909645908334
2	247.6239718505802
1	250.11243951857526
1	250.35757196131
1	250.4717505244094
1	251.01275221699507
1	251.21357932316107
2	257.3975296566324
2	257.4046771723499
2	281.23852692536946
2	294.4293048529931
2	294.4954565914346
