1	80.32302491401903
2	128.53287766335694
2	128.59182921754447
2	128.62706905028983
2	128.66285440723885
2	128.7154568337693
2	128.80149461493716
2	128.84196623207296
2	128.9148484985837
2	128.92993678541575
1	150.07718593404726
1	150.35512429391434
1	150.43351569291602
2	151.99812640688597
2	152.0146048404437
2	152.1314300296251
2	152.2004166186385
2	152.26693892066797
2	152.35534382414903
2	152.40383057249502
2	152.4423278580386
2	152.4692728150573
1	160.90237917525522
2	175.34364274102433
2	175.57931865316635
2	175.58640491427747
2	175.58977493767057
2	175.59719124822806
1	180.6415447288906
2	198.7401187621628
2	198.82081777061572
2	198.91026596525685
1	200.24773289138346
1	200.28597242362085
2	222.2033127955727
1	230.73163137457064
2	245.57704582546393
2	245.605105204538
1	250.15588397145777
1	250.47216961579468
1	251.00045073180019
1	251.15738355388206
2	292.4068054723395
2	292.47051342904155
