2	125.72643940905917
2	213.07047493683024
2	271.2622020444255
1	509.6539911969904
1	511.10720198442505
1	539.6974956598209
2	562.4221452708226
1	669.6598196321952
2	1115.6350421322243
1	1160.745502752462
1	1172.0534101467124
1	1389.6507782898916
1	1429.6714188922529
2	1668.8152711917696
1	1705.6629296178137
1	1721.4978441762034
1	1834.690468036172
1	1972.7904514407408
2	2338.4326939431294
2	2396.6193880640267
2	2425.801334373734
2	2454.824460421567
1	2542.907789007591
1	2543.2575155267823
1	2551.3680322726136
1	2931.6225373670504
1	2944.4228108886678
1	3023.5960436238247
1	3053.938984237719
1	3161.803326510719
2	3182.7709208474935
1	3189.744744343005
1	3339.7973874008276
2	3473.8727433472886
1	3515.0605267581404
2	3561.2404491400525
1	3641.8641644925933
1	3786.8642706359956
2	3794.178976278244
2	3852.329792688787
2	4027.095784996951
1	4240.553969213941
1	4340.65777134697
1	4398.696081801472
2	4434.709084172521
2	4492.940843048238
1	4636.888525749313
1	4656.666873040386
1	4764.75158944369
1	4780.666174038791
