1	80.19321108056485
1	80.20064851751141
1	80.42388711763537
1	80.63015135005617
2	104.668234039605
2	104.67696209950061
2	104.68508501860282
2	104.75674194744444
2	104.77346635642847
2	108.21064694713215
2	108.24875770406847
2	108.3268205081751
2	113.9848457264263
2	114.06512739273433
2	114.08592602681287
2	114.12048449869941
2	114.19423209844896
2	114.22567176833007
2	114.23868626891517
2	114.24764775456984
2	114.2560341302793
2	118.94300234044968
2	118.9748400308493
2	119.05474287618331
2	119.11892579201368
2	119.12256172614103
1	120.2838568983506
1	120.34631228285119
1	120.41154997835409
1	120.62256609964243
2	128.53793939925575
2	128.55131344055877
2	128.60140512566
2	128.65492098988918
2	128.753730227507
2	128.77502024683733
2	128.78624932862044
2	128.8223716486166
2	136.29861672187172
2	136.33187564530786
2	136.33941245757268
2	136.3588795464691
2	136.52889848130047
2	136.6098989811395
2	136.6919168214333
2	136.70802782904016
2	136.79344241876558
2	136.80772659145734
2	136.83832857618552
2	136.85236831468518
2	136.88422558675944
2	142.79120733320138
2	142.85458424574946
2	142.86415605214802
2	142.91520182093268
2	142.9875824214492
2	143.0264067933174
2	143.16819455145745
2	143.26625469031185
2	143.34435418069003
2	143.4148661083867
2	143.50948617209656
2	143.63202453430088
2	143.70348468940855
2	143.7819595922848
2	143.93955450299404
2	143.95262707569032
2	143.96640419173153
2	144.04904637856032
2	144.07464427578083
2	144.08161549890988
1	150.05999890338228
1	150.16222058759882
1	150.24980121381904
1	150.27495152051918
1	150.6375660837959
1	150.77826741633203
1	151.2224884645606
1	151.37932725974198
1	151.47226475405
2	152.44057981514834
2	152.72951908783514
2	152.8110894337393
2	152.9453332680725
2	153.0320722445133
2	153.0607410340024
1	160.25073541275282
1	160.28256593270066
1	160.47055261109017
1	160.68306793125612
2	164.33001800947042
2	164.6078347771808
2	164.66172647130875
2	164.66625589813552
2	164.78292162724472
2	164.83629614120906
2	166.690068889009
2	166.7881603810152
2	166.83149642809587
2	166.93052965132685
2	172.3608659648359
2	172.558752800389
2	172.6555313440647
2	172.73301230679235
2	172.82040224822728
2	176.11293044593813
2	176.1515245578785
2	176.17555264453864
1	180.54499701002766
1	180.7237113559703
1	180.83024384357168
1	180.9242970400098
2	190.678772095123
2	190.85483771061396
2	190.85981023046685
2	192.48409600321045
2	192.51227850447853
2	192.57252829486
2	199.9981015479249
2	200.0498965420489
2	200.09694883103586
1	200.16014982241214
1	200.17535767247125
1	200.25547585124488
1	200.34981044773306
1	200.44344442553893
1	200.51557763634023
1	200.53732467545294
1	201.18779157942504
1	201.36942774958226
2	201.4023714869142
2	201.54272463410666
2	214.52769643804785
2	220.36346808049632
2	220.44413512596387
2	223.85737322511503
2	230.54417834464545
1	230.76611427216193
2	238.43701168548506
2	238.51438946527193
2	247.6849028390723
2	248.5579763424479
2	248.5997900189674
1	250.26221230957287
1	250.3607270938455
1	250.44507056369295
1	250.53501210730224
1	250.62174048748733
1	250.66185658526072
1	250.71189805279732
1	250.7322079629421
1	250.74351725563287
1	251.03568393370293
1	251.08155870788661
1	251.27104275115911
2	259.67606017829945
2	262.4146066082512
2	271.45389469256617
2	271.5425995751309
2	271.555211931787
2	276.53251595417146
2	276.5739680723235
2	286.27243138906243
2	286.2896319245889
2	288.7701132739522
2	288.8362354729766
