2	142.09261364180054
2	232.7911314930853
2	232.83774612195515
1	461.39014597013454
1	489.69302722561224
1	509.44094267860885
2	549.9730299463289
1	619.5982775685635
2	1116.5606421913942
1	1121.9524714522952
2	1139.2535581460663
1	1160.3929175531405
1	1171.8848416115409
1	1389.3290016680453
1	1429.4747398787013
2	1660.4501520372244
1	1671.4717193269717
1	1705.5124121745662
2	1705.790834001106
1	1721.3708302276873
1	1784.7092197902437
2	1819.0768944858828
1	1834.5816498904696
1	1922.7183231372412
2	1955.0561685485413
1	1972.4139021682363
2	2340.287780144552
2	2408.281003012897
2	2408.327703887339
2	2430.8841255801344
1	2492.8629886267136
1	2493.4767925314336
1	2501.5222001152747
2	2521.60582275764
1	2542.6386796276806
1	2881.687766382215
1	2894.5825832700857
1	2973.707428080543
1	3053.594140498964
1	3111.8073075590232
1	3189.436166492625
2	3201.370778665028
1	3289.846801102345
2	3314.687258213129
1	3339.613474708707
2	3450.6572670465575
1	3464.8365077754365
2	3496.032177657021
1	3514.6778405269747
2	3541.3369040045973
1	3591.943166681798
2	3631.971081161323
1	3641.6840279546404
1	3786.4159104946098
2	3790.6588098697416
2	3835.9777651722984
2	4017.218760427804
1	4190.651122495568
1	4290.75434864744
2	4311.835084723292
1	4340.5391930926235
1	4398.553860601688
2	4447.784691836899
2	4470.5303478873875
1	4606.6229301720105
1	4636.672545889146
2	4651.730313663835
1	4656.386032351385
1	4714.7417975889775
1	4730.707247174484
