1	80.62019423854758
2	110.49000705206134
2	110.54023708374636
2	110.55172094109233
2	110.62101250701929
2	110.68159304328363
1	120.48829591382516
2	133.98147546537058
2	134.06832294596984
2	134.0939149500845
2	134.11760783261937
2	134.24778970222727
2	134.3258807105568
2	134.37042715825166
2	134.45435071022177
2	134.52972729629946
1	150.77066058966784
1	150.87874984329312
2	157.34190071861164
2	157.37266348007714
2	157.4749462536464
2	157.5584343287789
2	157.71757550706596
2	157.74204254427957
1	160.59627371417162
2	180.70941367863446
2	180.75494903735577
2	180.76352156850572
1	181.0748839331188
1	200.67927477064543
1	200.93623741906018
1	201.4486709766654
2	204.00285071103693
2	204.02297260409654
2	227.53672774268588
1	250.5396198315915
1	250.8346807819342
2	274.1559284141626
2	274.2025095794967
2	274.24717705259064
