2	119.6411828221981
2	235.64674749732487
2	258.8396647099952
1	509.60196946662666
1	511.2753670689134
2	537.1623790764071
1	539.8637138879168
1	669.6610111627305
2	1117.001635339027
1	1160.8027201701034
1	1172.2129494339538
1	1389.576066043825
1	1429.6410336630674
2	1673.7134862871658
1	1705.796365880718
1	1721.566425357236
1	1834.7282198966475
1	1972.7823009509407
2	2346.343919219073
2	2415.9193046961905
2	2416.0129954015574
2	2439.3104138041344
1	2542.494109565126
1	2543.530615965644
1	2551.6051598737754
1	2931.7784076799717
1	2944.654800459856
1	3003.1377571856283
1	3023.806046117024
1	3161.899406591633
1	3189.797877494351
2	3204.6121455238485
1	3339.9626356515478
2	3482.8889857540917
1	3515.103995016307
2	3552.5588125415147
1	3642.0124100990897
2	3784.4555303455563
1	3786.8523763872518
2	3854.054815868267
2	4039.600209522146
1	4240.738435994922
1	4340.875184845228
1	4398.811678218579
2	4457.065773015484
2	4503.504869247752
1	4636.562820093163
1	4656.653912536983
1	4764.802198675666
1	4780.774590017044
