1	80.52181025511425
2	122.85668050369365
2	122.94917374372201
2	122.98329802420452
2	123.0803043078131
2	123.10297715656608
2	123.15951715571069
2	123.23999444435243
2	123.26150166811843
2	123.33737463089888
2	146.75181417505692
2	146.8081766735258
2	146.8654830437449
2	147.000900592213
2	147.02536370613367
2	147.09666140886407
2	147.1008574553032
2	147.16007532748372
1	150.59542458844123
1	150.76310956590504
1	150.83033993576979
1	160.40581638300475
2	170.6909340453737
2	170.73102665939726
2	170.80550558952658
2	170.86058113390092
1	180.81150794310213
2	194.45509041195217
2	194.5078450896723
2	194.51584768131028
1	200.35170625075213
1	200.77834897526378
1	201.186017142678
2	218.36695469872402
2	242.26057883205613
2	242.3070835159561
2	242.33762026817521
1	250.19110962837274
1	250.3581099493284
1	250.99486927929004
1	251.18130223207936
2	266.10898070121755
2	266.11633897406597
2	290.0083991372776
