1	80.15855666325928
1	80.22403306575316
1	80.41127092772064
2	98.80903400443303
1	110.51876223784954
1	110.60887017138283
2	113.38424177157752
2	119.04015115371665
2	119.09053647009932
2	119.1456417316068
2	119.19439225551632
2	119.23419499454245
2	119.31817427313023
2	119.33816121890385
2	119.34439788562457
2	119.41838667983095
2	119.51241563839494
2	119.59796404876514
2	119.60802912311092
2	119.67413111187643
1	120.1397175903186
1	120.16983750651549
1	120.26035113560255
1	120.30697068923978
2	122.64356097649888
2	122.70820656662069
2	122.7999534164146
2	122.84542374334626
2	122.9325028256345
2	123.01789736123966
2	123.04301778699998
2	123.08595702491499
2	123.12225954118792
2	123.17944163823351
2	137.3481536317039
2	137.4390313521057
2	137.4441633445227
2	137.48491187523447
2	137.513934049864
2	137.59374417669304
2	137.5963102507272
2	137.65644363149997
2	137.755921574055
2	137.82665634482635
2	137.83278741731172
2	137.9230627931839
2	137.93271687981735
2	138.02216811978343
2	142.8480694561151
2	142.9133204050731
2	142.94589281305804
2	142.97235189245174
2	146.411859562338
2	146.4736974054308
2	146.5440592196098
2	146.62414609222333
2	146.6597578167045
2	146.6698702895503
2	146.7233681645685
2	146.78983837985922
1	150.11750982241716
1	150.1494041715651
1	150.24223623102128
1	150.27159085067925
1	150.347106662504
1	150.42544971469772
1	150.55896769778764
1	150.61306005734735
1	150.68776992076906
1	160.42451275156856
2	161.41941085218346
2	161.58983457445325
2	161.6664683531387
2	161.71863585228982
2	161.8499537940679
2	166.6805557433393
2	166.71175621823585
2	166.78850137259857
2	166.8715464080078
2	166.95331728241598
2	167.02842656572798
2	167.04337487938088
2	170.41258540072698
2	170.58085721194232
2	170.66751714650576
1	180.2852027601343
1	180.62590289526332
1	180.65223824832188
2	185.20133931186018
2	185.24587550515415
2	185.28145303730577
2	185.34502336397065
2	190.61643043781652
2	190.67319134650035
1	200.1352730792095
1	200.1710341225335
1	200.31108058706627
1	200.42523871505807
1	200.52150267782585
1	200.6553290237977
1	200.7470789458153
1	200.93760514627266
1	200.96178933622843
1	201.12156236511927
1	201.2471098098446
2	209.12610835531274
2	209.21226803221612
2	214.4072417320543
2	217.94032144306917
2	233.04849331862488
2	233.13724818336664
2	238.2247419378672
2	241.72464692650158
2	241.7903186035706
1	250.1142750809554
1	250.28253880811442
1	250.35448219310712
1	250.7349722991876
2	262.1360853002258
2	262.15444718993234
2	280.93515255374587
2	280.9598256121617
2	285.98121881654157
2	289.3249768864942
2	289.3399034539683
