2	105.69340559121724
2	114.78192961281145
2	120.9648672070357
2	210.1228794612919
2	215.36356134528106
2	224.97026271637552
2	248.81494751225253
2	257.81471997503024
2	262.4978569343331
1	459.34905720033754
1	461.05774997497167
1	461.1603182564763
1	461.5562343614427
1	489.5672989243017
1	489.67345978836306
1	489.7588618269802
1	509.29457234328953
1	509.5298544515488
2	534.9862402466425
2	543.7205977799764
2	545.6894320604324
1	619.3748341056518
1	619.5981211294945
1	619.6255854565371
2	1091.8177653379705
2	1107.3658836329512
1	1110.34170086013
2	1112.0070097595562
1	1121.8464022888495
1	1121.863850431821
2	1139.499714462899
1	1160.3133680370754
1	1160.6657146845432
1	1171.6454654221038
1	1172.0545566606158
1	1379.3431154151694
1	1389.2119392593095
1	1389.269563042273
1	1389.4538618151234
1	1429.38016616555
1	1429.6707128105952
2	1655.9388644534442
2	1663.7277171307896
1	1671.3733683977546
1	1671.3959259152316
2	1678.2818622833786
2	1687.5907407665968
1	1705.3156142047346
1	1705.390767596652
1	1705.672446317412
1	1721.2391572684253
1	1721.53438309289
1	1784.4284854965663
1	1784.5209543019662
2	1806.7701020158104
1	1834.3623704704787
1	1834.7490673767568
1	1922.359261551462
1	1922.4867311186463
2	1949.786333376941
1	1972.3749604567722
1	1972.5312113098564
2	2323.7878836937643
2	2331.033039318666
2	2339.036098540009
2	2395.34305994581
2	2395.4096813936385
2	2402.495069189181
2	2409.8460296981125
2	2409.9349205493313
2	2419.146960397165
2	2426.339703374207
2	2426.4340521810677
2	2433.4549680822956
1	2492.2919839002907
1	2492.6465042475106
1	2492.6926478285463
1	2493.183745017963
1	2493.338177993697
1	2493.712879358871
2	2497.829075721862
1	2501.3731618610514
1	2501.4602072668345
1	2501.728737589134
1	2542.5870125992906
1	2542.7660492713767
1	2881.481102181137
1	2881.617857107545
1	2881.787092380253
1	2894.3572542689994
1	2894.429553613956
1	2894.7841313555073
1	2973.3911125901677
1	2973.5543676167517
1	2973.760940002835
1	3003.668813054729
1	3003.9350313389536
2	3022.1547143605912
1	3053.5106470185624
1	3053.7124845790236
1	3111.5338574584007
1	3111.7001629366996
1	3111.872475887829
2	3182.361256511887
2	3188.4928357159115
2	3188.9487230245018
1	3189.30200205664
1	3189.305146969734
1	3189.7891926947304
1	3289.621953030375
1	3289.7759377540006
2	3308.106976295449
1	3339.523237545722
1	3339.7787584289
2	3451.0876415175517
1	3464.634119721974
1	3464.7914120791747
2	3468.599841041716
2	3471.653421144612
2	3474.9390203640696
1	3514.4730597097805
1	3514.73375056898
2	3564.061866614851
2	3566.072417973268
1	3591.7604163007663
1	3591.8990807822283
2	3617.87737865759
2	3617.893984201872
1	3641.5499665907455
1	3641.747008533222
1	3736.344012129201
1	3736.537422806275
1	3736.636581578795
2	3760.844065276731
2	3778.4086981226565
2	3778.696353893145
2	3784.6694759336106
1	3786.360321452809
1	3786.575699037286
2	3802.00964376426
2	3826.3970124605667
2	3843.5625377833876
2	3849.184247944961
2	3856.227372242075
2	4017.2242398690537
2	4023.0332159120494
2	4038.029475953855
2	4048.5593818669263
1	4190.392779061517
1	4190.469840748602
1	4190.733673958688
1	4290.582376250068
1	4290.674553164511
2	4308.963241924073
1	4340.290622616712
1	4340.704845920882
1	4398.140209407524
1	4398.293049751998
1	4398.645474359034
2	4428.139126778381
2	4446.5252648981395
2	4462.69244075674
2	4470.306004368103
2	4475.8389162863
2	4486.3230696388055
1	4586.622633911446
1	4586.865798506271
2	4594.8901182365
1	4606.494211615575
1	4636.534848024553
1	4636.849206816018
1	4656.300751745237
1	4656.544649503782
1	4714.547417080922
1	4714.565127990013
1	4714.89179671183
1	4730.394150167557
1	4730.581952295195
1	4730.864010326871
