1	80.57112338545744
2	121.73154087645277
2	121.73812764199347
2	121.83035824156526
2	121.87228536754216
2	121.9082600968228
2	121.94699691182943
2	145.7224157305082
2	145.79142295108022
2	145.91461004323207
2	145.95334459222136
2	145.9959745990489
2	146.1167912972591
2	146.14668166037123
2	146.15797131066572
2	146.2254742930831
2	146.30830331073557
1	150.21787233171463
1	150.82834757153196
1	150.83262669606017
1	160.53794162403216
2	169.76007322512132
2	169.82557471956696
2	169.85268232136875
2	169.8638899244929
2	170.05905206886678
2	170.0811358701359
2	170.09850748984147
1	180.8151225855628
2	193.89503183553836
1	200.77835287508628
1	201.29587089600366
2	217.98793618847253
2	218.27984728601226
2	241.9546505020561
1	250.169850224343
1	250.5408526476706
1	251.08250133994306
1	251.24810947116603
2	265.98978914216707
2	290.01201454219887
2	290.08696585188267
