1	80.14448131455399
2	107.21614741441316
2	107.2227450449695
2	107.28659531074466
2	107.36952611887783
2	107.46761993507556
2	107.5375156198926
2	107.57727937721218
2	107.64019664232042
1	110.49185561322192
1	120.38898238479413
2	131.07009379509734
2	131.10556851332575
2	131.13276076124836
2	131.13955223429556
2	131.23174497054072
2	131.23836108356298
2	131.38060177462805
2	131.4402387328895
1	150.1132551097524
1	150.1731517266218
1	150.25974769311844
2	154.95126166109512
2	155.07612960865924
2	155.11731810247858
2	155.1339057185327
2	155.18114393386287
2	178.67014367226
2	178.86438945534383
1	180.6238317979884
1	200.09788406658924
1	200.95521068551017
1	201.19297499304054
2	202.48237143507555
2	226.29410338148287
2	250.1603938423479
1	250.32503206077385
2	274.01086342864346
2	274.0194145047409
