1	80.44130273793081
2	127.24142816415173
2	127.28567164835823
2	127.28660638218656
2	127.36705880685237
2	127.39276685622615
1	150.62617039868758
1	150.73600227876804
2	151.19610021681993
2	151.24892348542585
2	151.33519930941137
2	151.4075531380469
2	151.4374845843777
2	151.5060248108553
2	151.51487573423066
2	151.6403864470008
2	151.72337026501427
2	151.7458739830016
1	160.48117243195557
2	175.35399285862167
2	175.41424078793523
2	175.4568595575921
2	175.492427446525
2	175.57196915424186
2	175.72520771871416
1	180.68235707170803
2	199.16494487556025
2	199.26454797944993
1	200.51982999345134
1	200.69908198918995
1	201.2206854552758
2	223.1593836598107
2	247.1254216207277
1	250.52307035012677
1	250.70220418868175
2	271.04693426125095
2	271.06575462157775
2	294.9732828359816
