2	110.40802779845359
2	248.15732751376487
2	248.24025686669995
1	461.4214145832882
1	489.83459792284526
1	509.6023025291093
2	546.744445909498
1	619.8028659232405
2	1120.8062983860802
1	1160.569729274716
1	1171.9892696629768
1	1389.5050518786175
1	1429.5217021079197
2	1671.9462674028514
1	1705.6479225973562
1	1721.561302293752
1	1834.6633962934443
1	1972.456625890816
2	2314.8947873025672
2	2406.763462950113
2	2406.8524732677733
2	2452.6157958999615
1	2493.5763053664136
1	2501.6320880762773
1	2542.763126743875
1	2881.8851011770803
1	2894.714834877286
1	2973.7937074934352
1	3053.7490051013388
1	3111.872145806346
2	3187.5118522137914
1	3189.7286714157253
1	3339.7493277812364
2	3463.063455495767
1	3514.6820952480225
2	3554.879034121965
1	3641.801271921794
2	3784.5484879046444
1	3786.4857364832733
2	3853.3512626135057
2	4037.135300220039
1	4190.757725074887
1	4340.516851777056
1	4398.633718917723
2	4450.405591400646
2	4496.335995184869
1	4636.910635443965
1	4656.476925876523
1	4714.842115835037
1	4730.896988237204
