2	144.91466107689703
2	240.5910046903139
2	264.68830638881235
1	461.38394761138585
1	489.681429755896
1	509.38725586192623
2	551.6329323012537
1	619.2544120445039
2	1101.837506990602
1	1121.5155365317812
2	1149.736970588909
1	1160.4895063446686
1	1171.881344723584
1	1389.3696448801177
1	1429.4741956359808
1	1671.171474554527
2	1675.9706069533568
2	1699.9243618356388
1	1705.513747941539
1	1721.3600217767766
1	1784.2135650415921
2	1819.5032088325127
1	1834.5452695568683
1	1922.299432477177
2	1963.055486278829
1	1972.4600244426445
2	2345.794486970767
2	2417.5860035503
2	2417.656488840659
2	2441.527279279475
1	2492.6159521899494
1	2493.500143252496
1	2501.5227326779523
2	2513.2861552559293
1	2542.626109526412
1	2881.642546537734
1	2894.591343199279
1	2973.298648368856
1	3003.468839136749
2	3015.646351684803
1	3053.6383790758036
1	3111.2666751791703
2	3183.0617856685303
1	3189.5849919647826
1	3289.521203071931
2	3302.752873871186
1	3339.6622314425517
2	3446.2519924594585
1	3464.3198904671644
2	3470.224356581162
1	3514.590116646794
2	3565.912578232948
1	3591.4161503390646
2	3613.6796213819553
1	3641.6203939684924
1	3736.2471523700515
2	3757.2692651097364
2	3781.186360113838
1	3786.462093810826
2	3852.944048895309
2	4020.3869217048214
1	4190.158194718816
1	4290.430293171821
2	4307.457512964986
1	4340.51638110554
1	4398.47999511669
2	4451.038945546704
2	4498.850479159023
1	4586.288554411608
2	4594.540304876383
1	4636.603574416123
1	4656.453089148669
1	4714.380208029626
1	4730.661340723748
