1	80.52900046210682
2	99.90031588159054
1	120.11604981160717
2	123.51988762550764
2	123.53697323795254
2	123.54510529579775
2	123.57493208574047
2	123.5990491727354
2	123.63742976437004
2	123.73586265012509
2	123.83242053737702
2	123.90235753492794
2	123.96417835247391
2	147.22362656018055
2	147.25716701486664
2	147.3333523268728
2	147.3735671534555
2	147.43990183651186
2	147.46169504514035
1	150.43710258286535
1	150.62903198016784
1	150.70072747905553
1	160.465774749764
2	170.87314356060276
2	170.96841267450637
2	171.06368154484045
2	171.09196971432021
2	171.16651892924494
1	180.77568922317147
2	194.52524738924475
2	194.56541408467496
1	200.60859391094021
1	200.70025664816586
1	201.25722086646948
2	218.254276689465
2	241.78736295595672
1	250.55420337799026
1	250.6803440432562
2	265.40166439662244
2	289.05681026114877
2	289.1467329753026
