2	137.5642783971911
2	223.83289715200885
2	252.6682590031672
1	461.24679222352427
1	489.68658413132397
1	509.3371212361374
2	569.0297983087929
1	619.6653216188324
2	1115.4991106449934
1	1160.4051478094707
1	1171.593887638604
1	1389.3950459143534
1	1429.3833654460284
2	1661.9064699281066
1	1705.3134260027348
1	1721.223308938385
1	1834.391331495197
1	1972.3121000177684
2	2352.2004002288118
2	2409.7069631181093
2	2438.442154102379
2	2438.5013473088293
1	2493.407150916598
1	2501.3503055065653
1	2542.5575312752358
1	2881.63472044159
1	2894.458803764577
1	2973.836417570147
1	3053.515907724782
1	3111.843474025684
2	3186.2267632031694
1	3189.470814996904
1	3339.548668720888
2	3473.8701189007566
1	3514.4726717490485
2	3588.874076125627
1	3641.5965036851226
1	3786.2907376352487
2	3790.1545444281983
2	3847.7103935873893
2	4020.274571047759
1	4190.583527958994
1	4340.393284502567
1	4398.282496510311
2	4451.705582792193
2	4480.417266554996
1	4636.597932038073
1	4656.290131958276
1	4714.660417183825
1	4730.593062132738
