1	80.64680043179463
2	125.21275861501161
2	125.22722113447308
2	125.30009472437973
2	125.31319653798853
2	125.39172936243554
2	125.47458975691687
2	125.56845709139648
2	125.5940391692697
2	125.63439173956591
2	125.66709130515545
2	125.70912345610222
2	147.94599029008782
2	148.03885174222805
2	148.18605162641927
2	148.27835876377256
2	148.3405054481226
2	148.36193748918842
2	148.44306659958315
1	150.3147342886216
1	150.6954374902801
1	150.8706066519999
1	160.62503413439828
2	170.74003973903592
2	170.87379416087222
2	170.92786255554321
2	170.92808545938752
2	170.99898097265933
1	180.90675864631905
2	193.44606954220038
1	200.6551992466377
1	200.85899525346088
1	201.44544183977115
2	216.13993772418294
2	216.2862040866966
2	238.88090282630978
1	250.62209330674705
1	250.82775920177687
2	261.649890263981
2	284.34188920791263
