1	80.2019506450913
2	96.71134125315471
2	96.72222130289258
1	120.39033222280428
2	120.61414312315614
2	120.62855989234478
2	120.73842871032964
2	120.83632860222865
2	120.89008604891077
2	120.98158440133145
2	121.02142177181383
2	144.4667817018176
2	144.49787826584614
2	144.59176448282233
2	144.59684498095143
2	144.68637513097357
2	144.72426416272538
2	144.7321267027752
2	144.78564076772324
1	150.09154298075646
1	150.20794756333672
1	160.22249920407853
2	168.2620158185494
2	168.31485308088966
2	168.3694794232804
2	168.37402856533686
2	168.41854823020054
1	180.5399253928839
2	192.0531248279476
2	192.15064078977022
1	200.08245633172345
1	200.16399823470417
1	201.23265249937134
2	215.94302060086775
2	216.04757711269679
1	250.33545898236798
1	250.45000369277682
2	263.5808730097215
2	263.58336546083405
2	287.45433640043467
