1	80.58532638309997
2	104.97850611034168
2	105.01859537859538
2	105.0375495876588
2	105.12970842629034
2	105.21419216743394
2	105.25339045957612
1	120.59764131651704
2	128.64752025820403
2	128.6586242910954
2	128.7853446246366
2	128.88357055833285
2	128.9213804943583
2	128.99211210078863
2	129.07641442980187
1	151.12338371299452
1	151.28356851742458
1	151.33234894948066
2	151.9654333759565
2	152.0068645952963
2	152.07779799969
2	152.08421480356174
2	152.30153048014
2	152.3587180679818
2	152.44825315127858
2	152.49241805105166
2	152.5759438823563
1	160.48804987798144
2	175.57510905380397
2	175.6473023522142
2	175.7493416270773
1	180.78421090096506
2	198.98568603819754
1	200.4426564181577
1	200.73163072388115
2	222.50958527607244
2	245.9729256156213
1	250.23936669133315
1	250.56588508702671
1	250.95961958426486
2	269.53821695325394
2	292.92954763019554
