2	132.56150097896546
2	190.30063643430498
2	228.6121403460785
2	237.9735035365936
2	252.63324023212277
2	261.8277559249407
1	461.45692215274505
1	489.67355240756496
1	509.1727349307568
1	509.4949734378786
1	511.15718065831726
1	539.6750592946412
2	540.6504043504016
2	548.0952487152911
1	619.7119243690304
1	669.5334086253686
2	1092.7414540810648
2	1096.7562682596003
1	1110.3843870168275
1	1160.5827560184257
1	1171.8081000984025
1	1171.990205830208
1	1389.2115191188354
1	1389.4428032157573
1	1429.3059106554213
1	1429.532328286309
2	1645.455061578403
2	1668.8298829360044
1	1705.269343421371
1	1705.6022497304746
1	1721.3740037561724
1	1721.448328463516
1	1834.510311860422
1	1834.53129480189
1	1922.2457591059513
2	1932.9472249517758
1	1972.5298796545535
1	1972.5873162136193
2	2313.4611953747394
2	2341.033451977266
2	2408.828409148134
2	2413.0221100298477
2	2413.0454750574722
2	2432.663037399306
2	2437.109962496422
2	2456.5440816004225
1	2493.562454754524
1	2501.6122178340156
1	2542.717232597412
1	2542.755478816629
1	2543.244651611585
1	2551.29004904547
1	2881.8346272031295
1	2894.785452871297
1	2931.6040720263895
1	2944.270955505929
1	2973.6756014350417
1	3023.4753038203125
1	3053.6999674422646
1	3053.7631405517736
1	3111.293552217085
1	3161.6941960748804
2	3181.147710112264
1	3189.25664826526
1	3189.598437862062
2	3196.050867212555
1	3289.4721662279894
2	3301.135728325527
1	3339.652200702971
1	3339.7340998998907
2	3445.2004698734772
2	3482.361613573164
1	3514.796273768681
1	3514.873248536439
2	3553.858497541762
2	3565.2709564576026
1	3641.7581758249853
1	3641.8844453597485
1	3786.5704185556997
1	3786.6006525895505
2	3792.4097422055333
2	3805.255124513389
2	3816.3348618073496
2	3853.2552876141144
2	4021.301118891596
2	4030.9601842099282
1	4190.661405220854
1	4240.484265630079
1	4340.596947598679
1	4340.696909023004
1	4398.316194973207
1	4398.589016721769
2	4429.346149565168
2	4436.5432802974165
2	4477.420644849377
2	4484.3038037755
1	4636.8226891732465
1	4636.876700463562
1	4656.432795866371
1	4656.52322307326
1	4714.222044648976
1	4730.760582584
1	4764.628536978975
1	4780.566177593833
