1	80.6386643671297
2	120.90309073367078
2	120.98532683988601
2	121.05928659934793
2	121.09952391802861
2	121.11682138238997
2	121.19445708106534
2	121.24484081847463
2	121.26158748559703
2	149.981772422856
2	149.9859272258888
2	150.0885882415457
2	150.12992239444145
2	150.15064632888465
2	150.19400109776822
2	150.2863321509886
2	150.37910685571114
2	150.47597086930708
2	150.49661298441774
1	151.20281340914218
1	151.32584250271364
1	151.3701444445451
1	160.51200986360413
2	179.32352136387212
2	179.34986928870566
2	179.3802021659659
2	179.45312280896042
1	180.80276371668026
1	200.10387689774558
2	208.28572645170098
2	208.34812117544973
2	237.34589374289317
1	250.32841481305917
1	250.61132438086264
1	251.00747730192774
2	266.51328730383216
2	266.53876786895836
2	266.5836480666796
