1	80.80891759211713
2	118.54182026054652
2	118.6207419770633
2	118.70072103018585
2	118.75911686418843
2	118.80087964998738
2	118.86522709522059
2	118.88072519968307
2	118.89757989827469
1	120.5206677120154
2	141.4424836848214
2	141.4989093441225
2	141.5314944471062
2	141.54396671987612
2	141.58387299425394
2	141.76575044782305
2	141.82937328869204
2	141.89724460435946
1	151.3783662877799
1	151.49345198570416
1	151.5417337299809
1	160.8533435373379
2	164.0267155553576
2	164.16208609862215
2	164.16843764710464
2	164.19294127652512
2	164.2232424277657
2	164.27424500001882
1	180.98071782011223
2	186.9220359039213
2	186.94977543650504
2	186.98974546405688
1	200.9974063464796
2	209.6195841265418
1	230.81898679424557
2	232.43131545058057
1	250.278554022343
1	251.1086670788101
1	251.28264495467306
2	255.13348569521946
2	277.98671492722445
2	278.06095703781494
