1	80.20221390439754
2	103.32164779827089
2	103.37892744815065
2	103.47420362643018
2	103.4841675391938
2	103.55881472551852
2	103.56979402441317
2	103.57652234142554
2	103.65117901250628
1	110.61194795501771
1	120.15581451953737
1	120.33376223320202
2	127.18763699499335
2	127.23158044770332
2	127.2981183174734
2	127.35438948251395
2	127.37929530624719
2	127.39188785293321
2	127.45005929027297
2	127.54170127391228
1	150.08236736191733
1	150.23532392113293
1	150.3411519310211
2	151.0202594649425
2	151.0291871676849
2	151.03022253671642
2	151.05254900188984
2	151.1389087735327
2	151.23452285083914
2	174.85850955679268
2	174.96500707541495
1	180.67150364698537
2	198.73054170241556
2	198.76654666989202
1	200.12135066778526
1	200.9414089380532
1	201.1681815338176
2	222.5391794081003
1	250.31978142601767
2	270.2110408857659
2	270.25275276130895
2	270.30757814354286
