1	80.48659392513238
2	105.76985136801972
2	105.83034755054103
2	105.91546899836125
1	120.50202771645982
2	129.3853281012183
2	129.44288518637384
2	129.44424738290562
2	129.54386288533735
2	129.58209239902143
2	129.641743385561
2	129.6595169358013
2	129.67331608882486
2	129.67592389015536
2	129.74344715380477
1	150.49710172042936
1	150.65928445478406
1	150.8439973600171
2	152.96714436761596
2	153.1048948840942
2	153.24484127503877
2	153.38402317060238
2	153.47238084511775
2	153.53585100351518
1	160.72417434705167
2	176.55934075837968
2	176.62275754698587
2	176.65737594862503
2	176.7401253792719
2	176.8002161394817
1	180.78916309271776
2	200.03985336140303
2	200.19624905713863
1	200.85503294789316
2	223.72424791175663
1	250.22749275778222
1	250.55017136951096
1	251.00062399899574
1	251.27225171306605
2	270.754142405172
2	270.80357990346863
2	270.84420955870235
