1	80.21464901887582
2	84.1425611841859
2	107.99149705060336
2	107.99969480821402
1	120.12971310820919
2	131.92537670200448
2	131.9333508019583
2	131.95823444997802
2	132.00048118532828
2	132.07229613510407
2	132.16172442319223
2	132.1780537498968
2	132.20214204587384
2	132.30066458447814
2	132.35181625478558
2	132.40495938052575
1	150.07096573848244
1	150.25677205351224
2	155.69325713589004
2	155.71103248012386
2	155.80859317646548
1	160.55981999699623
2	179.53491737945933
2	179.61220916290662
2	179.8122587259607
2	179.8792228620866
2	179.92095165568418
2	179.98225745008395
1	180.59191293171472
1	200.17469150792274
2	203.34984217837317
2	203.41923741117023
2	203.4731893905512
1	230.5785338325533
1	250.06478131954898
1	250.93430507491823
2	251.1154403044698
1	251.20241780836176
2	274.98773749844463
2	275.06313241281487
