1	80.59354118378013
2	118.58923217064633
2	118.60465474851519
2	118.60997154573977
2	118.63469740666385
2	118.6356020354349
1	120.41575551107505
2	142.75097927951663
2	142.80387707515837
2	142.89972189629498
2	142.98918003146082
2	142.99385076850064
2	143.00050650129356
2	143.0544046600787
2	143.08380823990382
2	143.1399556982063
2	143.18695446649156
2	143.23164895839622
2	143.31659405341924
1	150.66365336783218
1	150.83762846212468
1	150.95283548399456
1	160.5179316496591
2	166.63856191840677
2	166.73705974313506
2	166.74996165411704
2	166.97460232321987
2	167.01313132790833
2	167.09365247846415
2	167.12408684299874
1	180.82571738714742
2	190.97369111299142
1	200.5673162282217
1	200.84870467713253
1	201.3511343952684
2	214.7468109960726
2	238.74522261181835
1	250.5235808356051
1	250.83523240271288
2	262.65642189709035
2	286.6247175313094
2	286.67800812097266
