1	80.62639846559252
2	106.13171841335867
2	106.1562085639387
2	106.25463337428974
2	106.2893792987819
2	106.31078157409091
2	106.342003649578
2	106.42177877226092
2	106.43853080461618
1	120.23550646116726
1	120.41830223786326
2	129.81201724112765
2	129.93085829595896
2	130.01513263826342
2	130.07318490918965
2	130.15146237369498
2	130.18094584216698
2	130.1823456235061
1	150.79009309849747
1	150.8469291675404
2	153.4256252622274
2	153.62521668908641
2	153.73765124138552
2	153.7916953518548
2	153.8475988588421
2	153.88245160825926
1	160.67134543816738
2	177.10675113072574
2	177.11034330586546
2	177.18399167741143
1	180.8240782877707
2	200.71059135967593
2	200.79834997639855
1	200.98093116655696
2	224.19745902663252
2	224.42590954627516
1	230.70531921522712
1	250.1013334686669
1	250.51722770680502
1	250.97215405964135
1	251.15130561510068
2	271.48058166386886
2	271.5574376837443
2	271.5721630474362
