2	137.918535720567
2	153.16481159500762
2	209.3853961379844
2	237.67106031865083
2	256.8829632589909
2	265.8150205860073
1	461.1392643513569
1	461.4148694907207
1	489.6861298226314
1	489.7808046374731
1	509.3336174227508
1	509.43244314371486
2	542.418815408717
2	547.2212004670843
1	619.6058302023126
1	619.6256012966103
2	1089.703772125305
2	1109.9583876350237
1	1160.4126669850505
1	1160.5086546940167
1	1171.6975394352812
1	1171.849744959628
1	1389.2773730520084
1	1389.378449094396
1	1429.3605205460299
1	1429.3916173453556
2	1660.8160065968634
2	1701.009855118478
1	1705.3490741441442
1	1705.5754088134872
1	1721.2286595760036
1	1721.317674884332
1	1834.422338504259
1	1834.4713155161066
1	1972.263635915353
1	1972.4465932274018
2	2326.9907762172397
2	2348.2098173450395
2	2398.4546152849334
2	2404.443683955152
2	2422.2249606874884
2	2432.623993020346
2	2446.038772117137
2	2460.768707716612
1	2493.2794324954543
1	2493.4730061625287
1	2501.3787882116367
1	2501.5309212966827
1	2542.475646293891
1	2542.5907381568363
1	2881.6415952754924
1	2881.695535939388
1	2894.3338116928976
1	2894.6580934424105
1	2973.540817895254
1	2973.672157715488
1	3053.449200400675
1	3053.5795937150933
1	3111.7145562984056
1	3111.7784236836437
2	3183.6538613448956
1	3189.292156727483
1	3189.531611422434
2	3192.380062974381
1	3339.5298475376344
1	3339.6488941262232
2	3469.1119135668
2	3473.838073957693
1	3514.514856210672
1	3514.591083651492
2	3564.318159432839
1	3641.6465660437925
1	3641.714485502103
2	3642.6499983151903
1	3786.3171074588404
1	3786.3845641331645
2	3802.279585535123
2	3811.5023618189907
2	3849.8454452568963
2	3895.926705979206
2	4040.18688846152
2	4064.725046514668
1	4190.554927383088
1	4190.650861021054
1	4340.333564347408
1	4340.424710496435
1	4398.2993158705685
1	4398.521017557219
2	4444.682417958753
2	4458.6818199959325
2	4492.323206174498
2	4514.971745181442
1	4636.597231892512
1	4636.646513309687
1	4656.255530528609
1	4656.417764323555
1	4714.6228787890595
1	4714.680075721972
1	4730.563919990484
1	4730.634810966801
