2	108.83664476999508
2	223.74652172976172
1	459.41859280298877
1	461.21115917781015
1	489.78874015440266
2	545.3318996174474
1	619.5348955205731
1	1110.557913185496
2	1119.674195334302
1	1121.9504551050848
1	1379.2920403586638
1	1389.3855493595909
2	1671.0068260725013
1	1671.6109872371137
1	1705.3387363584511
1	1784.5919424631386
1	1922.674379342618
2	2337.1723432226404
2	2406.0741939112377
2	2406.1476824744186
2	2429.1606217489207
1	2492.933242812345
1	2493.2854696081013
1	2501.357768845209
1	2881.64379537245
1	2894.3983069031915
1	2973.7298482951246
1	3003.942432394721
1	3111.8194035857873
2	3187.10786386129
1	3189.3935155178215
1	3289.7757119733783
2	3462.7824129100736
1	3464.897219497337
2	3554.6601336148096
1	3591.966267639328
1	3736.568099236132
2	3784.337139512931
2	3830.3627844104726
2	4037.023206455081
1	4190.57891090579
1	4290.788206262849
1	4398.346278841738
2	4450.554973189535
2	4473.578941835658
1	4586.895535378383
1	4606.699803216893
1	4714.696964102621
1	4730.600643747032
