2	133.70272426173884
2	220.7644869439246
2	249.7171269160336
1	509.4888078328354
1	511.27678816022285
1	539.8114851178226
2	539.8221835929979
1	669.7166677145958
2	1120.0462953049043
1	1160.4831459499433
1	1171.9589498822504
1	1389.4572874570476
1	1429.5828802338854
2	1671.2382208582135
1	1705.5370697319595
1	1721.4875831443628
1	1834.6507424844342
1	1972.6861070249583
2	2338.4628222145743
2	2396.5727939984176
2	2425.568032534316
2	2425.6085141450003
1	2542.9387970231514
1	2543.365470622731
1	2551.2954548911057
1	2931.6885629360913
1	2944.5192119579096
1	3023.7575684223843
1	3053.9304928824754
1	3161.779008356086
1	3189.469914580106
2	3208.783202963115
1	3339.983278142963
2	3469.8890628947943
1	3514.9615218806157
2	3556.991976412399
1	3642.0114956053326
1	3786.7529738415233
2	3789.01421884033
2	3847.081904327672
2	4021.104571859579
1	4240.654350672213
1	4340.800894136884
1	4398.588269940181
2	4427.304001549308
2	4485.258248894901
1	4636.959725092105
1	4656.64556600709
1	4764.761353512422
1	4780.693633439932
