2	122.89213346720655
2	259.90618999676593
2	259.99035769000807
1	459.40149195897556
1	461.1625369688958
1	489.703764859362
2	556.802786199837
1	619.6819578932829
2	1104.8687303994718
1	1110.4494067898859
1	1121.9421073634926
1	1379.301615358019
1	1389.2156325908788
2	1652.987223560579
1	1671.5217322723258
1	1705.404095155077
1	1784.5943199128421
1	1922.6450956824465
2	2338.1075688551255
2	2406.6146278798674
2	2406.6295980806467
2	2452.23314657576
1	2492.9155963772155
1	2493.422546311782
1	2501.3770282445885
1	2881.7393703782595
1	2894.4386884856253
1	2973.715839876005
1	3003.9967457457965
1	3111.7040098907783
1	3189.4697439507045
2	3205.9142294465637
1	3289.9284364432337
2	3457.1326044536804
1	3464.889647681678
2	3571.3377722783075
1	3591.946064074463
1	3736.665929641772
2	3799.656725467876
2	3845.3130928857895
2	4028.051522669813
1	4190.599297574521
1	4290.766482750271
1	4398.2639293586835
2	4461.943807472908
2	4484.818563728009
1	4586.922410258445
1	4606.686565306234
1	4714.722229223065
1	4730.527324970444
