2	107.48147697092746
2	202.80025244638003
2	250.5075894342194
1	461.1159282929856
1	489.6656423007638
1	509.2366532689642
2	536.5167649979591
1	619.5681598297133
2	1108.5896704164263
1	1160.370244647105
1	1171.6645494663305
1	1389.169303881021
1	1429.3054474054081
2	1656.7739607821397
1	1705.2664470329341
1	1721.2243358469946
1	1834.3596969986152
1	1972.2844960965087
2	2324.1827798737104
2	2395.6893956247804
2	2419.477597277295
2	2419.537768001682
1	2493.303485165651
1	2501.2715374417976
1	2542.482965861914
1	2881.5714742034984
1	2894.277456257389
1	2973.4843216424288
1	3053.4349265649603
1	3111.6302699081507
2	3182.226385792693
1	3189.2847470944284
1	3339.4632511101663
2	3444.4392313928533
1	3514.3685569556974
2	3611.333840722763
1	3641.479903736099
2	3778.0488831169846
1	3786.293807559911
2	3849.564620985939
2	4016.4886113091948
1	4190.471165676696
1	4340.320401411622
1	4398.198680390511
2	4445.528871052297
2	4469.357219372938
1	4636.489834312735
1	4656.246915256258
1	4714.6440950004635
1	4730.52720231723
