1	80.24175924237771
2	86.88863849575922
2	110.75308979288894
2	134.59788180692615
2	134.60534056917493
2	134.69941247583418
2	134.7181849109576
2	134.78765035459625
2	134.8818382621828
2	134.9451651983119
2	135.0047213835417
2	135.0146506824222
2	135.05970457255506
2	135.06946920412886
2	135.11036712527084
1	150.1280663253056
1	150.26192331329958
2	158.46339330382125
2	158.5436123327885
1	160.47422209458
1	180.58244524223304
2	182.29169560216178
2	182.3089277656028
2	182.4802844854567
2	182.56375923101558
2	182.59279676020668
2	182.62836845943656
1	200.1232067264328
2	206.18193176273547
2	206.25130740095878
2	206.2953976515517
1	230.67329877155882
1	250.0582776698111
1	250.91321671628592
1	251.0888042599913
2	253.93354112229903
2	277.78609660134015
2	277.8138895703081
