1	80.45671251686697
2	99.8954878575427
2	128.32407978012003
2	128.33874708540228
2	128.40730631864832
2	128.42217272638223
2	128.4939190837095
2	128.55541727326076
2	128.62231694225866
2	128.71702266018792
2	128.79120083848457
2	128.82660978605045
2	128.90081925386238
2	128.94028395060056
1	150.61624625090505
1	150.706374322858
1	150.76228064969834
2	156.86164795109732
2	156.915973445006
2	156.98339521266286
2	157.05815692434203
2	157.1254468162477
2	157.16528686565465
1	160.59201398151723
1	181.24420796000305
2	185.13017158279177
2	185.1614288570604
2	213.68938979277107
2	213.81048492218102
2	242.06484003337016
1	250.26504570750626
1	250.52174796568355
1	251.01483299885751
1	251.18427837266665
2	270.3517943273553
2	298.69416333621143
2	298.7646530323096
