1	80.27669895342595
2	107.43657736175012
1	120.51066917114164
2	135.99335857752877
2	136.002953625105
2	136.00395923897713
2	136.04568182872535
2	136.10919639666832
2	136.12235953165603
2	136.15053685097925
2	136.1591823699653
2	136.2686026376472
2	136.34750973813703
2	136.43018432962054
2	136.5242568092641
2	136.53023827740373
2	136.60087200729004
2	136.66361773056576
2	136.7183372999601
1	150.35606055195416
1	150.43802540410883
1	150.48314022046648
1	160.26851876103214
2	164.72475468732532
2	164.7844201273031
2	164.79623157007518
2	164.81801309999827
2	164.87211076764322
1	180.73821846316406
2	193.20051412555517
2	193.23522134091823
2	193.38429933975084
1	200.1503961300188
1	200.16249890190505
1	201.23286475299696
2	221.66528871361726
2	221.78940374605378
1	250.4459288167584
1	250.5287044616296
2	278.81679702998366
2	278.90006304157697
2	278.9163786295436
