2	106.34236617328537
2	147.21230620727755
2	232.46155416054677
2	249.03109642979425
2	249.0510138769563
2	261.0263433662896
1	509.50662862786237
1	509.7038869659404
1	511.199954568715
1	511.3755331174583
2	534.4238094892034
1	539.7545626459895
1	539.9690783540863
2	545.2997939240228
1	669.6143093696727
1	669.7858357906152
2	1105.1561306868923
2	1142.529650823603
1	1160.5540656958985
1	1160.8004827145503
1	1172.0450295815792
1	1172.3475456694628
1	1389.4459107218242
1	1389.6069244586886
1	1429.5805894770142
1	1429.6401417603026
2	1647.4425517873478
2	1654.4105807183269
1	1705.6514986575796
1	1705.948176586042
1	1721.479498617675
1	1721.7357535109152
1	1834.6832154917831
1	1834.8012477302739
1	1972.6415926489099
1	1972.8348462161325
2	2332.351321063768
2	2336.865834901659
2	2417.955113026537
2	2417.984726374661
2	2422.1772627318082
2	2422.200544471141
2	2446.5289614827348
2	2450.622851042425
1	2542.7529811277564
1	2543.086335386198
1	2543.3628894346084
1	2543.5117183958555
1	2551.3781414122323
1	2551.5680222106803
1	2931.721284795073
1	2931.814182934728
1	2944.3714139366643
1	2944.6818308007705
1	3023.6415839693686
1	3023.904470693126
1	3053.91433457336
1	3053.937606737237
1	3161.7578172790936
1	3161.944559641033
2	3188.4708375493356
1	3189.7516055646975
1	3189.9869817062417
2	3218.4283173618687
1	3339.9019192718924
1	3340.1102966726207
2	3473.853040943973
2	3474.4274040702808
1	3514.995437328581
1	3515.0785043090564
2	3559.5121194183394
2	3559.74143816005
1	3641.9363445616145
1	3642.184368323984
1	3786.7991355904023
1	3786.8582833633004
2	3787.202136865505
2	3787.802084460412
2	3844.1087733856048
2	3844.9222610833763
2	4014.663047074948
2	4016.112593413822
1	4240.638534141593
1	4240.805043003269
1	4340.7689042665115
1	4340.797522744525
1	4398.612580017035
1	4398.897693871271
2	4444.193204950554
2	4469.664592344914
2	4498.091867890334
2	4501.253520590457
1	4636.829815636131
1	4637.081600202246
1	4656.681500710952
1	4656.7556569927465
1	4764.753153423115
1	4764.853518092985
1	4780.59474314993
1	4780.867417336497
