1	80.34296730256911
2	110.56863523899749
2	110.60595194723021
2	110.63993996493298
2	110.71629296955753
2	110.79786773699396
1	110.87215817725395
1	120.36212685491239
2	134.51507860388745
2	134.57938644256322
2	134.68858723677255
2	134.73550572008926
2	134.85309658238717
2	134.89989880641386
2	134.99319906240657
2	135.08993918666494
2	135.12597278243805
2	135.20705889752256
2	135.22068949952828
1	150.37888868200702
1	150.48338638707656
1	150.5497589408789
2	158.42648401533324
2	158.5041731490328
2	158.5761195869475
2	158.6965881780771
2	158.75767606603563
2	158.83030599860774
2	158.90465234170074
1	160.36372932908145
1	180.77455920076036
2	182.40435127697341
2	182.49725099074885
1	200.3180650787215
1	200.46237798923747
1	200.93753435873754
1	201.29480267460656
2	206.27992263816856
2	206.349182007592
2	230.19913213407955
2	230.2386173283285
1	250.57617940750228
1	250.61531324369648
2	254.12539262690913
2	278.0856838351815
2	278.1856028217887
