2	134.23439287659835
2	229.98370581090484
2	254.00817617870553
1	459.3442120139633
1	461.1998316049975
1	489.5908188108778
2	541.4228205843401
1	619.5355424353737
1	1110.4529979147433
2	1116.2461697877097
1	1121.3009991323556
1	1379.3763851183853
1	1389.3411281810827
2	1667.1801058724564
1	1671.533678712844
1	1705.2760934728792
1	1784.594881510357
1	1922.6613963853877
2	2337.840453450686
2	2433.7231519797424
2	2433.775320953435
2	2457.675316478439
1	2492.880626050628
1	2493.3600930662355
1	2501.384500332749
1	2881.6533528501104
1	2894.3295140759296
1	2973.57494511631
1	3003.973011818063
1	3111.735644302656
1	3189.35597868668
2	3200.1550831154955
1	3289.7722094638225
2	3463.6869769643604
1	3464.789170439369
2	3559.513313706979
1	3591.921590081014
1	3736.6348210291376
2	3798.9821050401074
2	3846.9115090406503
2	4038.47316482998
1	4190.6015828615
1	4290.693722421496
1	4398.3304376095975
2	4469.664785011106
2	4493.667555086414
1	4586.857156586624
1	4606.5700891378065
1	4714.689926664394
1	4730.531596821747
