2	114.54990285917201
2	128.24940712953588
2	134.78343935142942
2	222.9096109689127
2	225.80214935792137
2	233.6918603403604
2	233.69296908535787
2	246.58732281804282
2	248.61500707144648
1	459.26388496494445
1	461.1531987719705
1	461.3948175104103
1	489.57606179588277
1	489.70582070582236
1	509.49825716806106
1	509.50022079299174
1	511.2122117351268
1	539.683277453244
2	543.2965673090881
2	544.2292883871688
2	554.3526503495002
1	619.4595268974344
1	619.603253907638
1	669.5438017664721
2	1091.1627089906679
1	1110.3930684687575
2	1113.0567711253836
1	1121.8072721341368
1	1121.8617292189567
2	1122.6312700347528
2	1158.5195306715343
1	1160.4820734443888
1	1160.5733795853914
1	1171.8905864776038
1	1172.084368078156
1	1379.3021637164798
1	1389.2435116878955
1	1389.3461345297428
1	1389.5698525873163
1	1429.5054282214148
1	1429.5737961157906
2	1639.0951829697815
2	1658.9964276894332
2	1667.1456793833765
1	1671.4769355016458
1	1671.5509519268169
2	1704.4981301765629
1	1705.2585501572328
1	1705.5251901427723
1	1705.6664646119004
1	1721.365541475909
1	1721.526986395182
1	1784.5472304427838
1	1784.5611987451998
2	1818.2826686575995
1	1834.6360344062516
1	1834.7158248488029
1	1922.2279698082964
1	1922.6173889028253
1	1922.6734982138696
2	2329.896366119155
2	2330.093462021074
2	2341.5235056509723
2	2401.1158460369375
2	2401.1364289261314
2	2401.3102726385137
2	2401.3961502464126
2	2409.8225320345346
2	2424.850068980119
2	2432.5393070070113
2	2448.9546157077966
2	2455.2471034880064
1	2492.239312932565
1	2493.2175968433894
1	2493.46480247472
1	2501.3180082274175
1	2501.5098997379478
2	2519.528853837833
2	2523.5026691618245
1	2542.74236772877
1	2542.849757601709
1	2543.2227894711496
1	2551.28491300654
1	2881.284228751264
1	2881.5785985582415
1	2894.3301862189924
1	2894.644034880633
1	2931.641847130487
1	2944.394297773065
1	2973.5960154775617
1	2973.692378559947
1	3003.8958870464685
1	3023.66596643406
1	3053.7036294313543
1	3053.8948863118794
1	3111.7668706877316
1	3111.7956698602707
1	3161.7557682154024
2	3182.495710283436
2	3183.245109667192
2	3187.3682555640244
1	3189.2120595583497
1	3189.5497582108037
1	3189.6734050316586
1	3289.8238237058285
1	3289.8313831993996
2	3319.834546499868
1	3339.586965213654
1	3339.827747245728
2	3442.9804395920783
2	3449.3864680803626
1	3464.828351059385
1	3464.9270285336092
2	3478.9935034141854
2	3501.8213622135722
1	3514.665705586532
1	3514.811836740392
2	3544.667968497607
2	3561.29765403436
2	3570.0543576528316
1	3591.8775197630553
1	3591.928287080018
2	3638.249024672232
1	3641.6674128254767
1	3641.9664393132425
1	3736.57664038367
2	3782.894086523481
1	3786.349042794949
1	3786.7149326564922
2	3797.5481432605416
2	3798.0405603874474
2	3830.573791280388
2	3841.00759536208
2	3843.078242125994
2	3845.4270602493534
1	3853.46785507246
1	3866.5027369679988
1	3869.919696592479
2	4034.8945860581007
2	4044.908419327048
2	4045.935163086634
2	4047.839083210328
1	4048.67470783231
1	4058.492692859944
1	4190.53443116239
1	4190.558535885153
1	4240.62116641894
1	4290.716274683175
1	4290.749645360255
2	4320.77407543815
1	4340.454888171283
1	4340.706709328224
1	4398.204353848621
1	4398.592599376089
1	4398.628947214287
2	4449.877504935385
2	4457.261783207458
2	4461.060299626652
2	4473.642187680761
2	4484.688741810344
2	4502.78801340325
1	4586.7996960732025
1	4606.562955952413
1	4606.575206758538
1	4636.703723440392
1	4637.009286762467
2	4639.29503841874
1	4656.463178377814
1	4656.589638262366
1	4714.60402491758
1	4714.673980598344
1	4730.454062154154
1	4730.552574555712
1	4764.665391978772
1	4780.593456783821
