2	134.56488647111087
2	222.02904974951386
2	251.14276494504304
1	509.1788475206059
1	511.2369421954221
1	539.7324861807951
2	542.725006496495
1	669.5572935639784
1	1110.7170447455603
2	1125.857875290922
1	1171.8525914078898
1	1389.3613883293315
1	1429.351213881265
1	1671.2253804987336
2	1679.8858559015089
2	1679.922718942319
1	1705.3761917325076
1	1721.406549557626
1	1834.5928843207528
1	1972.5304388756972
2	2321.340170796273
2	2408.7492737996918
2	2408.789412139886
2	2467.1085470099542
1	2542.672995757702
1	2543.2997105632594
1	2551.2573698448987
1	2931.6109385465534
1	2944.3659739460613
1	3023.5445605873365
1	3053.9147382674323
1	3161.764412642996
1	3189.382474947661
2	3195.9671345166867
1	3339.8116337551824
2	3458.3707165747805
1	3514.903125475232
2	3545.905552701267
1	3641.9211409348277
2	3779.1047611174577
1	3786.6457689612353
2	3837.455151053859
2	4041.5284761532216
1	4240.521387608186
1	4340.690901325307
1	4398.437041507708
2	4449.725416238481
2	4478.9002125103825
1	4636.8142921317285
1	4656.476699640263
1	4764.621236585497
1	4780.611121466979
