1	80.68957598896276
2	129.25750209865583
2	129.2946780963298
2	129.3819995781733
2	129.43261555455433
2	129.4912721041462
2	129.5139114381066
2	129.52216917045234
2	129.54587716197685
2	129.61566770595306
2	129.6234466510076
2	129.65147879912385
2	129.73555903941678
1	151.782443324452
1	151.81708522862903
1	151.89174745447022
2	152.105847437479
2	152.20649984744978
2	152.37464844650725
2	152.39161294709714
2	152.41875159409622
2	152.4864507869002
2	152.52591845840834
2	152.60489937328012
1	160.71903853247676
2	174.9640267663657
1	181.23036514058435
2	197.67990093776038
2	197.80717298684803
2	197.89784880298157
1	200.3668744296374
2	220.49189578158615
2	220.5202888051881
1	230.81468047865152
2	243.2216260669077
1	250.37671181229058
1	250.74258857492347
1	251.11275537581116
1	251.30226159933432
2	265.9724905277495
2	288.83484666927586
2	288.92870134996696
