1	80.14548277289511
1	80.22009282064458
1	80.35072224866524
2	108.1447350897376
2	108.14683997435608
2	108.23492011640307
1	110.5785514566393
2	111.64526792519317
2	111.65164295074044
2	111.70902890708354
1	120.16359632818684
1	120.42243482802084
2	126.05728291498069
2	126.15279254176329
2	126.19245200689316
2	126.23820979422639
2	126.31305762179409
2	126.31515334875344
2	126.39100949757794
2	126.4285368592374
2	126.50002687753113
2	126.58910229574369
2	126.61104511146317
2	126.69454349488176
2	131.97044765604736
2	132.0261814775229
2	132.07010087704376
2	132.07158129750871
2	132.14197321533894
2	132.23756413033917
2	132.29786412260853
2	132.40445091557226
2	132.45811728264135
2	132.50106928635503
2	132.50196614977435
2	132.52910863429426
2	134.60481406340452
2	134.6864167393908
2	134.75952654615978
2	134.79509866923945
2	134.82335112671961
2	134.8624536166828
2	134.9348051475249
2	134.95413728682493
2	135.00300864359954
2	135.03020690035416
2	135.12443593444291
2	135.19705984458236
2	135.28840733933214
2	149.87705667747375
2	150.01455395714433
2	150.0824903119197
2	150.13142532585024
2	150.22585127396442
2	150.3595575813949
2	150.45472068371242
2	150.45785070465547
1	150.5061682286184
1	150.56390804004013
1	150.64367912451885
1	150.66293741074614
1	150.73610821621875
1	150.81489597213667
1	150.9020613837775
1	150.90808713051115
2	155.97434087160156
2	156.0539391251076
2	156.07582881163341
2	156.1421461389562
2	156.2609144911355
2	157.72855419393787
2	157.73763683280342
2	157.7437956924852
2	157.76652430992036
2	157.8965198306681
2	157.93223518507423
1	160.286342070632
1	160.54703777118976
2	173.689861487396
2	173.8104784845302
2	179.65796980410823
2	179.72068064641323
2	179.78435216303228
1	180.59892091769902
1	180.69822997119584
1	180.76228468516874
2	180.82260841123173
2	180.92862345803368
2	181.12815850561324
2	197.5752999943611
1	200.10097831217055
1	200.1087096834401
1	200.18519952552853
1	200.2595823198453
1	200.89785958159572
1	201.17815352379876
1	201.25431497953858
2	203.5990923565204
2	203.8281793118074
2	203.853422498676
2	221.38021637346344
2	226.8907773647393
2	227.42429722912794
2	227.45372656337588
1	230.67645471411166
2	245.16147174598638
2	249.94376707723683
1	250.16974338829044
1	250.35830249961865
1	250.4394220249711
1	250.52562221773022
1	250.5847918817669
1	250.9878405958713
1	251.17869968401007
2	251.28939746930743
2	268.901931358272
2	272.9314169448566
2	275.23992383492197
2	275.26733653475657
2	292.726333786675
2	295.97595805793657
