2	125.56075129066794
2	139.54159065409792
2	211.05345754526064
2	234.946911947907
2	242.21575007684567
2	242.2673108413706
1	461.3499142918372
1	489.3703953842448
1	509.2176396088111
1	509.35726086997823
1	511.14925395693166
1	539.7175368251377
2	544.5107986593384
2	562.9296462314458
1	619.4062753756007
1	669.5435046712041
2	1092.4394493305215
1	1110.6835131728037
2	1116.869956036164
1	1121.6886421945105
2	1140.0617988080367
1	1160.3874641826046
1	1171.7823739231007
1	1171.9130266466773
1	1389.3297613292862
1	1389.36537436506
1	1429.3240097852015
1	1429.3669002695958
2	1664.2166804085969
2	1670.8690495473788
1	1671.2129152955315
1	1671.3016983835362
2	1687.975207191231
2	1700.0262413048063
1	1705.4339922692732
1	1705.4756361437123
1	1721.3341782358211
1	1721.420056550563
1	1784.359118508456
2	1807.0952103411362
1	1834.4814815718612
1	1834.5623662579285
1	1922.6415997822014
2	1950.0696037297175
1	1972.391124778721
1	1972.5791272376512
2	2331.143856197486
2	2341.468768739995
2	2399.7376368981068
2	2399.809483783201
2	2402.6233298999773
2	2402.7227792869476
2	2426.4439901538567
2	2458.137770023392
1	2492.5551754695903
1	2493.474457588653
2	2497.937398458109
1	2501.447038751295
1	2542.6206324786567
1	2542.7378576440806
1	2543.3034790371794
1	2551.274908606033
1	2881.4275115652104
1	2894.530186351375
1	2931.6258651337275
1	2944.3645626913253
1	2973.5778266976367
1	3023.5167683145355
1	3053.5876302813604
1	3053.9235761587483
1	3111.511267803356
1	3161.789550767735
2	3187.00572783231
2	3188.73714992143
1	3189.3502268816774
1	3189.4872402025685
1	3289.6364912595377
2	3307.9148025337063
1	3339.578439491511
1	3339.8323846008693
2	3449.430225446857
2	3450.823298842625
1	3464.4837685047214
2	3498.4786065377216
1	3514.584305198859
1	3514.861237545038
2	3546.074678794442
2	3566.071909073473
1	3591.588659696746
2	3617.550072874287
1	3641.5724713313807
1	3641.9274045212187
2	3784.288637356932
1	3786.3492747396167
1	3786.6719154562943
2	3799.3205445663707
2	3828.501284576389
2	3831.921992829792
2	4022.5028494989024
2	4061.6916202425173
1	4190.288509074534
1	4240.4593884692895
1	4290.528803442635
2	4308.412800111115
1	4340.40317657101
1	4340.700656392586
1	4398.402037865995
1	4398.46731886487
2	4451.27223977699
2	4469.8707066598445
2	4469.909547247589
2	4475.189762071248
1	4606.121738151805
1	4636.591357361373
1	4636.881442256924
2	4641.913045629569
1	4656.3429465555355
1	4656.481837236643
1	4714.450456162211
1	4730.52718983393
1	4764.660705997919
1	4780.576369780376
