2	108.76659219382415
2	125.18949764998804
2	228.1545638955328
2	237.7391691505199
2	237.75714014155778
2	252.04420092159845
1	461.1210680908205
1	461.23865143525086
1	489.64143302303745
1	489.82250212216957
1	509.26340319935764
1	509.31079835117777
2	538.3115890133408
2	547.1359924232245
1	619.5337911746691
1	619.7688580095729
2	1109.8721977557232
2	1111.1011618596153
1	1160.2574614720995
1	1160.3102088591836
1	1171.616235603915
1	1171.7085475300821
1	1389.19357042042
1	1389.4745276264296
1	1429.369819981289
1	1429.4153903764325
2	1659.9893730085544
2	1672.55168009301
1	1705.2284341422628
1	1705.3054234525557
1	1721.2993827974235
1	1721.3494817461367
1	1834.3461168109372
1	1834.4840000120726
1	1972.2362005431444
1	1972.273357202911
2	2319.632835865869
2	2328.2897627027837
2	2399.837074835865
2	2404.0145477798537
2	2404.057121435714
2	2423.768308324573
2	2423.8981253166858
2	2432.2137613230175
1	2493.2181920762946
1	2493.4418897632213
1	2501.3477480611286
1	2501.4045368645147
1	2542.452567144381
1	2542.56668127954
1	2881.671830896839
1	2881.7750370046224
1	2894.32240427532
1	2894.5314933170234
1	2973.5973611954823
1	2973.744457628055
1	3053.443677942775
1	3053.494103425254
1	3111.6728387824683
1	3111.823022127693
2	3187.4101353873716
1	3189.363373548418
1	3189.428446601023
2	3191.768802796535
1	3339.4611462910793
1	3339.488207549346
2	3444.9262383779646
2	3473.762851385408
1	3514.43299483027
1	3514.4680568325107
2	3557.4679094210887
2	3617.0468764514585
1	3641.499921975836
1	3641.5057124877567
2	3782.531175802711
2	3784.0949406031573
1	3786.288625903598
1	3786.3874041119343
2	3838.8147433807258
2	3855.6702507741325
2	4022.720199012829
2	4035.8000104882576
1	4190.433826617529
1	4190.6497221355785
1	4340.311105272964
1	4340.357904414502
1	4398.214183038194
1	4398.3532660514375
2	4452.248807000561
2	4457.769370839199
2	4485.87370041195
2	4500.044588655995
1	4636.49261980406
1	4636.58833094427
1	4656.32665296752
1	4656.343333345405
1	4714.64890543266
1	4714.882952149155
1	4730.657191390201
1	4730.682126786524
