1	80.50153130980195
2	126.46146080585575
2	126.54508358334812
2	126.58351716577594
2	126.6288912218522
2	126.77893464625352
2	149.08123819498837
2	149.1107029730387
2	149.16447419936864
2	149.28334884146375
2	149.3282150476918
2	149.40384787858937
2	149.4961788595417
2	149.50632157455718
2	149.59744527103277
2	149.67338976828614
1	150.6305616129181
1	150.83621285354684
1	160.55532465551096
2	171.79005701974864
2	171.85246431312157
2	171.91965457235636
2	171.94574705375354
2	171.97678817015324
2	171.97890684790664
1	180.84694198943004
2	194.33393627156772
2	194.39359574608923
1	200.57001580854785
1	200.77659356356813
1	201.48980960820714
2	216.98018061205596
2	217.12613362902778
1	250.6628331913331
1	250.84576916411066
2	262.2245522093315
2	284.7591543720345
2	284.7860223694343
