1	80.33884329131028
1	80.42980109938976
2	109.2705781774156
2	109.32070755353314
2	109.41656569751405
2	109.50234307299242
1	120.29191281180206
1	120.45891277571565
2	125.47315219038796
2	125.52811359576913
2	125.61921092693085
2	125.65664182041117
2	125.74869416205259
2	125.84038401196489
2	137.95188083830104
2	137.9764605985905
2	138.11783531193035
2	138.21043850435788
2	138.22013591904968
2	138.29461196508154
2	138.37043304566592
2	138.46893045972436
2	138.56317037554567
2	138.5995713444617
2	138.64521699797524
2	138.74470566384807
2	138.74875643436516
2	138.7517252776353
2	138.80270760136344
1	150.14742036279975
1	150.2857660667507
1	150.56080456044978
1	150.69803621128506
1	150.73134864661682
2	154.75103688872528
2	154.80714572718196
2	154.876548819044
2	154.93190906710763
2	154.95244679649358
2	155.0300759621941
2	155.06203714018412
2	155.10973808063292
2	155.1954490832733
2	155.24568012139937
1	160.44563366604436
1	160.6448608635729
2	166.68941773918277
2	166.6925083205985
2	166.7048403140205
1	180.76567610357574
1	180.8298644463595
2	184.0600516311164
2	184.08050993300066
2	184.14696658268278
2	184.16786840354746
2	184.24119594483432
2	184.30158728292488
2	195.29661102643138
2	195.51369203403695
2	195.57810458445084
2	195.67615598920145
2	195.76329602149553
1	200.16023072078303
1	200.3019652371236
1	200.38520525162747
1	200.81826726668484
1	201.3536835361478
2	213.27593438753945
2	213.34060574821896
2	223.95423827007116
2	224.05552581537273
1	230.60455130380413
2	242.54223947235138
2	242.5660066859382
1	250.24254858236569
1	250.45578915968608
1	250.5699603016017
1	250.76735179272012
1	251.10552698304608
1	251.27939167030178
2	252.644712465032
2	271.76503133573897
2	281.37176601052823
2	281.3969181275257
2	300.99566446642683
2	300.9970571082425
