2	110.27056869206888
2	229.35920847578382
2	229.44346091464308
1	459.26764817889574
1	461.1302777081395
1	489.5775428078329
2	539.0355020406452
1	619.5371588671846
1	1110.4016130778452
2	1110.7553032531914
1	1121.7798822976881
1	1379.3526511178266
1	1389.2713453643237
2	1658.6581766505503
1	1671.481365372244
1	1705.184026631787
1	1784.5163711040782
1	1922.575484486853
2	2325.6228777920787
2	2396.9985486634046
2	2397.0869867266492
2	2444.6527447325607
1	2492.882137938289
1	2493.2489178316428
1	2501.294012357536
1	2881.5656590882204
1	2894.3671840091315
1	2973.5507753053303
1	3003.9439143919967
1	3111.7510036648964
2	3183.1027680791135
1	3289.7467500551825
2	3445.179244259488
1	3464.8407182431897
2	3540.4611642762898
1	3591.8588583661267
1	3736.530825693715
2	3778.633588910127
2	3826.3083722277365
2	4040.654864253856
1	4190.53012012248
1	4290.762305560413
1	4398.17681716922
2	4445.584489260383
2	4469.416657904967
1	4586.828461906147
1	4606.525923860219
1	4714.638508159751
1	4730.494371682818
