1	80.39956532938429
2	101.71300067174752
1	120.53092744972027
2	125.62929602714976
2	125.69746442356637
2	125.7849973441251
2	125.82766690357138
2	125.88157252852876
2	125.8976881789359
2	125.94443606526798
2	125.99535478143169
2	126.05035999055
2	126.10843040497633
2	126.11771872329433
2	126.12658747452063
2	149.94701396873114
2	150.0554200781905
2	150.13041215591574
2	150.14104509650815
2	150.15743329739783
1	150.55088137791574
1	150.67444973113248
1	150.73470861298784
1	160.38079746630984
2	173.63763625691843
2	173.78422717887216
2	173.85416181659866
2	173.91432904627194
2	173.9571808491994
2	173.98379247592214
1	180.64488839140554
2	197.58668700056515
1	200.5859050634857
1	200.80906552703644
1	201.36808912376105
2	221.30974047808493
2	245.27083289660368
1	250.48983871075828
1	250.67607715064804
2	269.14371601487886
2	269.17978184826484
2	293.04517322767435
