1	77.36902047606488
1	80.39899762314596
1	88.2766380069584
1	88.28319144859917
2	91.60296746295913
1	95.18512064697728
1	100.12376254662269
1	100.22826777199835
1	105.4950267864671
2	114.35853852426139
1	115.20270754789809
2	117.51044580294598
1	120.0839956450856
1	129.17441359880118
1	129.21916950086822
1	129.26240193709947
2	138.2401329624059
2	144.56950399339692
2	144.6652511000058
1	150.1319612573831
1	150.19184797451942
2	162.0799212922224
2	186.00287767833666
2	216.02944096942255
2	525.8234069325961
