1	80.1480632836086
1	80.43491689015916
2	93.34469104521082
2	108.00680529136748
2	117.1837255496365
2	117.22593611073538
2	117.33210178716793
2	117.38655959682549
2	117.46232005374023
1	120.15420425146057
1	120.3489190076833
1	120.43995897966086
2	123.62641662087086
2	131.7694468985226
2	131.84613993610165
2	131.93528352003688
2	132.06029887013148
2	132.10885958323786
2	132.11200850158096
2	132.19103336361005
2	132.20776835873843
1	137.87636328176282
2	141.16408878419603
2	141.21851761026568
2	141.31312967803956
2	141.3142337898119
2	141.32988571374332
2	141.38913463389406
2	141.47340061419328
2	141.492018541361
2	141.6012118844983
2	141.6930868559474
2	147.5558497297255
1	150.12248619202023
1	150.20129103152993
2	150.33715378267237
1	150.6041424124528
1	150.74598150983124
2	155.56281333350927
2	155.62761355074448
2	155.63097747818335
2	155.6451033426711
2	155.7116124266526
2	155.73634276526002
2	155.81264115106336
2	155.83760501809982
1	160.41996175709994
1	160.51521624417637
1	161.62502937855203
2	164.89166776805857
2	164.9683265728333
1	169.73504795594843
2	179.43458588528568
2	179.506078481924
2	179.50637623137817
2	179.51653491575166
2	179.54270679185677
1	180.56677521212598
1	180.6832240853635
2	188.82541989976608
2	188.83936790063072
2	188.9760465558047
2	189.0249834329763
2	189.0966412390855
2	189.12706661401393
1	200.12756661495425
1	200.18183735000815
1	200.30050223266423
1	200.32951299959447
1	200.49304251526758
1	200.6943310103796
2	203.21877016167795
2	203.23743585252203
2	212.61933888696936
2	212.68393220889433
2	212.853757453626
2	212.92534501921443
2	227.1178007866284
1	230.5974442280015
1	250.10453057536012
1	250.4393463543652
1	250.64205411044415
1	250.90570826616073
1	251.09948503639686
2	260.30940192677343
2	266.8667272381985
2	267.8975736240666
2	274.545403453618
2	274.6068764142853
1	280.6610818600964
2	284.2296861737674
2	284.2688972260559
2	298.2865903288118
