1	80.5395993917441
1	80.68769953322003
2	105.07957912897254
2	105.14120750555198
1	120.0503092830615
2	128.70560426943945
2	128.7947882718537
2	128.8166749947803
2	128.8195120731522
2	128.84972298358394
2	128.85060928644086
2	128.9198978859918
2	129.07186595201327
2	129.07853543281038
2	131.906993919953
2	131.94227405645947
2	132.01023156689124
2	132.04474846968395
2	132.0925634492347
2	132.1632867566156
2	132.2234323853605
2	132.28160366144473
2	132.34420644149245
2	132.37688743577073
2	132.3960799055364
2	132.44512073542913
2	132.445434686701
2	132.51816384187998
2	132.60178502346199
1	150.39479067781735
1	150.6305293266315
1	150.6950047630833
1	151.39930579414224
1	151.4172605728052
1	151.50790842524364
2	152.3597879313104
2	152.42041248774578
2	152.50242668673516
2	152.56962937115557
2	152.70848624628923
2	152.77634333518154
2	154.89825335975948
2	154.98993358999263
2	155.1109498694113
2	155.20515952130143
2	155.26941981338533
2	155.28160462198267
1	160.47206863575636
1	160.65651551993997
2	175.9879699053579
2	176.13742954869016
2	176.16608560611792
2	176.24148054734982
2	176.2707721818923
2	177.47914470486393
2	177.5582714733683
2	177.60461359034542
1	180.8378406945587
1	180.8506762006908
2	199.70316400380293
2	199.7431131193448
1	200.5464174966501
1	200.73588212442917
1	200.9775870337625
1	201.22973277200973
2	223.1959169165872
2	223.19702581710837
2	223.3774513827242
1	230.73121481026624
2	245.8214196147935
2	245.92037918824713
2	246.96880111953345
1	250.26037215884273
1	250.523691118265
1	250.56989506002358
1	250.6015130930192
1	251.07392586841647
1	251.31432176281177
2	270.5794304854326
2	270.60103497867607
2	291.3668714619932
2	291.36973382871014
2	294.23664069715306
