2	141.60385559416548
2	212.31081950763095
2	259.5034776720296
1	461.5414229048973
1	489.76606948337053
1	509.52846830416644
2	542.6741308939686
1	619.7011787952704
2	1109.0733420004408
1	1160.6659360954209
1	1172.0954444888896
1	1389.4570373660172
1	1429.6125426444444
2	1675.3306402683818
1	1705.6820137553266
1	1721.5952189923685
1	1834.77407697258
1	1972.5396158014996
2	2336.052042652064
2	2406.796867662185
2	2406.8105054663088
2	2430.434020397752
1	2493.703963470178
1	2501.7148895761316
1	2542.743168035907
1	2881.838402103186
1	2894.729193731782
1	2973.8017864846743
1	3053.755582548352
1	3111.870334875937
2	3185.5707974404086
1	3189.8041110046634
1	3339.817665361733
2	3468.6851413857376
1	3514.718055823013
2	3586.672992745342
1	3641.787106803412
1	3736.536774731778
2	3775.4705917997803
1	3786.592267616521
2	3799.0581385185474
2	3846.2506673159687
2	4035.0237186530057
1	4190.763939836505
1	4340.678792931314
1	4398.625193064399
2	4459.729841876339
2	4483.32518175483
1	4636.871909046204
1	4656.516029786966
1	4714.8423923865885
1	4730.863990758725
