1	80.12543787607582
1	110.63811086446496
2	113.4609893221989
2	113.50475681264672
2	113.58543184820324
2	113.61009942308542
2	113.64341556372774
2	113.65201174564528
2	113.74064797802602
2	113.74773342595807
2	113.76151145943683
2	113.83791999328996
2	113.85264449093225
1	120.17592861508037
1	120.33202167173991
2	137.30095826527977
2	137.36680792366542
2	137.42947713179154
2	137.5089076850551
2	137.60408638450184
1	150.15775766549146
1	150.2046231506864
1	150.31733046864466
2	161.14724961054148
2	161.15066552771802
2	161.16733267977875
2	161.2441792012973
2	161.28622389254545
2	161.32476265522425
2	161.41030403176617
1	180.67405952737803
2	184.9579100873834
2	184.9984104679041
1	200.13707408282554
1	200.8651235827333
1	201.2078533912253
2	208.7781690770249
2	232.71378946539087
1	250.35372528669154
2	256.48677070606806
2	256.52544276755447
2	280.36078887587814
