1	80.14776052241545
2	98.38034125007034
2	98.44502709748745
1	120.17654155835464
2	122.23479692036034
2	122.37434300011716
2	122.42670619423242
2	122.49325029113645
2	122.53213002259461
2	122.5433342910418
2	122.609765358757
2	122.62530292118386
2	122.6886413719607
2	122.73261575951186
2	146.14313219815622
2	146.24603954996763
2	146.28581030225274
1	150.0852742569612
1	150.22711394167314
2	157.85947500870176
1	160.51147612635438
2	169.93259210280252
2	169.97636614089546
2	170.10261710584356
2	170.22994189908619
1	180.54201398610186
2	193.9241219667642
2	193.9840266660245
2	194.06785064793513
2	194.10102439692218
2	194.14145228627908
2	194.2243688947938
2	194.22921440180698
1	200.17307286908056
1	230.61046316503365
1	250.11597846756757
1	250.90020206047095
1	251.09351330347516
2	265.40939820286
2	265.47182105198044
2	265.5599300970571
