2	128.3267069497428
2	215.90722872535537
2	245.09880687546405
1	509.6977903122579
1	511.38936754088127
1	539.9520663379207
2	566.4959007230565
1	669.7842153907782
2	1121.499267429536
1	1160.7739956373657
1	1172.207515510381
1	1389.6595837809075
1	1429.7539545422867
2	1647.2937353053107
1	1705.9522241044076
1	1721.7906801015067
1	1834.8988351122168
1	1972.747008547603
2	2348.3807837566446
2	2406.8639623716394
2	2436.0340403392956
2	2436.1309692867962
1	2542.8247304557217
1	2543.50620757948
1	2551.6641227144933
1	2931.9098479989398
1	2944.5955445635473
1	3023.872959990745
1	3054.048202722441
1	3161.9970083377743
1	3189.96902032693
2	3195.5714162649406
1	3340.1486893760484
2	3458.517807244838
1	3515.121018896102
2	3575.3001245229257
1	3642.2117286804046
1	3786.905841164758
2	3808.998293517022
2	3838.219352255345
2	4042.7504109034653
1	4240.810453135213
1	4340.860354434247
1	4398.795627367706
2	4451.706519453264
2	4480.941074530813
1	4637.274268183407
1	4656.774209681967
1	4764.841254293934
1	4780.8721805297555
