1	80.40649337894548
2	112.39683177267577
2	112.43099687698728
2	112.49221018465036
2	112.55139707015759
2	112.56379202879181
1	120.397499738669
2	141.5630670315896
2	141.66700220685922
2	141.70576871222963
2	141.79445973863855
2	141.83042481231558
2	141.88880476500808
2	141.9472878403565
2	142.04209635898042
2	142.06014631737736
2	142.10294987802808
2	142.12151054319878
2	142.18939758656694
2	142.23354587088852
1	150.2540600616423
1	150.31500290530647
1	150.4157935436315
1	160.59712544896414
2	170.69078941042784
2	170.78812537191024
2	170.86330103408986
2	170.9240371201021
1	180.70866248015804
2	199.8844898325679
2	200.0180737165653
2	200.1877597619562
2	200.22189226769413
1	200.25489132564928
2	229.00409967674568
2	229.40884299762348
1	230.69637323802243
1	250.2107235704501
1	250.5007052499111
1	250.89876765906047
1	251.13676324701564
2	258.21187374667
2	287.3618924702854
2	287.4323818797185
