1	80.23918311965811
1	80.30211870171557
2	96.90374845434411
2	116.02789064402822
2	116.11666014309239
2	116.14357062571891
2	116.21186569834444
2	116.22165701542929
2	116.29039972601412
2	116.29582611219294
2	116.29767299023268
2	116.37098223154824
2	116.4332685774273
2	116.50933175373362
2	119.94937294713594
2	119.97991145593146
2	119.98505971257966
2	120.05200751275105
2	120.1090034948683
1	120.21509409220963
1	120.28249388514729
1	120.41138004722099
1	120.49127126118876
2	143.04495679341852
2	143.05611922783757
2	143.09704431236636
2	143.1557718829691
2	143.22174752889362
2	143.24385899942916
2	143.24608269293424
2	143.26074767893365
2	143.359109028845
2	143.39445743170342
2	143.46868382121636
2	143.51726704139983
2	143.56476541535488
2	143.58865578971296
2	143.64170451620137
2	144.47190241532357
2	144.53678419271182
2	144.624410942779
2	144.6973844457946
2	144.70369847969374
2	144.94785801784263
2	145.04090008184184
1	150.13402446943644
1	150.2066399729345
1	150.26496448531228
1	150.29533759409608
1	150.31599594149318
1	150.39950303704765
1	160.33086682368548
1	160.59310137922319
2	166.09311876275723
2	166.12548797907192
2	166.18561543110627
2	166.2386808589514
1	170.21045130386509
2	172.88370208889933
2	172.98164109180027
2	173.04298830921172
2	173.18589046967395
2	173.2003466149889
2	173.29072868158798
2	173.38212187212815
1	180.61383036915558
1	180.80044567628644
2	189.13930734125927
2	189.20155858642536
2	189.29845611026798
1	200.21413134374734
1	200.3021850758356
1	200.3501413897299
1	200.38752856980597
1	201.26715628195092
2	201.3750647875656
2	212.15214655547138
2	212.2291396886477
2	229.7139972870105
2	229.98643094348387
1	230.61969637705144
1	250.25092561616972
1	250.38049819470234
1	250.42780757564975
1	250.98110393091144
1	251.19344925155758
2	258.1295962746626
2	258.2183547918281
2	281.21576771105333
2	281.2306962568941
2	286.54330812693695
2	286.5516503004528
