1	80.21440479805895
2	125.09784875532692
2	125.14851551561082
2	148.350763532922
2	148.37269600313243
2	148.4565460455079
2	148.49751389746453
2	148.50411835481657
2	148.59486115365868
2	148.68236375996608
2	148.69109769412736
2	148.75577059288494
2	148.78272805419874
2	148.8142234023089
2	148.9094947564089
1	150.18099692923343
1	150.20394429343295
1	160.32275444648926
2	171.57539680493966
2	171.5847204015655
2	171.62244380711263
2	171.64139263861455
2	171.8183772760712
2	171.99426084586165
1	180.7112904642728
2	194.8396819575358
2	194.90434134026884
2	194.9967246755053
1	200.17836008952088
1	200.2783524383299
1	201.20223162915983
2	241.16737847167443
2	241.23865374866244
2	241.23927765568095
1	250.33551513941867
1	250.55638497987206
1	250.62924243421304
2	264.3985904086416
2	287.62229890212956
2	287.70458818450976
