2	136.17226480460613
2	248.4509050547916
2	248.5091447605262
1	461.5468002293119
1	489.8734872359847
1	509.6209340470413
2	557.2753743553134
1	619.8145839245235
2	1090.6753364360459
1	1160.655405723416
1	1172.1014876664026
1	1389.568862114627
1	1429.6024320438646
2	1652.1794784701278
1	1705.6642869151676
1	1721.5161334367779
1	1834.687112329486
1	1972.563974680008
2	2325.9146883984586
2	2410.146218721475
2	2410.1469613159256
2	2438.236599701018
1	2493.7044836651744
1	2501.660408127354
1	2542.779605283639
1	2881.866495077196
1	2894.697521931859
1	2973.865770635117
1	3053.8436978050822
1	3111.881064738484
1	3189.7834527988616
2	3196.202909875897
1	3339.786475270637
2	3476.8936872478557
1	3514.696662465775
2	3561.1086141296655
1	3641.78608636534
2	3785.777145456781
1	3786.580794516253
2	3841.9065265282707
2	4010.3077235567284
1	4190.776925860709
1	4340.560058756094
1	4398.7200141444955
2	4459.470533688789
2	4487.566082001734
1	4636.952395988848
1	4656.559313426245
1	4714.932035955694
1	4731.059947391693
