1	80.34930533149196
2	124.57464763034787
2	124.58112076381151
2	124.63460756030982
2	148.43390538059168
2	148.46311422551355
2	148.5084930363685
2	148.5631401854677
2	148.61594320037833
2	148.66952483377221
2	148.75602049440172
2	148.8073378650036
2	148.9069236717633
1	150.2328644713026
1	150.32633692817652
1	160.4306133593842
2	172.38402831674935
2	172.66574055468973
2	172.80923838699246
2	172.89521993141597
2	172.96417870489572
2	173.04634598574222
1	180.72684568047305
2	196.2712561304681
2	196.38436621517607
2	196.45168582491422
1	200.37022633071092
1	200.3904182938929
1	201.39926921366293
2	220.19042924016424
2	220.22476837344047
2	243.95226315089712
2	244.0409246546982
1	250.41562300060036
1	250.64834266171533
2	291.7681000681704
2	291.86111121856885
2	291.9358085780605
