2	136.13865183105187
2	223.72184253033473
2	252.82660957798043
1	509.6896457986901
1	511.2885704286034
1	539.8549422849478
2	544.6438659929933
1	669.6738618174569
2	1099.1327945707137
1	1160.7276999882376
1	1172.159778039664
1	1389.6293347283688
1	1429.7310916721058
2	1653.5490718637884
1	1705.7737227498033
1	1721.6680799346707
1	1834.8700358151375
1	1972.7653490051698
2	2324.736223014253
2	2412.286162935452
2	2412.291243356945
2	2441.529801149822
1	2543.070556384329
1	2543.52142449471
1	2551.5223989541873
1	2931.811376489167
1	2944.5383484116355
1	3023.7768153505826
1	3054.0470142516574
1	3161.9666815985893
1	3189.797299661118
2	3200.2023258814284
1	3340.1091225379964
2	3462.852534798209
1	3514.986948166471
2	3579.620409308074
1	3641.9460549719442
1	3786.8331360205625
2	3813.06058687594
2	3842.248887758215
2	4046.4866092647617
1	4240.815316712547
1	4340.906638428497
1	4398.9044810795385
2	4484.248232285804
2	4484.345118713637
1	4637.069273870743
1	4656.696866856876
1	4764.788323222824
1	4780.771252239839
