1	80.61026134015657
1	80.85101057437748
2	106.06472549215876
2	129.01796378988664
2	129.03745966192866
2	129.13076700065307
2	129.143114664853
2	129.22103808991676
2	129.5906771740361
2	129.60019929516935
2	129.6483183671058
2	129.6842438647793
2	129.75544328978432
2	129.85165970455688
2	129.8932852830064
1	150.79097667781437
1	150.9345295014989
1	150.93621279072062
1	150.97406013249878
1	151.0517717106819
2	151.86511206040234
2	151.88843739007677
2	151.959116091959
2	152.03117977176845
2	152.03730753829774
2	152.16257332339643
2	152.1993204776515
2	152.21197054940748
2	152.27405633279207
2	152.33318180086147
2	152.37678478489943
2	152.6542253789065
2	152.74447103565024
2	152.83454733327898
2	152.94759033701047
2	152.9897971186156
2	153.07768230736275
2	153.1657689327926
2	153.19790208896384
2	153.33227605211565
2	153.36339766748299
2	153.38296231918844
1	160.59329664790212
1	160.7956281992292
2	174.90441892180198
2	174.92996130055303
2	175.02447745935152
2	175.11085710991836
2	175.79177819638537
2	175.80340065660297
2	175.91303893009407
2	175.9777352073196
2	175.99657501253844
2	176.05770324921772
1	181.10093515847313
1	181.14846625181133
2	197.92390875283223
2	198.1382186624885
2	198.15457162766117
1	200.19767216748676
1	200.2568330762833
1	201.2733571400662
2	220.8286113976153
2	220.93672592714302
2	222.0485712022374
2	222.30118867938018
1	230.88455656933016
2	243.71062637832864
2	245.10685648527578
1	250.2785625974712
1	250.41409782184797
1	250.50602167997604
1	250.69194038795243
1	251.0919340212498
1	251.09606637953158
1	251.2575270182234
1	251.37376431636787
2	266.5240775831904
2	268.12896888816397
2	289.50989365726036
2	289.58852252794634
2	291.2166826772381
