2	116.75982958643203
2	230.75022659221796
2	253.53248250420324
1	509.5001368748923
1	511.10936998509527
1	539.6591855912125
2	550.0124523382473
1	669.6362812222739
2	1120.2675123696345
1	1160.5079244097863
1	1171.9747830760236
1	1389.372188788117
1	1429.5605772243614
2	1667.6289052652323
1	1705.584635541437
1	1721.4392458395416
1	1834.6961531750792
1	1972.673089377793
2	2328.985549781084
2	2420.2469434795944
2	2420.33669103882
2	2443.015523011323
1	2542.7394323758563
1	2543.376980248034
1	2551.227141822812
1	2931.6533484225683
1	2944.2902248840223
1	3023.5977403473794
1	3053.7916499050016
1	3161.6450063026587
1	3189.6736841400016
2	3195.654893764688
1	3339.808935850848
2	3446.615679921067
1	3514.9305546066767
2	3560.654743861784
1	3641.959899139466
1	3786.5799612739215
2	3811.4967260353224
2	3834.271197456567
2	4016.7278955667275
1	4240.604685859071
1	4340.655181210072
1	4398.547510039177
2	4450.059054198816
2	4495.701032631667
1	4636.839074480102
1	4656.504997995397
1	4764.71434355509
1	4780.562724340499
