1	80.5193869181178
1	80.72063561456413
2	103.79859854587976
2	120.73329251996904
2	120.74657837388327
2	120.78459115862756
2	120.82421134642748
2	120.88811142263157
2	120.92656793229384
2	120.98847833992149
2	121.06934877734918
2	132.76535024375892
2	132.80989246324785
2	132.8921665099673
2	132.96911418701356
2	133.05981856874243
2	133.07731164071873
2	133.15687449052064
2	133.23627406063972
2	133.33040664539664
2	133.3775956200031
2	150.07811347144627
2	150.09181165513323
2	150.17188059643988
2	150.27639758397584
2	150.43306656501167
2	150.50760839889622
2	150.5180619160811
2	150.5592492436793
2	150.58734423403803
2	150.59879486611254
2	150.66761605057965
2	150.69162339175313
1	150.72801098455832
1	150.8053757623909
1	150.84710587080565
1	150.9292011794331
1	151.0061932703293
1	151.105081052954
1	160.54989911541702
1	160.5857895126348
2	161.61824147604713
2	161.70115687178057
2	161.74667582356668
2	161.84566813210515
2	161.86559972904848
2	161.97932584817312
2	162.03019465305036
2	162.0835736398222
2	162.14581510385494
2	162.20086092536025
2	179.34144422184556
2	179.48364212441788
2	179.56411741514734
2	179.61402599308582
1	180.8762462007225
1	181.24891180942518
2	190.53364695988606
2	190.71516553746733
2	190.79228928256512
2	190.8190126539098
1	200.16860826835494
1	200.79417046371185
1	201.04036273638118
1	201.44488420876712
2	208.68539023986997
2	219.5105831569774
2	219.54507673521874
1	230.68106757599145
2	238.0073671155956
2	248.27575349165264
1	250.20847875928595
1	250.22466274959024
1	250.51064827538855
1	250.57735804931448
1	251.01185376083225
1	251.14186594992768
1	251.20851091990224
2	267.25693570232716
2	277.1954046876581
2	277.21143991604714
2	277.2603286600837
2	296.5973150494321
2	296.6687142381011
