2	120.52160252471162
2	215.80598242976507
2	239.65097575359775
2	241.6398979364089
1	459.242657847854
1	461.1547739141832
1	489.65645891374527
2	525.5440054721942
1	619.4608937829647
2	1097.2327446549828
1	1110.4506489261112
1	1121.5239846286447
1	1121.7962305519745
1	1379.3808632449368
1	1389.2437199656838
2	1645.044631665678
1	1671.5023539844885
1	1705.1869618080657
1	1784.5490387161094
1	1922.579988187549
2	2335.9020831455723
2	2407.2751714950386
2	2407.2911798737023
2	2431.1304012355636
1	2492.344386254398
1	2492.8248024928275
1	2493.238724796918
1	2501.243788741216
2	2507.194444432042
1	2881.628142039852
1	2894.306066088525
1	2973.6268630853506
1	3003.4593562110063
1	3003.8694653409666
1	3111.7230815498738
1	3189.270181989342
2	3193.370862363353
1	3289.4466518021327
1	3289.7850544547823
2	3455.439496135969
1	3464.3903654660835
1	3464.820522622381
2	3550.673296073832
1	3591.3892850829666
1	3591.8342058362787
1	3736.342530617933
1	3736.552134122866
2	3788.927857904341
2	3836.5475245929765
2	3887.3434598147473
2	4027.079311105515
2	4030.027666425552
2	4031.0194097620324
1	4190.486508302135
1	4290.29432994681
1	4290.699018876528
1	4398.179054559586
2	4455.918871795874
2	4479.702507107509
2	4482.170310949286
2	4529.791579486936
1	4586.405921546802
1	4586.8203585617575
1	4606.583358919689
1	4714.261086427163
1	4714.643833984352
1	4730.512117075397
