2	111.98586587403335
2	142.43606279283554
2	229.50559063644573
2	238.27499591661518
2	253.1144075127261
2	262.20809191688033
1	459.35091411421894
1	461.1976281816204
1	489.62657941246283
1	509.52023146913365
1	511.20818181637503
1	539.7642614343652
2	549.7031079976668
2	558.4999178549914
1	619.4752791166152
1	669.635187953799
2	1099.069242546701
1	1110.5170612992206
1	1121.3632113333667
2	1124.5567402601903
1	1160.450186934397
1	1171.9920435323313
1	1379.3609036816695
1	1389.342704313364
1	1389.4852821339823
1	1429.5370247160552
2	1663.0994368999702
1	1671.593987273093
2	1675.4328469309592
1	1705.2354424558698
1	1705.6235136931998
1	1721.5240228197422
1	1784.6087833310248
1	1834.6509763102688
1	1922.6249076292443
1	1972.6705232301292
2	2321.086201669213
2	2322.211072276749
2	2391.661757608064
2	2415.143167547522
2	2417.9518042571854
2	2418.049034220366
2	2438.642162303229
2	2441.965886576432
1	2492.8378748925643
1	2493.377121190003
1	2501.3391602166603
1	2542.8342810993095
1	2543.3476218018923
1	2551.327274675527
1	2881.6597628942063
1	2894.353281181537
1	2931.6759354962833
1	2944.466435273026
1	2973.587214856194
1	3003.9848370850764
1	3023.597736650379
1	3053.875452275973
1	3111.706099700151
1	3161.7658114486803
1	3189.341474449868
1	3189.677517750782
2	3190.626165743993
2	3208.3665991254065
1	3289.4452291221146
1	3289.8402145421733
2	3308.185190615221
1	3339.8646782453
2	3449.1612129602627
1	3464.178729315678
1	3464.792794250628
2	3471.850949789728
2	3543.2130242671456
2	3567.7184301207485
1	3591.891943744439
1	3641.885342455442
1	3736.581926083754
1	3786.645975104167
2	3801.6998156976897
2	3807.2198746289996
2	3848.664304691652
2	3855.180263741818
2	4036.698245865547
2	4046.7341181607812
1	4190.5966438434425
1	4240.503648939495
1	4290.775121684134
1	4340.699146063575
1	4398.294013013053
1	4398.616276750942
2	4436.222293703252
2	4477.915303098491
2	4483.267469188227
2	4501.920472395233
1	4586.829297838752
1	4606.596025015856
1	4636.911884537832
1	4656.525154929547
1	4714.680224583598
1	4730.549293453741
1	4764.742787720252
1	4780.584936541996
