2	141.68853381908949
2	234.8041416977373
2	258.13222372193735
1	509.5509300775766
1	511.3673670952446
2	537.6220128698986
1	539.766608344982
1	669.674889313567
2	1096.6567184015018
1	1160.6589241096312
1	1172.133759661144
1	1389.6300722032945
1	1429.6492526478235
2	1655.6723745187428
1	1705.8117009537898
1	1721.595165930846
1	1834.695126490275
1	1972.8131538356506
2	2331.1794392020856
2	2424.2739895642535
2	2424.3446888919507
2	2447.5793698694847
1	2542.930934705482
1	2543.405839809629
1	2551.4734322689405
1	2931.7447223583313
1	2944.5911884745483
1	3023.78651384306
1	3053.8836273222655
1	3161.793107057512
1	3189.8139954607773
2	3192.9511393126672
1	3340.0577965695597
2	3472.451848632813
1	3514.999439094725
2	3565.582484371456
1	3642.0220818483017
1	3786.7515212072494
2	3798.522421595289
2	3845.0892789573995
2	4031.4811797086304
1	4240.679002374176
1	4340.862205564568
1	4398.691962376894
2	4450.78203551474
2	4497.354343969453
1	4636.98411749694
1	4656.751431375788
1	4764.732770839222
1	4780.6441177640645
