1	80.33997850903714
1	80.3534072084744
1	110.41918124098638
2	113.354880342705
2	113.43117835953197
2	113.47861749161768
1	120.14016492990811
2	130.46063881647802
2	130.55964488607287
2	130.6173762791165
2	130.62364535490505
2	130.695163580147
2	130.69896174835833
2	130.75869557080193
2	130.762577116796
2	130.85155453597548
2	137.16050010722705
2	137.16647498503207
2	137.26389837141724
2	137.31279160795756
2	137.33489020638078
2	137.34942317441954
2	137.3565947937173
2	137.3665597786079
2	137.44791599776912
2	137.50224933355182
2	137.5712730436305
2	137.60883243242364
2	137.69146677178122
2	137.770636006948
1	150.1509093458113
1	150.311315956336
1	150.40433212898776
1	150.55155340266805
1	150.56531007850305
1	150.61375443570972
2	154.0474371132681
2	154.1425402067456
2	154.17919700467834
2	154.24734854194435
2	154.26349522441382
2	154.30809599724114
2	154.34738712889694
2	154.35907676182003
2	154.39350374494902
1	160.39822243414508
1	160.8694283584098
2	160.90918345594315
2	161.0039461551255
2	161.15178230837157
2	161.2723098156566
2	161.29901776853131
2	161.34861407508453
2	161.43810640911707
2	161.49827778214674
2	177.33718211441163
2	177.53793968551057
2	177.62951381369504
2	177.67680391723096
2	177.710143288232
1	180.4056271581402
1	180.68876288783375
2	184.99754840671181
1	200.2448654825394
1	200.48662879274073
1	200.74216223181426
2	200.81621865686003
2	200.84128393663946
1	201.04469809962592
2	208.60840634369146
2	224.16580606480392
1	230.6734559460786
2	232.54912422536182
2	247.55651019841804
2	247.6139974556309
1	250.07548798289665
1	250.42709490627837
1	250.49334508136354
1	250.58539784836364
1	251.0475372828666
1	251.20023178283853
2	256.19103847081493
2	280.07244480088565
2	294.34251742205765
2	294.4186912503389
