1	80.28019987781273
2	108.36222366056126
2	108.3804905817594
2	108.46740781970543
1	120.14666010090569
2	131.62118037334756
2	131.67351535878834
2	131.7195774900617
2	131.73470148317585
2	131.7864207824314
2	131.85190616084483
2	131.92138166780316
2	132.02927624185213
2	132.03007050242482
2	132.05087395041366
2	132.14560778310775
2	132.20463124766303
2	132.26731586848086
1	150.09506130137976
1	150.2197754341226
1	150.33851287939413
2	154.93482133264018
2	154.9900975697555
2	155.13782081784822
2	155.18578421820004
2	155.20547432026865
1	160.51335677929063
2	178.09401330673123
2	178.0973219381171
2	178.20008993994307
2	178.27740475045545
1	180.63801548804014
1	200.21708983440257
2	201.30857081738145
2	201.38102959077128
1	230.70006850110457
2	247.74921354275583
2	247.7715991886777
1	250.2307544870831
1	250.4252122380075
1	250.93626328693077
1	251.1255789072037
2	271.03052572416595
2	271.09837759125935
