1	80.2027175605188
2	141.01245360259594
2	141.09495462267645
2	141.11407766124438
2	141.17690252093263
2	141.25145116734927
2	141.28938237508427
2	141.3525439725238
2	141.36806133271872
2	141.3902554068302
2	141.4175353868125
2	141.4602132332684
2	141.46238487465394
2	141.49610380928746
2	141.56156543252763
1	150.25934045274667
1	150.2852451963228
1	160.32340244672213
2	170.24241061997589
2	170.33757483786306
2	170.50476923770916
2	170.58689357420678
2	170.6110037597856
2	170.62669528779813
1	180.62585841078644
2	199.51739175214502
2	199.59949341899434
1	200.38781756078185
1	200.46225973619042
1	201.28991479287032
2	228.71141174592904
2	228.8262585042851
1	250.5840224659053
2	257.95525592762743
2	287.1527812201684
2	287.21764250968016
