2	128.56450481969176
2	130.44730540357116
2	131.9977631982198
2	224.34768373675405
2	228.0740784804993
2	245.56442608886218
2	248.3040660470898
2	252.13897565452876
2	268.625125169653
1	461.186759677022
1	461.4568459966339
1	489.597443609811
1	489.73650330978546
1	509.3397289125021
1	509.3785955026997
1	509.4924258753488
1	511.15911924757245
2	535.4182112707796
1	539.7156610769931
2	540.5074054050687
2	544.9141858294568
1	619.5496889594222
1	619.7064118346761
1	669.5474776852792
2	1109.7730283785902
2	1117.316054539524
2	1120.546219021385
1	1121.9274037989355
2	1157.6895918376931
1	1160.3337585113125
1	1160.381476376681
1	1160.5087972848517
1	1171.6824796667402
1	1171.9197201663872
1	1171.9570297501175
1	1389.2932584480066
1	1389.3616746783696
1	1389.3984492240793
1	1429.4398789687964
1	1429.487772149729
1	1429.5198061564802
2	1660.2091945237883
2	1670.0458711359486
1	1671.5519651585985
2	1673.1771331798532
1	1705.3321343582982
1	1705.4250749744233
1	1705.6873254816212
2	1708.1356638255918
1	1721.3268626141119
1	1721.413426553991
1	1721.4991961207736
1	1784.6249779752693
2	1827.8171384780103
1	1834.51504147254
1	1834.5836815174616
1	1834.5991338751398
1	1922.4237642356088
2	1947.433767407247
1	1972.4236245085058
1	1972.488245033782
1	1972.618032319486
2	2330.4025059952587
2	2340.8943902830056
2	2342.989236297021
2	2402.195019817156
2	2402.278731913288
2	2409.9237226749024
2	2410.0004505457036
2	2415.1641513598975
2	2426.274840456143
2	2439.133828350279
2	2439.162957741815
2	2456.037728410589
1	2492.898309647008
1	2493.441173806398
1	2493.558914358381
2	2497.945798147487
1	2501.44342187494
1	2501.512085106993
1	2542.5969667952386
1	2542.680928023644
1	2542.7773994957925
1	2543.2887267932656
1	2551.254557347026
1	2881.684683120877
1	2881.842633796859
1	2894.5742856753436
1	2894.675689381863
1	2931.6467445234443
1	2944.363468539
1	2973.11876122802
1	2973.176925466078
1	3004.086586674409
1	3023.5641221633114
2	3024.451727700029
1	3053.5487881754575
1	3053.6847396643802
1	3053.883655089785
1	3111.730420761384
1	3111.858483303612
1	3161.7306087092898
2	3184.1985459724497
1	3189.355826322932
1	3189.4523148484027
1	3189.6149227203246
2	3191.9684481206905
2	3192.8297701997362
1	3289.8486668264663
2	3311.5555551429416
1	3339.6476860338084
1	3339.786717962543
1	3339.8067995213773
2	3455.171624576384
1	3464.9686875604066
2	3472.5810522718075
2	3479.1238134091677
2	3492.1377322830344
1	3514.5623902769385
1	3514.660052147779
1	3514.8477199603444
2	3561.207225444
2	3568.7579958303613
2	3574.8320068245466
1	3591.9416133519444
2	3622.7453244756834
1	3641.6888810448377
1	3641.7118593623163
1	3641.899479940395
1	3736.605573797875
2	3766.3340005107398
2	3784.991315915892
1	3786.3900197242883
1	3786.5009401976454
1	3786.681834356286
2	3790.2698487815824
2	3791.5075892442887
2	3837.564704743365
2	3838.104545243933
2	3857.11929942216
2	4029.582778087563
2	4044.7557799185142
2	4049.355832494308
1	4190.602475301943
1	4190.629603882929
1	4240.523357882671
1	4290.777565830985
2	4316.735280829679
1	4340.3201349021065
1	4340.518924201774
1	4340.636078415281
1	4398.3287041391295
1	4398.381437123511
1	4398.583469108331
2	4436.425614940926
2	4457.913924680415
2	4459.242341073485
2	4482.245369588823
2	4484.272445692937
2	4506.032308490752
1	4587.020024876327
2	4604.011591809027
1	4636.620812822021
1	4636.730662478968
1	4636.9177274157455
1	4656.332926296224
1	4656.449904347203
1	4656.486297096687
1	4714.619602757328
1	4714.836957336065
1	4730.538167910658
1	4730.792380458885
1	4764.766264701498
1	4780.5526198143425
