2	129.24094583772919
2	216.0368526659832
2	273.92006860410123
1	509.66769718628177
1	511.4117408320595
1	539.9593010383028
2	563.3253710931309
1	669.6713361476603
2	1113.2773617923865
1	1160.806412900049
1	1172.1998097667563
1	1389.7636058940707
1	1429.7841819737203
2	1663.1638393480275
1	1705.9773041261956
1	1721.7360704783357
1	1834.916868639754
1	1972.7784984343875
2	2328.882353486518
2	2415.752814247116
2	2444.7112112388127
2	2444.7666754635425
1	2542.5687781734505
1	2543.556166980791
1	2551.747808729479
1	2931.901802053807
1	2944.5945386811545
1	3023.8857311216802
1	3054.0598308206468
1	3161.977429313823
1	3189.951536886621
2	3197.2266441646952
1	3340.0639684677476
2	3457.7309553668233
1	3515.173746762849
2	3573.5034252126698
1	3642.1352411565363
1	3787.015969154371
2	3805.0402500497034
2	3833.9869082021687
2	4036.5670396307787
1	4240.7938106154625
1	4340.863930081692
1	4398.747832629387
2	4441.755143271195
2	4499.693683799587
1	4637.15752416962
1	4656.843172349953
1	4764.865542031714
1	4780.927955328704
