2	119.1782689304084
2	232.48588009960565
2	260.9189227633842
1	461.43940072831634
1	489.1739336398292
1	509.565836067176
2	544.2080798471541
1	619.7446113542632
2	1110.8338972525762
1	1160.5288766832277
1	1171.978633318598
1	1389.4575291272886
1	1429.6063180262806
2	1649.1947592027009
1	1705.5865829022562
1	1721.4818294528368
1	1834.5833102381796
1	1972.5507428826625
2	2329.1454649617726
2	2414.2085043905836
2	2414.2206883385343
2	2442.5700139126684
1	2493.614682784672
1	2501.643074276826
1	2542.8066306263668
1	2881.8269892833546
1	2894.5858392633986
1	2973.7635652965664
1	3053.6823731716577
1	3111.9451436346535
1	3189.630371827002
2	3207.5080195552205
1	3339.7881960167992
2	3462.4735248369575
1	3514.7204626126663
2	3575.878567812076
1	3641.6597198853365
1	3786.442495584333
2	3859.181422831825
2	4057.522347943338
1	4190.790924357056
1	4340.496314864144
1	4398.62635832628
2	4454.170054247087
2	4482.621707526026
1	4636.760669052786
1	4656.5945168758835
1	4714.8973565214255
1	4730.71848367007
