1	80.17312274213741
1	80.35602929699118
1	80.4936996887613
2	117.01096429370521
2	118.1245229763088
2	118.21283138981576
2	118.29789423567168
2	118.39580388945467
2	118.5833265299206
2	118.60915327499896
2	118.64742677268966
2	118.69612901460845
2	118.75313468150694
1	120.16817746619483
1	120.39312128591084
1	120.45214658929206
2	123.25581798618732
2	123.30600771265847
2	123.32232278754374
2	123.3992002120952
2	123.48849526774927
2	123.5261683853423
2	140.08596592836582
2	140.0861710473462
2	140.21032940060033
2	140.22303181359783
2	140.25341064558876
2	140.3172824147812
2	140.38579139660004
2	140.42427916153812
2	140.47063432585563
2	140.53650642196496
2	140.5452193820404
2	140.5922922404719
2	140.61014815682142
2	140.70427432729159
2	140.77529454672526
2	140.8491171261983
2	141.95835703021183
2	141.99691158557178
2	142.17610285252402
2	142.19397814058007
2	142.2780232843375
2	142.3693005132781
2	142.38221451661082
2	142.43242803937164
2	147.24902617367752
2	147.3903578452375
2	147.50104514549665
2	147.52841782660974
2	147.62287513275325
2	147.71730072887095
2	147.72867247943424
2	147.8048959423285
2	147.84557719614713
2	147.9436354706157
1	150.11723984418848
1	150.17293504157993
1	150.23008615209565
1	150.50001585850154
1	150.6272009991952
1	150.77364461018487
1	150.83596776385014
1	150.8976977425034
1	160.2101678563845
1	160.41661272094947
1	160.45940526537763
2	163.36137726704533
2	163.421015479437
2	163.4745481530003
2	163.4843986894324
2	163.5071922078537
2	163.5084401413083
2	163.6041788296365
2	165.8377343558057
2	166.04104211617678
2	166.11103122019034
2	166.11484898579852
2	166.1418287632346
2	171.3754885137354
2	171.4247558642304
2	171.52323001942457
2	171.5763364505813
2	171.7175082501756
2	171.81027795435364
2	171.8504070803472
1	180.5314090943986
1	180.66237308482107
1	180.82491042068193
2	186.76238178615407
2	189.62089538760057
2	189.65745426243296
2	195.43790304878047
1	200.05983460489367
1	200.13739908414456
1	200.6403695931405
1	200.81064044977754
1	200.87178808929292
1	201.2028666071596
1	201.2994132898852
1	201.34002470027139
2	209.7146771762448
2	213.48590746775503
2	213.62705795420771
2	213.75227395446925
2	219.54137918552595
2	219.74203836762555
2	232.85041258635505
2	243.50316135636865
1	250.2097506348066
1	250.31166134367507
1	250.46981707259195
1	250.52172009743526
1	250.6173592979762
1	250.65250475435994
1	251.018335906168
1	251.2528954425276
2	256.0795861090023
2	261.09680808906296
2	261.12897238882545
2	267.5213166724343
2	279.3189996456804
2	279.3556589616588
2	285.0081131667971
2	291.53624287652184
2	291.5617958749609
