2	116.205553917636
2	233.66051660894837
2	233.74013849158635
1	509.39597386450475
1	511.1615888212714
1	539.665186432554
2	556.7720243831724
1	669.5866338491292
2	1114.699095847951
1	1160.6292410853607
1	1171.8245430520008
1	1389.5648466274479
1	1429.566312507329
2	1643.2975836177943
1	1705.5041781583968
1	1721.482639153927
1	1834.6271491597702
1	1972.6598298605215
2	2348.1438272596743
2	2406.8086545327837
2	2406.856404998443
2	2436.282575191171
1	2542.7873830564763
1	2543.2615370985645
1	2551.2391925537845
1	2931.689846194025
1	2944.345578023849
1	3023.5347116702765
1	3053.8959849551816
1	3161.65321674279
1	3189.474341194424
2	3199.7307489285636
1	3339.828381242892
2	3464.0598567600086
1	3514.9075972436194
2	3552.083032634934
1	3641.9217191569173
1	3786.6383533862436
2	3787.100407053063
2	3845.7515587589137
2	4051.371372373695
1	4240.551530603777
1	4340.637764166261
1	4398.416512906434
2	4462.524460059097
2	4491.967076999085
1	4636.873951431372
1	4656.6256183417445
1	4764.644327657769
1	4780.635623260357
