1	80.37847518117721
1	110.64204271246027
2	111.1223016647271
2	111.14718066090647
2	111.16786468684187
2	111.22247833163176
2	111.25458384549063
2	111.28449578457347
2	111.30021635975008
2	111.31584874119383
2	111.37965669420558
2	111.45674117145931
1	120.21532867967518
1	120.51020412532972
2	134.66668180354228
2	134.91959720967725
2	134.92955156546648
2	135.0197393654125
2	135.091983557047
2	135.13047719584426
1	150.41795038009093
1	150.52518496484922
1	150.53040193848108
2	158.0448842468194
2	158.1939115490994
2	158.29144426065415
2	158.4496665989555
2	158.52080949334749
2	158.54417418375272
2	158.62080153445825
1	160.45850328221246
1	180.75770796786415
2	181.5578959364679
2	181.62813708077266
2	181.7079580509469
2	181.72413506075856
1	200.464925287213
1	200.47043100430776
1	201.00399753938103
1	201.37511235085677
2	205.1289098605689
2	228.40310500264854
1	250.60138861504498
2	251.93204955032024
2	275.34409303978293
2	275.3956314486591
