2	127.58828409474927
2	222.9117789099507
2	246.750904365459
1	461.3280774964066
1	489.4478146002061
1	509.40392401456234
2	556.3675506089658
1	619.4074512990509
2	1104.3146091968074
1	1121.6164857644642
2	1128.21156663713
1	1160.4511763986845
1	1171.7920870923922
1	1389.2951326315383
1	1429.3527826571744
1	1671.320728191543
2	1676.0019372999188
2	1676.066862545688
1	1705.4801785234174
1	1721.3360522386827
1	1784.3479230804437
2	1795.1578018058945
1	1834.4918058733874
1	1922.6435846781303
2	1938.0291658947065
1	1972.415855173568
2	2319.253144190667
2	2390.7168709282755
2	2414.4955527359452
2	2438.3148416188596
1	2492.5263936418087
1	2493.410119561926
1	2501.487235498576
2	2509.809326494657
1	2542.6269723563346
1	2881.5025023659896
1	2894.4998220753505
1	2973.5829939485966
1	3053.5944332103954
1	3111.540329841813
2	3176.768799128031
1	3189.473233805716
1	3289.7085750153233
2	3295.892258786662
1	3339.596230385633
2	3462.663498993615
1	3464.415986008128
2	3486.520506655241
1	3514.5231733988994
2	3557.9606280314006
1	3591.5717986550067
2	3605.635976718523
1	3641.599729623258
1	3786.4023782725453
2	3796.208644529941
2	3843.85170934356
2	4034.3504181996773
1	4190.331566679125
1	4290.44754561112
2	4296.437274246518
1	4340.381131734714
1	4398.482722343402
2	4439.327716772267
2	4486.979688055317
1	4606.080694998023
2	4629.944326528201
1	4636.6457006618675
1	4656.319974188474
1	4714.446834794222
1	4730.46212444777
