1	80.43761203256545
2	111.85075133315293
2	111.87867241136335
2	111.92294516624278
2	111.97784727623772
2	112.00208868537523
1	120.39450215761968
2	140.18955292123158
2	140.28020626988774
2	140.35122867252474
2	140.42606419150525
2	140.5235329976909
2	140.60081856345982
2	140.755143440523
2	140.8398237387307
2	140.85940157484944
2	140.93400605608846
1	150.41301047931927
1	150.47030598808576
1	150.56745725382885
1	160.3758952214759
2	168.6892264248953
2	168.69952740413268
2	168.85345712556264
2	168.8799478758968
2	168.90653737439942
2	168.9851500842571
1	180.83857172129208
2	197.0047925948954
2	197.01970519375686
2	197.04362012992706
2	197.07894982337749
1	200.37429822198482
1	200.55268437223262
1	201.4773736018165
2	225.35770426042296
2	225.57417959542556
1	250.6194012648397
1	250.78621143470485
2	282.0052038921872
2	282.0821332048557
2	282.13683857509415
