2	110.99788117171693
2	230.06972400118417
2	230.1475766221492
1	459.2388992019944
1	461.0942609850907
1	489.6046986787958
2	539.7073069786586
1	619.5256723466532
1	1110.4224089659622
2	1111.4799005173666
1	1121.766024326154
1	1379.355108673905
1	1389.228063265408
2	1659.2930780994238
1	1671.5085143375563
1	1705.1853315789833
1	1784.5181271104466
1	1922.6344416792201
2	2326.28541982008
2	2397.7728556447223
2	2397.77432466339
2	2445.392925232277
1	2492.8731100725704
1	2493.1994290937732
1	2501.2779171652387
1	2881.5770992396756
1	2894.3265398240874
1	2973.616111166869
1	3003.9030445411427
1	3111.7678328446177
2	3183.837587866817
1	3189.2555100869517
1	3289.7562899009713
2	3445.8125762415834
1	3464.83291803222
2	3541.0936537690113
1	3591.8585837239934
1	3736.5911214524594
2	3779.2851248259135
2	3826.9763151586512
2	4041.390348053952
1	4190.524161693755
1	4290.764353677486
1	4398.179865234219
2	4446.277542725246
2	4470.130496589712
1	4586.775237287373
1	4606.493172839334
1	4714.634213906808
1	4730.5337830888875
