2	132.36633698949552
2	223.9451364261833
2	246.80001791551894
1	509.667542779753
1	511.3476743110441
1	539.7993834720191
2	567.2775564972168
1	669.6033077807522
2	1116.5637064538419
1	1160.7704580936806
1	1172.174820908136
1	1389.5307589193026
1	1429.7488741611344
2	1665.890598408668
1	1705.770205622466
1	1721.6405385391722
1	1834.8347425109453
1	1972.772804696366
2	2329.6745624109512
2	2398.3732555065435
2	2421.2356256180624
2	2444.173319557775
1	2542.9964771939626
1	2543.5336541020397
1	2551.500599918461
1	2931.775901056372
1	2944.497317488943
1	3023.744525547002
1	3053.9291026634055
1	3161.8882126721523
2	3176.6001729564487
1	3189.8706061537596
1	3339.971142174305
2	3474.162589608476
1	3515.000795547858
2	3565.781220269883
1	3642.051868541406
1	3786.7365729474436
2	3794.667812824424
2	3840.448852505152
2	4046.457988296184
1	4240.750366134564
1	4340.867863776945
1	4398.848393516502
2	4458.380967401314
2	4481.307369343811
1	4636.99085249259
1	4656.660675336312
1	4764.828622158341
1	4780.6521445606595
