2	156.92370198295757
2	248.92958134390963
2	271.9632430306997
1	509.4697109304033
1	511.08187204154996
1	539.6814826993628
2	571.1113043104601
1	669.5741256888673
2	1123.3823040236334
1	1160.463566590982
1	1171.8739426634143
1	1389.353800521022
1	1429.5031851944482
2	1675.5967994467944
1	1705.356237565325
1	1721.5169586530842
1	1834.6148002858818
1	1972.5662860564255
2	2342.922080560111
2	2411.9799174734153
2	2412.0190561920085
2	2457.939123155096
1	2542.8077901067572
1	2543.2771198957757
1	2551.2775624084975
1	2931.740290688183
1	2944.392703245789
1	3023.538489742671
1	3053.880778625063
1	3161.7404868172493
1	3189.5027482722253
2	3194.268639650544
1	3339.754719169524
2	3493.5220235386623
1	3514.875467814346
2	3562.476081821494
1	3641.8996471740566
1	3786.5852810684773
2	3792.611955324046
2	3838.6151517343606
2	4022.675485344383
1	4240.582249809354
1	4340.674006156445
1	4398.345428919291
2	4459.901153991893
2	4482.873045463872
1	4636.829113343441
1	4656.560352464576
1	4764.6863337981495
1	4780.637531909359
