1	80.14259331400469
2	103.2214638256827
2	103.28143077433558
2	103.35750789085748
2	103.39365208113797
2	103.44879379393703
2	103.49087238622258
2	103.51155941356474
2	103.57370300753739
1	110.60857045213524
1	120.23952708674977
1	120.33796594589812
2	127.15947983412084
2	127.25080985964388
2	127.2515027823648
2	127.27372354161534
2	127.37307269706443
2	127.47016956362332
2	127.50891571363408
2	127.56306573183679
2	133.8149790543954
2	133.82705313623111
1	150.10818777355055
1	150.18850097036363
1	150.300299563672
2	150.97338812263078
2	151.05056247637245
2	151.0589132831996
2	151.14097327753436
2	151.21496810067396
2	151.21988133033312
2	174.84801750730736
2	174.90284687439865
1	180.6293280762476
2	198.6553738831296
2	198.71545413137684
1	200.19366421086013
1	200.89840482018025
1	201.25812619352567
2	222.5127227629108
1	250.2693284236475
2	270.2232443097729
2	270.22575443026574
2	270.2855338343226
