1	80.40890099085938
2	131.52357589722115
2	131.56111738965208
2	131.59636068476115
2	131.64929993413526
2	131.70574262273686
2	131.73607304625776
2	131.741600850799
2	131.8156042185756
2	131.85280820045762
2	131.8651208011455
2	131.9207801431148
2	131.9637176455999
1	150.50774640646713
1	150.54927776752393
1	150.60298374973843
2	159.71528237449317
2	159.84177374998424
2	159.90473493000823
2	160.01115732415448
2	160.0175922416174
2	160.05677961030358
2	160.08948510139055
2	160.11374976325658
2	160.19618808340277
2	160.26259155361075
2	160.34273433673616
1	160.42182556244674
1	180.80172739866273
2	187.8751706948398
1	200.29723554379666
1	200.38747975365428
1	201.38835730339787
2	216.00199791856915
2	244.04348998983258
2	244.13133439163744
1	250.46999154236178
1	250.5648572578359
2	272.2372060829606
2	272.24360899609667
