2	110.71761757232278
2	134.82179524803743
2	230.03458752048115
2	230.0998577027453
2	251.3034312999614
2	251.38730075753975
1	459.2778642284627
1	461.07556128103806
1	461.39890330943604
1	489.6293739397317
1	489.7326235936037
1	509.42747278071323
2	539.7437211437103
2	560.5955579804552
1	619.4720475512585
1	619.6432169892676
1	1110.4747011691459
2	1111.400512331225
1	1121.8608909126563
1	1121.9482296106737
2	1122.953212019851
2	1151.0990782249623
1	1160.585855666316
1	1171.8774418063483
1	1379.360446671369
1	1389.2783205702972
1	1389.3521117919047
1	1429.4566123177333
2	1657.155470841225
2	1659.2652082005009
1	1671.5089736079258
1	1671.5959065258455
1	1705.2604681973578
1	1705.662598125916
2	1713.4153430416434
1	1721.4674547729712
1	1784.5676516201665
1	1784.6172781912417
2	1825.8248811181174
1	1834.6337383502807
1	1922.6205081107614
1	1922.6988052991758
2	1966.4328763221852
1	1972.5478048244493
2	2326.233786259341
2	2331.9308201426347
2	2397.7612655152598
2	2397.828461686739
2	2416.287399458236
2	2416.2937405691546
2	2444.3695989249168
2	2445.351460033902
1	2492.849601800492
1	2492.8643667680035
1	2493.2530165123867
1	2493.4551291721336
1	2501.2631175724614
1	2501.5222257275223
2	2528.7928534636794
1	2542.7306966178635
1	2881.6557673958123
1	2881.75696977721
1	2894.3898005729056
1	2894.6767345914272
1	2973.6120473958395
1	2973.70821920452
1	3003.879082828874
1	3004.0053008963177
2	3034.8265810533326
1	3053.7145685025625
1	3111.7243487245123
1	3111.780621565751
2	3183.8122024626055
1	3189.2502447652655
1	3189.5597977677244
2	3203.5720382297836
1	3289.7990404774437
1	3289.8722702746463
2	3445.857210702217
2	3456.658871953614
1	3464.8469889324006
1	3464.9923311340426
2	3512.8878941462576
1	3514.604500056254
2	3541.088295155372
2	3569.131591571213
1	3591.848748025088
1	3591.9894154004733
1	3736.523577816532
1	3736.6458200905686
2	3765.864790849582
2	3779.350234377768
1	3786.477435719521
2	3794.031238460656
2	3826.9389404340945
2	3850.224545371717
2	4018.9485112011976
2	4041.3202344029182
1	4190.111195916426
1	4190.478148720563
1	4290.752520592351
1	4290.762403483673
2	4328.244889574289
1	4340.610969052345
1	4398.240864719123
1	4398.595259489404
2	4446.23385717838
2	4468.805661733883
2	4470.074335130084
2	4496.948724215295
1	4586.803895922586
1	4586.933978699912
1	4606.5732333280885
1	4656.500745393868
1	4714.610845588128
1	4714.62412800435
1	4730.45702364949
1	4730.774780799208
