2	110.39876358926713
2	135.0021438845204
2	140.43993105601223
2	205.79263757179297
2	206.4912077902015
2	212.39560278619797
2	253.43295211442933
2	254.1190518756303
2	260.4503956563642
1	461.12085762721347
1	461.2013927584902
1	461.4561039411201
1	489.51780390530604
1	489.6402950034213
1	489.7151545440102
1	509.3005112439517
1	509.3835656378834
1	509.5228828511049
2	539.4356382797022
2	540.1335687024905
2	548.4919917849309
1	619.3382102513174
1	619.5215195741995
1	619.7064522720599
2	1087.6455131265384
2	1088.1839421161767
2	1100.6214855454236
1	1121.8049294322097
2	1135.8792555661253
1	1160.3690772916298
1	1160.3691347950378
1	1160.6261643425112
1	1171.5886764074312
1	1171.61717103148
1	1171.9188499847928
1	1389.1920626450622
1	1389.203356836216
1	1389.500480601772
1	1429.3540181333876
1	1429.4110742715918
1	1429.539567576606
2	1659.7033872146167
1	1671.3453458152696
2	1676.7523552411221
2	1683.9996537944962
1	1705.3086700720773
1	1705.4077059335539
1	1705.5931760682975
2	1707.8000951835068
1	1721.2210895768437
1	1721.3063245171131
1	1721.3828780065287
1	1784.4196614263271
2	1826.9214620223524
1	1834.354934441002
1	1834.407663670197
1	1834.5622207544627
1	1922.2108850801962
1	1922.3800333022687
2	1940.733390524593
2	1969.921713633245
1	1972.2673103215648
1	1972.355518619736
1	1972.5912728116443
2	2324.859756323474
2	2327.1155417990803
2	2351.2169276897557
2	2396.8336182865096
2	2398.635741876719
2	2420.898215804211
2	2422.4499386824946
2	2422.4780869548254
2	2422.771721614916
2	2444.8918073992436
2	2446.522475393551
2	2446.6062401696818
1	2492.2605674889087
1	2492.6575580770505
1	2493.3431869451165
1	2493.3815119531937
1	2493.4948703604455
1	2501.3600252747233
1	2501.3727627427797
1	2501.6090491343825
2	2518.0052690106977
1	2542.4842920740766
1	2542.530633119894
1	2542.7607811796943
1	2881.512923093845
1	2881.6493067196843
1	2881.7540558284204
1	2894.332155609636
1	2894.3591269538592
1	2894.7800196728176
1	2973.433219901936
1	2973.546223108458
1	2973.7307074975756
1	3003.702900416265
2	3042.322117172325
1	3053.411234717759
1	3053.5174795691396
1	3053.7367169477184
1	3111.251896503432
1	3111.5314682154367
1	3111.6468333459156
2	3185.178574655229
2	3185.3215744440404
2	3188.96181413315
1	3189.2811848722176
1	3189.377235383237
1	3189.6121048860873
1	3289.5364819426727
1	3289.62627446633
2	3308.9832790177616
2	3328.282659215143
1	3339.5087423071973
1	3339.5403805818833
1	3339.6822752061635
2	3447.3730608464502
2	3453.0575553919352
1	3464.691673958168
2	3471.3085786447
2	3495.1144270948876
1	3514.3982495008063
1	3514.438319533265
1	3514.788397864961
2	3573.056787542112
1	3591.7743190074207
2	3614.2614222033667
2	3638.0679969965404
2	3638.0829617938252
1	3641.470968881874
1	3641.5911709337556
1	3641.693309977555
1	3736.3780947617192
2	3781.024240351772
2	3781.0665158526813
1	3786.3109042614715
1	3786.3350581363493
1	3786.6419095023202
2	3789.100191641595
2	3805.0146364251027
2	3841.098548056203
2	3852.5686219540094
2	3861.100471690874
2	3876.4181946837934
2	4019.3892998445094
2	4029.2031501835945
2	4043.2161428189206
2	4046.0770269904665
1	4190.461945887333
1	4190.462787100509
1	4190.612026110802
1	4290.579592925459
2	4329.179371801802
1	4340.344746702833
1	4340.419202524447
1	4340.5262516283055
1	4398.210782022345
1	4398.3098199675105
1	4398.644492585908
2	4424.583295735314
2	4437.186821924757
2	4448.279129543828
2	4472.293268006786
2	4485.190941580086
2	4495.967508612751
1	4586.569916285295
2	4615.178906452526
1	4636.481549502453
1	4636.596794958187
1	4636.794933172716
1	4656.221188331122
1	4656.245638022444
1	4656.55087271816
1	4714.171985090896
1	4714.485093366835
1	4714.594184565173
1	4730.412638181708
1	4730.5515531534475
1	4730.768334301633
