1	80.13289464665762
2	114.7115737445068
2	114.8070639307568
2	114.82941675092859
1	120.39883172013695
2	138.58400522567945
2	138.66114770560705
2	138.69475025918535
2	138.75170626217346
2	138.78017753982633
2	138.85865442856434
2	138.89480211326395
2	138.95353639329025
2	139.02028781790344
2	139.02438604219415
2	139.0367516157391
2	139.09763531163614
1	150.11408220146154
1	150.1696980705649
1	160.33574888019484
2	162.41717135935198
2	162.4671382484039
2	162.5287050095757
2	162.56923942016064
2	162.64727388228914
2	162.75509986875258
2	162.7555844973494
1	170.1794707432891
1	180.66074126960734
2	186.35722558824114
2	186.41124719194775
2	186.4137632238558
1	200.09540023550454
1	200.1580985206937
1	201.20620516768435
2	234.05772617224406
2	234.14119656898686
2	234.23327384839223
1	250.41591657647507
1	250.51300647467173
1	250.5507530984998
2	257.8533044720554
2	281.7537976002588
2	281.7895912992646
