2	104.67333392478436
2	150.7183063744141
2	186.4914740057896
2	222.19779064486914
2	223.87257593552295
2	234.22829496831145
2	245.95357290708628
2	247.68728657023036
2	258.1304431185391
1	459.323119370264
1	461.10574931407655
1	461.31416185780216
1	489.37754057390424
1	489.62332991841515
1	509.1987872780623
1	509.3901465841114
1	511.07355004947874
2	520.3227331327319
2	533.9503757457245
1	539.675187848895
2	544.3244418647425
2	555.6229763896574
1	619.4033704696432
1	619.6087648740659
1	669.5282352151712
2	1093.0861819945712
2	1103.5069348476711
2	1106.3468390843568
1	1110.3660624526242
1	1110.396043995126
1	1121.6798728178717
1	1121.8013625232295
2	1127.5744872645369
1	1160.4482509803288
1	1171.825749000595
1	1171.9061982138903
1	1379.3105707822249
1	1389.1711998022554
1	1389.210912367674
1	1389.3428698055604
1	1429.3333154371155
1	1429.3626628597187
2	1641.735181864022
2	1654.9285473170237
1	1671.3345448484797
1	1671.3783725848434
2	1675.2415423612251
2	1675.2840227301217
1	1705.315954294731
1	1705.386951819726
1	1705.4211796657376
1	1721.3395187755982
1	1721.367043994063
1	1784.283745155672
1	1784.5653896539043
2	1794.400286665817
1	1834.5038244908835
1	1834.5937946750141
1	1922.512804614902
1	1922.577761190613
2	1937.3606839309134
1	1972.4108851115298
1	1972.551566526057
2	2318.4653065874113
2	2322.6920058878604
2	2333.506427122856
2	2389.906358055996
2	2394.2864904731055
2	2394.362682739987
2	2405.03385898108
2	2413.743902695041
2	2418.108238732016
2	2428.915086641611
2	2437.616144173014
2	2452.835654167179
1	2492.5564285696105
1	2492.682614231767
1	2493.232523809368
1	2493.4085515651914
1	2501.2816516565345
1	2501.4036127653935
2	2509.0533482932738
1	2542.570560997773
1	2542.6824139375876
1	2543.2610328979345
1	2551.193842447592
1	2881.44923221185
1	2881.6401945135485
1	2894.2834871787686
1	2894.51651997381
1	2931.5866072467884
1	2944.304266493387
1	2973.5875211890457
1	2973.6673999844998
1	3003.985372992071
1	3023.555474047286
1	3053.560406945111
1	3053.7596372243725
1	3111.5389655740278
1	3111.6946104214703
1	3161.714675535351
2	3176.0324484271773
2	3181.372471739828
1	3189.2774635406736
1	3189.306151830864
1	3189.4177067251985
2	3192.287749837285
1	3289.628412256326
1	3289.7677850908203
2	3295.106982708046
1	3339.639367912433
1	3339.8008622364405
2	3461.945230256275
1	3464.47473644996
1	3464.7983226317087
2	3467.525495449764
2	3478.571869124827
2	3485.7672034130533
1	3514.583915651394
1	3514.8317642509237
2	3550.1540368562532
2	3557.2336367079956
2	3562.982771308055
1	3591.5675255288525
1	3591.873116218921
2	3604.8677005852737
1	3641.650994353907
1	3641.829342645233
1	3736.5099382510675
2	3777.671189069863
1	3786.428961740207
1	3786.5925397495334
2	3788.6546786135073
2	3795.4195369766194
2	3825.3202403638534
2	3836.4137611516044
2	3843.101808674529
2	4016.14441880005
2	4027.2432423491855
2	4033.590019680207
1	4190.322020706815
1	4190.484660370749
1	4240.512147999926
1	4290.520344346802
1	4290.61754008315
2	4319.493853414336
1	4340.373219732159
1	4340.625743828739
1	4398.159154997323
1	4398.22469885329
1	4398.506361267136
2	4438.630720820193
2	4445.471573114709
2	4456.59485505771
2	4469.267784129855
2	4480.540343526576
2	4486.357290135022
1	4586.836202454609
1	4606.146012334856
1	4606.562081957057
2	4629.199005294
1	4636.630414493325
1	4636.809818654978
1	4656.406581034653
1	4656.51223012625
1	4714.457172105342
1	4714.534021776483
1	4730.517337009601
1	4730.553824583766
1	4764.667463686162
1	4780.51676379738
