2	116.14467060213694
2	203.75430035270796
2	227.60677116541007
2	235.3852872077641
2	251.43572384773327
2	259.20826055522696
1	459.3692770820947
1	461.05687355778144
1	489.68371774180764
1	509.1806224005265
1	511.10968050031397
1	539.6088625262676
2	545.4264431764444
2	561.5522635791378
1	619.542892158681
1	669.4995339239199
2	1110.2912338062595
1	1110.3687452586048
1	1110.4409396438657
2	1117.8279758949818
1	1121.8375426964478
1	1171.825310113881
1	1379.320964249221
1	1389.1696392731428
1	1389.257230225865
1	1429.2552845795037
2	1642.5575719215074
2	1658.8895360554227
1	1671.367003020794
1	1705.2458511248137
1	1705.3187204969943
1	1721.3756632953878
1	1784.5585145382938
1	1834.4835672477739
1	1922.4921685372242
1	1972.54077524385
2	2326.8452421045504
2	2334.224192958868
2	2398.4055866630247
2	2405.7586943573738
2	2405.810035624937
2	2429.5953320730864
2	2446.197116627315
2	2446.2552576806074
1	2492.6875213198828
1	2493.2560711751507
1	2501.3498909501213
1	2542.7479011122878
1	2543.259401459188
1	2551.290760688519
1	2881.6305274738484
1	2894.3743901046105
1	2931.614442577225
1	2944.319390900541
1	2973.5741612607285
1	3003.903918065743
1	3023.536028052734
1	3053.8218867845367
1	3111.694285893095
1	3161.674191355765
1	3189.2968546779052
1	3189.345077647783
2	3192.8056376364616
2	3209.4995970149944
1	3289.7346329469774
1	3339.7965494641658
1	3464.828469028163
2	3479.1063617135997
2	3495.7495807668847
1	3514.840151786464
2	3543.479769646369
2	3574.413644757353
1	3591.90620057025
1	3641.883806369975
1	3736.4930223898878
1	3786.542904113112
2	3789.134690507755
2	3805.9440512426745
2	3829.773148725464
2	3836.8396617112817
2	4003.791135150569
2	4044.504013921621
1	4190.455383779676
1	4240.516412196762
1	4290.682391504034
1	4340.667395373001
1	4398.1722835856
1	4398.297324283772
2	4450.040967175539
2	4456.922763555534
2	4473.898958326426
2	4480.791574226329
1	4586.789269481763
1	4606.494976591584
1	4636.751398456451
1	4656.486523105313
1	4714.55873784232
1	4730.555461740473
1	4764.594563442575
1	4780.510140330133
