2	113.3212786434716
2	121.51475857317804
2	149.33492841809507
2	220.76037671354538
2	230.3937200949164
2	240.8660367798188
2	253.87440349649108
2	264.8115345930145
2	268.4511291634436
1	461.1708739455128
1	489.5951336900868
1	509.1768753483829
1	509.32282582415615
1	509.4165678186398
1	511.1435926382385
1	511.20592951593403
1	539.6898391088625
1	539.7388517617467
2	551.1146475205396
2	554.1305886352105
2	558.1456719345531
1	619.5216746997543
1	669.5639535968791
1	669.6177503860218
2	1096.7502838440453
2	1100.0643796190388
2	1101.6997486333723
1	1110.4225728977717
1	1121.5448530703381
2	1149.3126318907866
1	1160.233848171328
1	1160.529929423558
1	1171.6817554995978
1	1171.8512915841195
1	1171.9479395460435
1	1389.1994519425396
1	1389.29113833559
1	1389.3694730400273
1	1429.2844423579288
1	1429.3587673009768
1	1429.3888648295208
2	1648.9923092177
2	1658.682344281011
2	1673.013871351948
1	1705.2089262755082
1	1705.4780523018517
1	1705.5701915833054
1	1721.2864398987267
1	1721.3876023642501
1	1721.4128840680298
1	1834.3310429317814
1	1834.5291049892082
1	1834.5739639602928
1	1972.331045192758
1	1972.5508168136464
1	1972.661881623155
2	2317.1779447712624
2	2337.597807925652
2	2339.652509457901
2	2407.8663788728954
2	2407.873769776298
2	2407.924395100979
2	2411.0871205738035
2	2411.1169125206143
2	2412.6507971831384
2	2412.7174787308445
2	2436.5938652985137
2	2458.652371327792
1	2493.216492209906
1	2501.3484523262473
1	2542.4302945390464
1	2542.739650220631
1	2542.800061417086
1	2543.2661209119606
1	2543.2928007298624
1	2551.3350480637514
1	2551.381652882985
1	2881.7090344889893
1	2894.27064563062
1	2931.659257555895
1	2931.671484580218
1	2944.333270062238
1	2944.3622893075003
1	2973.522925653648
1	3003.3455967158507
1	3023.575206721589
1	3023.593210073758
2	3030.0643240697086
1	3053.3852327407326
1	3053.7743380865736
1	3053.832718104808
1	3111.612871058029
1	3161.740418105515
1	3161.818648284006
2	3176.3143599280934
1	3189.290716390896
1	3189.3897814835727
1	3189.6265768500407
2	3196.6544731011027
2	3203.9990447619534
1	3289.3836586048237
2	3315.712618337288
1	3339.410045486032
1	3339.7372265508934
1	3339.8858380831416
2	3462.6717423083437
1	3464.2459605800072
2	3482.3151708341766
2	3482.3580564716726
2	3484.91639807836
1	3514.348012005253
1	3514.8112676221504
1	3514.920223996942
2	3553.8187009762323
2	3555.1302227096744
1	3591.3992363642237
2	3601.345525699466
2	3605.9563825051564
1	3641.5686469601183
1	3641.810322486693
1	3641.8971536082586
1	3736.141958850463
1	3736.1819624128784
2	3768.0292714274024
1	3786.2811894568185
1	3786.618944453762
1	3786.6559102179885
2	3789.315750812223
2	3796.8790273283325
2	3815.6743243981086
2	3836.1353730458654
2	3839.463095178036
2	3868.3836006771153
2	4023.4903880319366
2	4029.8999279679606
2	4035.519315106214
1	4190.430510268909
1	4240.5374365965
1	4240.614666371923
1	4290.32403563105
2	4315.59803886941
1	4340.295590889738
1	4340.641795116947
1	4340.685741265219
1	4398.198801121694
1	4398.345320364155
1	4398.586500658002
2	4441.200356441084
2	4458.468717740438
2	4468.314318410338
2	4468.383514659508
2	4482.235486672776
2	4488.97759322343
1	4586.34246550989
2	4601.3083041125365
1	4636.459275351673
1	4636.809174213321
1	4636.830886473526
1	4656.320609807748
1	4656.504970401343
1	4656.608934707096
1	4714.627084530717
1	4730.702417753046
1	4764.62449240531
1	4764.708361408139
1	4780.523334368031
1	4780.5532218392755
