1	80.39032372756205
2	104.74320550187194
2	104.8129318751359
2	104.85099257968051
2	104.87106175562853
2	104.87601475699157
1	120.46320030106361
2	128.79863067427263
2	128.8124433543561
2	128.9229626801133
2	128.99095677843124
2	129.03279067285936
2	129.08044467945
2	129.1435515137202
2	129.18961515595115
1	150.5318249265592
1	150.76427040195043
2	152.78153356201497
2	152.9981178791337
2	153.16090058861067
2	153.27768577314396
2	153.36447179252264
2	153.38085534143613
1	160.5415337923978
2	176.71331629739163
2	176.75915077823856
2	176.79134539941984
2	176.82086725969967
1	180.7000396214158
2	200.6400659030922
2	200.73062402987324
1	201.1949304521639
1	201.23927044187462
1	201.3244863381663
2	224.7315633757844
2	248.64510544441669
1	250.5090876332401
1	250.58781813669185
1	250.9057506125976
2	272.5799656021097
2	272.6397346097398
2	272.66645506988357
