1	80.4396889034451
2	122.16222604615096
2	122.16520411274033
2	122.24509458123609
2	122.28345680941044
2	122.38005966491035
1	150.53997855659367
1	150.7963139413187
2	150.93666650376858
2	150.96580077587538
2	151.05872987790397
2	151.1179520634117
2	151.20896264059672
2	151.21919773513918
2	151.25891482575537
2	151.3359075670281
2	151.3823374731919
2	151.45846788344826
2	151.51392427085807
2	151.57199494541896
2	151.58656072475554
1	160.62936664366947
2	179.58820701203112
2	179.7316959638491
2	179.9200666901089
2	180.0169571465832
2	180.1375100954016
1	180.7548835344306
1	200.2021678617628
2	208.12380309432382
2	208.1855001326808
1	230.62012752406747
2	236.79177670231851
1	250.2428338461541
1	250.55748866903824
1	251.07333607445912
1	251.26332319018613
2	265.4560211670831
2	294.1850618338569
2	294.2699453355828
