1	80.1126995107347
1	80.36664261107978
2	104.19741941363826
2	104.21739396519408
2	104.28599166152047
2	104.35387052526487
2	104.43825265258145
1	120.40254985041209
2	126.69791305599897
2	126.75984723968745
2	126.78449814278518
2	126.80868223179438
2	126.8587400610146
2	128.11218388592812
2	128.1272767675333
2	128.19369092576613
2	128.20843668382923
2	128.2464422160591
2	128.25201504068366
2	128.27687326015553
2	128.32061937639074
2	149.9843451481772
2	150.1432058682681
2	150.2386410199101
2	150.2573278048832
2	150.28368006686298
2	150.33191118005524
2	150.36036164284496
2	150.41538775484378
2	150.5041271474979
2	150.54054966427893
2	150.54965571851713
1	150.64208805485225
1	150.73496450874114
1	150.80571536001545
1	150.8370329442584
1	150.88806804756794
2	151.9025522763375
2	152.05577640691644
2	152.0598470430359
2	152.1315853243591
2	152.19170491384696
2	152.21270868764256
1	160.21119851980032
1	160.62197742612608
2	173.24697189964002
2	173.2719239042708
2	173.33316218953422
2	173.4140672920582
2	173.51035075551385
2	175.6835538522627
2	175.7300133091978
2	175.75305582088862
1	180.58987173880382
1	180.88547503187382
2	196.4972647019349
2	196.5856410218434
2	196.64852774152726
2	196.7055900490682
2	199.5439946948781
2	199.5677646501587
2	199.66440850288927
1	200.02607930608897
1	200.1979518870247
1	200.2398050803211
1	200.41818268643416
1	201.16828803786015
2	219.5971660820236
2	219.6535515861056
2	223.40652689753406
1	230.67170256913553
2	242.87132482478276
2	247.18849539990168
1	250.14386962333285
1	250.3398570078732
1	250.4315558049548
1	250.54848870705428
1	250.6015861277942
1	251.05642991026542
1	251.18043273338876
2	266.0343910599039
2	271.08371107313366
2	271.10221032258727
2	271.1320125419888
2	289.3824073405419
2	289.44483112051756
