1	80.29121928622767
1	80.50999960785288
2	105.469341669952
2	105.5097761695701
2	120.13252541179415
2	120.19365122111164
2	120.24258721824705
2	120.40544393098602
2	120.45245896075832
2	120.508143201567
1	120.52529308256396
1	120.57221954620216
1	120.59067666182546
2	128.69051557742347
2	128.71295407542996
2	128.80780242515954
2	128.8603096840998
2	128.91692733738145
2	128.92093387599456
2	128.95596627560136
2	128.99295578561342
2	129.01220215685794
2	129.02791515188272
2	129.05712557469673
2	129.14130849371307
2	149.02894067823374
2	149.04982934512947
2	149.08053434084334
2	149.10015783212623
2	149.12144016555035
2	149.13807252311375
2	149.16965257481456
2	149.21148684697178
2	149.2582907506521
2	149.2692092826215
1	150.2095498242388
1	150.33434026654675
1	150.69694545839025
1	150.76536776207442
2	151.88858038507033
2	152.05937930884716
2	152.25511127749874
2	152.3465859955225
1	160.61354300176808
1	160.67950800272615
2	175.10414605978357
2	175.18281899931839
2	175.27118829044755
2	175.36744324826802
2	175.6386905823396
2	177.8516850714091
2	177.89988937843765
1	180.6412079691448
1	180.8112066557545
2	198.4787677450619
2	198.5980059003973
2	198.6899382644924
2	198.74957568386253
1	200.26666569643294
1	200.83820360474624
2	206.76621486964467
2	206.83995237561578
2	207.004207911695
2	207.02982096898427
2	207.10320475950084
1	230.66483820814085
2	235.66949181349034
2	235.73252120455908
2	244.72208233883316
1	250.14301982571337
1	250.14706561636223
1	250.88168604485654
1	250.99147646179503
1	251.0719321128103
1	251.21743908001127
1	251.29185047822364
2	264.52411121505605
2	267.9439112685255
2	267.9848523234447
2	268.06359347814566
2	293.41611726533716
2	293.5084609875047
