1	80.28507884710353
2	103.52168377242761
2	126.74121429106827
2	149.90796227572903
2	149.95716574649663
2	150.00196321049395
2	150.0273981155353
2	150.10772051360132
2	150.12248485720556
2	150.19662183789677
2	150.21752507197098
2	150.27274216411462
2	150.32310141457396
2	150.41714731876075
2	150.51108697197054
1	150.53472044304203
1	150.53495513811873
1	160.65702675313014
2	173.04171326029496
2	173.06711852428074
1	180.69676201263604
2	196.12150204688695
2	196.156303607885
2	196.31017242951418
2	196.37718519342917
2	196.44025020029707
2	196.53492372658775
1	200.20290123602496
2	219.30308267540437
2	219.37334409531786
2	219.4034370378261
1	230.6396391629833
1	250.17118264105432
1	250.96413185634842
1	251.1214040252285
2	265.5810563636839
2	288.757906749695
2	288.76000318235725
