2	127.19955304670407
2	240.66212502522623
2	268.9824635262937
1	461.34617682817424
1	489.8458391931665
1	509.49432086379926
2	552.6113881022937
1	619.7782346763802
2	1119.9579288860148
1	1160.4886199152377
1	1171.786764757567
1	1389.464428436087
1	1429.4707195151673
2	1658.964088046625
1	1705.4687095567447
1	1721.3959554917442
1	1834.529863384175
1	1972.4045503858483
2	2339.819046739012
2	2396.552045364197
2	2424.838825776891
2	2424.9118444103783
1	2493.5707686265187
1	2501.4916738712527
1	2542.6322630798772
1	2881.7837318762095
1	2894.5319993297176
1	2973.6863911760056
1	3053.527319962608
1	3111.761890656368
1	3189.606941787272
2	3190.826102315001
1	3339.5317044299645
2	3474.4513552059093
1	3514.602280888976
2	3587.9107359033337
1	3641.7063206231373
1	3786.4373889596586
2	3786.506297243962
2	3843.20055702183
2	4041.833493239534
1	4190.569064730933
1	4340.5173361447005
1	4398.452047853347
2	4467.313013844823
2	4495.650736419595
1	4636.6764081602905
1	4656.468487701333
1	4714.930682765828
1	4730.679007402305
