2	132.56859271195876
2	249.56592456306848
2	249.66419947930075
1	461.2153840895938
1	489.74230674140176
1	509.31797382556687
2	542.0397287733713
1	619.7030657982385
2	1127.1054663181922
1	1160.3894481084956
1	1171.7278316074242
1	1389.3811461364419
1	1429.4496394436694
2	1653.5168446904877
1	1705.2504680339705
1	1721.4559119033931
1	1834.4726888334885
1	1972.3937608181868
2	2326.2263355670757
2	2413.9125910319176
2	2413.9657637556165
2	2443.2464285500873
1	2493.382250975974
1	2501.3542107105905
1	2542.463584011401
1	2881.798221061141
1	2894.102797469157
1	2973.654502512669
1	3053.494641128104
1	3111.8070723031788
1	3189.4247281632847
2	3203.6940296884227
1	3339.4952232630217
2	3466.9340043461325
1	3514.57426560929
2	3554.6870420109767
1	3641.732354913717
1	3786.4957812568477
2	3788.7077977559734
2	3847.2034632820455
2	4051.9575021887154
1	4190.5947286086375
1	4340.311237905171
1	4398.390646325014
2	4461.4041554767755
2	4490.685157789235
1	4636.556573931008
1	4656.475104791333
1	4714.786051408502
1	4730.8043856201375
