2	136.33961983466378
2	223.3757808903401
2	252.3433964802012
1	509.5370329530056
1	511.2484467530121
1	539.7678940317724
2	542.4423901082326
1	669.7569193498517
2	1122.736272432148
1	1160.4533377206023
1	1171.9331308673738
1	1389.4244702492767
1	1429.6043876651968
2	1673.8747687596192
1	1705.5184485292382
1	1721.451202679218
1	1834.6203202750435
1	1972.754911184687
2	2341.18991941684
2	2399.185729980002
2	2399.264852959454
2	2428.229081587994
1	2542.974722910979
1	2543.3409578254345
1	2551.2777578106366
1	2931.7360361151154
1	2944.528905694782
1	3023.7140244552743
1	3053.9060619760357
1	3161.8490298262864
1	3189.4431743454675
2	3211.4277694178263
1	3340.0342580373485
2	3472.5869784241686
1	3515.004404851924
2	3559.5890553135023
1	3642.0272917428742
1	3786.745385110842
2	3791.709890876601
2	3849.6889553617907
2	4023.7728801929075
1	4240.644697148926
1	4340.818619059458
1	4398.604099475109
2	4429.933802364604
2	4487.944118142706
1	4636.9520636069965
1	4656.629646701683
1	4764.739475615897
1	4780.686813823403
