2	115.01473292865573
2	146.96370224511787
2	231.2347851867822
2	234.0870180529507
2	234.11403046778804
2	287.3217545825981
1	459.26375835275354
1	461.11753207212905
1	461.18363939679136
1	489.6084407209408
1	489.66351267573555
1	509.32115090479266
2	543.7285838615198
2	568.2253823451817
1	619.4665087451351
1	619.6299625611973
2	1091.6423177602785
2	1101.7341074028686
1	1110.4365896722288
1	1121.8059890242475
1	1160.4152532939718
1	1171.670897392714
1	1379.3328004499333
1	1389.1370386961767
1	1389.2604530755232
1	1429.360092063638
2	1639.5497712037231
1	1671.5377202979566
2	1691.475381805273
1	1705.2490718703457
1	1705.2820092193172
1	1721.2764732311996
1	1784.5508192609389
1	1834.5080231795698
1	1922.5540822532553
1	1972.2352102926093
2	2330.3409317440723
2	2337.336992085402
2	2401.7578571893337
2	2401.8528507547417
2	2421.6264548352615
2	2449.4562107650813
2	2449.6969046686713
2	2449.7719945005415
1	2492.8121992647907
1	2493.283566219174
1	2493.3238068363753
1	2501.283505822687
1	2501.373965718189
1	2542.549919858449
1	2881.640816602845
1	2881.6461879927465
1	2894.3930149702583
1	2894.485702929798
1	2973.4689993124916
1	2973.564206173311
1	3003.8804254091733
1	3053.459138127807
1	3111.6264436856445
1	3111.758916001957
2	3187.828175353511
1	3189.2493418421677
1	3189.296867116933
2	3207.9469892125694
1	3289.8193646097698
1	3339.515580121379
2	3449.8866589741547
2	3460.678982497445
1	3464.767219840951
1	3514.4087227566865
2	3545.1198055147206
1	3591.8595848872255
2	3629.154581068833
1	3641.5540548775693
1	3736.5787867268855
2	3783.3193429399767
1	3786.2976639813737
2	3797.6416011641336
2	3830.9858762407043
2	3881.9000129362375
2	4045.379470045481
2	4050.4062640250954
1	4190.524917012719
1	4190.551130627342
1	4290.6807001782345
1	4340.416469134036
1	4398.18305075537
1	4398.33520670374
2	4443.496393769002
2	4450.2999868897605
2	4474.175835775901
2	4499.636097274428
1	4586.7605593151375
1	4606.548485274221
1	4636.626381381186
1	4656.321633709166
1	4714.662245045613
1	4714.70685498327
1	4730.521519182781
1	4730.602481111264
