2	138.08665646138581
2	232.79093116586193
2	256.431222490364
1	509.49314651200916
1	511.2066891975869
1	539.707564967795
2	540.5523377104686
1	669.5590589018267
2	1108.8413799906689
1	1160.600619777533
1	1172.0232305885643
1	1389.6176767861652
1	1429.5432468733811
2	1653.4322253508788
1	1705.6996284283946
1	1721.5312078708469
1	1834.6885822656645
1	1922.2011382669505
2	2339.9971508086915
2	2411.02944543162
2	2411.0713071886944
2	2434.681225157142
1	2492.344528123826
2	2505.7759647213584
1	2542.8450007037063
1	2543.271635387232
1	2551.2184013585947
1	2931.6537990198844
1	2944.3799906050476
1	3023.6037690448616
1	3053.8835095597497
1	3161.714320802273
1	3189.7033154513324
2	3192.322763032451
1	3339.8433881692995
2	3452.8266103287033
1	3514.835780746497
2	3571.2079852897855
1	3641.9086995797165
2	3784.2949553244357
1	3786.6616339219054
2	3831.650790485944
2	4021.0668821187896
1	4240.58648882896
1	4340.683564759331
1	4398.666280386842
2	4447.269686299578
2	4470.898509909495
1	4636.956228752919
1	4656.5907313982925
1	4764.703858136838
1	4780.567684256552
