2	125.59729225679894
2	219.3489282194137
2	266.2695822181273
1	461.18719309028154
1	489.70259951333406
1	509.3854634148713
2	547.7724079369176
1	619.6333535426816
2	1110.7758622371637
1	1160.3327896652127
1	1171.7143071325092
1	1389.1828262162069
1	1429.398923343251
2	1673.7553828339344
1	1705.3284860805265
1	1721.2842613349867
1	1834.5172884139513
1	1972.3891553404123
2	2330.6188029487157
2	2400.908574019738
2	2424.357473305991
2	2424.425525812708
1	2493.268318909407
1	2501.40205004111
1	2542.501375743545
1	2881.6481788539145
1	2894.3893151034445
1	2973.5848477212166
1	3053.496478791288
1	3111.6544913473667
1	3189.420284335538
2	3198.5112532803637
1	3339.5634456383023
2	3456.533177837683
1	3514.3676298778605
2	3620.8293586532036
1	3641.562935568374
2	3784.9912950944395
1	3786.2955034048778
2	3855.2899979135796
2	4019.558824196532
1	4190.553336484781
1	4340.389587623968
1	4398.317621705627
2	4441.709932880766
2	4488.639265275978
1	4636.609144013429
1	4656.308746498045
1	4714.626460517338
1	4730.555286357665
