2	116.3970176379653
2	232.13360590677584
2	232.16750121355187
1	459.4089018247084
1	461.14277442298743
1	489.64800717941296
2	556.1342869018093
1	619.5206545109826
1	1110.4331732254584
2	1111.557990520133
1	1121.8410279288191
1	1379.3692648263566
1	1389.2287036578168
2	1666.992770906277
1	1671.5458278314634
1	1705.2024048651358
1	1784.6198925736473
1	1922.633794205016
2	2338.1308046465915
2	2407.6038366441126
2	2430.692465809069
2	2453.855130793879
1	2492.901638788277
1	2493.290628560813
1	2501.3804183610428
1	2881.572489117749
1	2894.4472794923436
1	2973.678090826318
1	3003.937806044194
1	3111.792599181968
1	3189.331513328874
2	3217.6480520123746
1	3289.8524800906
1	3464.8869555631422
2	3472.1281758932587
2	3564.726706534337
1	3591.8979822525694
1	3736.619038285508
2	3819.2835716570194
2	3865.6579331483076
2	4050.715936229872
1	4190.537074190359
1	4290.754559430315
1	4398.294159631606
2	4467.318108732919
2	4490.505504583714
1	4586.933864544651
1	4606.550441352098
1	4714.691667346535
1	4730.554665231623
