2	118.53342888117834
2	237.88275055840535
2	261.7484790826834
1	461.13840712626177
1	489.6614553098396
1	509.2594149643246
2	548.0956523888115
1	619.5609923684773
2	1120.9338874484122
1	1160.2903389679234
1	1171.6047053111977
1	1389.2325260390044
1	1429.295439022775
2	1645.9481536566536
1	1705.182766714326
1	1721.2332676052897
1	1834.335908447632
1	1972.2943617319029
2	2338.0359345196534
2	2409.633944534841
2	2433.5169153688257
2	2433.673147424497
1	2493.1699471089146
1	2501.2863532782994
1	2542.397656836583
1	2881.68412508129
1	2894.255630796717
1	2973.567863409841
1	3053.427289537035
1	3111.6576251665847
1	3189.3650389644777
2	3197.1420729943065
1	3339.4324727866624
2	3459.649443573626
1	3514.399424984905
2	3602.89870027257
1	3641.573813425819
1	3786.2755234574643
2	3793.7746885590964
2	3865.368632688759
2	4032.4460130710368
1	4190.490397322029
1	4340.229284963629
1	4398.206746456204
2	4462.0399100916875
2	4509.7764140337995
1	4636.479609939688
1	4656.301516760297
1	4714.631463102119
1	4730.648419611154
