1	80.19850755536513
2	118.13876349952608
2	118.22601872989549
2	118.26356923847274
1	120.42910568307029
2	141.9794869116202
2	141.98037858128626
2	141.9854470615223
2	142.00532636220046
2	142.07964045169894
2	142.0900841651625
2	142.1441761023013
2	142.15615041275706
2	142.2197088929068
2	142.24649567061016
2	142.25874182516287
2	142.25878534274955
1	150.08365205787047
1	150.14403525423913
1	160.2628952290871
2	165.82081480318297
2	165.86156960478564
2	165.9027085313749
2	165.92486801503512
2	166.07475644908902
2	166.12539007176557
2	166.1572208826866
1	170.13187808784602
1	180.62052180990307
2	189.7669843141199
2	189.85120433302382
2	189.86910932041195
1	200.13551036251295
1	200.19324314066674
1	201.19669874109303
2	237.44589974476926
2	237.48543932193965
2	237.52097690852557
1	250.32856682676243
1	250.5016307798819
1	250.5904403106413
2	261.25494250851403
2	285.1256897794483
2	285.2150707276056
