2	118.17843949746903
2	232.53633058766843
2	232.57514514688702
1	461.3329033789312
1	489.7866866595598
1	509.3158368366066
2	546.9794201301
1	619.7366856422752
2	1118.9610123263908
1	1160.5251834614853
1	1171.622895779751
1	1389.3397589228657
1	1429.3873544637713
2	1662.1295097882928
1	1705.3296633475668
1	1721.3599352803365
1	1834.5587430596543
1	1972.3340717461524
2	2319.755858456448
2	2405.493112874626
2	2405.523292451332
2	2462.636526464877
1	2493.442202194004
1	2501.4456264935234
1	2542.5663468744324
1	2881.77310398403
1	2894.4757046608206
1	2973.7426172717765
1	3053.575655488555
1	3111.7139128725685
2	3177.4492055766577
1	3189.423975774687
1	3339.586421052491
2	3463.374462932274
1	3514.605107932705
2	3549.1920062941845
1	3641.6473341139213
1	3786.4040150357455
2	3806.470073149825
2	3835.0539003800623
2	4035.2332291118755
1	4190.633527923756
1	4340.465567420262
1	4398.31251739952
2	4464.149047666464
2	4492.760609560501
1	4606.212604044565
2	4635.679907312076
1	4636.587912316848
1	4656.437640205328
1	4714.746524347931
1	4730.726301012682
