1	80.13984835076913
1	80.23599335092676
2	108.52534023684936
2	108.58402889546295
2	108.65591200227675
1	110.63554232307935
2	118.7337138344595
2	118.76512137415192
2	118.7878594691366
2	118.81785118605204
2	118.87494080304175
2	118.94039290491455
2	118.9870231106854
2	119.01835463768276
2	119.0542138651296
2	119.12144053743229
2	119.1329667239129
2	119.17952870325249
2	119.25349574224381
1	120.1386019775538
1	120.20774726030807
1	120.29477467041465
1	120.34517905552542
2	132.45536476153143
2	132.55512419453504
2	132.55916128313893
2	132.63233149156133
2	132.66833305954793
2	132.67665471488436
2	132.71933496103043
2	132.72962594007333
2	132.7542437949863
2	132.78455813701026
2	132.87856970635028
2	132.95816693119176
2	142.6262878110837
2	142.63674850106295
2	142.70365988399968
2	142.7838556721445
1	150.09652826072048
1	150.18320708158987
1	150.2120995961169
1	150.21416776502403
1	150.35512307891767
2	156.2425090464714
2	156.29438194320994
1	160.51771232551962
2	166.459571391518
2	166.48948521138922
2	166.5718397905368
2	166.5889944180234
2	166.6688083272932
2	166.68700719173776
2	166.7501839778161
2	180.10708958616422
2	180.13443344549944
2	180.37971363053853
2	180.39859141399415
2	180.45706159013974
2	180.52729779635587
1	180.5473462291249
1	180.6078516079654
2	190.32790287297982
2	190.338812331141
1	200.14598437400227
1	200.2076833135296
1	200.91326466343514
1	201.25276320561196
2	203.96912970064318
2	203.99919831822734
2	204.01271294949387
2	214.1775641599791
1	230.60313432828073
2	238.06239007249297
1	250.10566644988907
1	250.3290904285769
1	250.97819582424867
1	251.1146269040043
2	251.67124959512196
2	261.90833995884833
2	261.983713545099
2	275.53879348351154
2	275.54428173700416
2	285.736074837457
