2	104.94304332702676
2	119.43754731345408
2	207.36235222424796
2	222.72588856517476
2	231.2386258490097
2	232.90623110444838
2	246.27925636978983
2	255.04588932762846
2	255.6466648123537
1	509.15849945063445
1	509.60118185002773
1	509.60588076083434
1	511.12670380975175
1	511.2020956918954
1	511.45064779954686
2	528.1675155328466
1	539.6166958404094
1	539.8096001334997
1	539.9007623873117
2	552.4336612437309
2	565.2042374856014
1	669.5492127319027
1	669.6042032091057
1	669.730137825596
1	1110.4152318887159
2	1113.9019311927036
2	1117.7509870611893
2	1118.4483489324818
1	1160.588484958546
1	1160.6029275376015
1	1171.8189988175536
1	1172.0518479398058
1	1172.1596821235678
1	1389.2242788440194
1	1389.5474427680383
1	1389.6467592802983
1	1429.2849053923771
1	1429.6529106804671
1	1429.7613567100118
2	1638.7457855722134
2	1663.4881850930103
2	1683.075571251818
1	1705.262282210236
1	1705.8100940976058
1	1705.859922336765
1	1721.3635329592908
1	1721.546462308161
1	1721.6819164302365
1	1834.4661833861362
1	1834.7135557863187
1	1834.7971984799397
1	1972.5314099519258
1	1972.7081520007125
1	1972.8651298397258
2	2330.5479778237086
2	2342.5551109799576
2	2344.644829280636
2	2402.058485733573
2	2412.7912072658637
2	2412.8279558291283
2	2413.1555131788277
2	2413.168323195199
2	2425.913005155274
2	2435.464542502871
2	2436.718325923726
2	2449.8717830323208
1	2542.693107010352
1	2542.9337430165183
1	2543.0104024672605
1	2543.2290071440884
1	2543.343759248055
1	2543.5756312319972
1	2551.2030265598173
1	2551.3837513186118
1	2551.640139563026
1	2931.6394936465576
1	2931.7270036904392
1	2931.8001716341546
1	2944.326900953285
1	2944.4643998637594
1	2944.569161040985
1	3023.5272268961567
1	3023.7300744489644
1	3023.8284216499605
1	3053.764973588854
1	3053.9068691733237
1	3054.080311486621
1	3161.7182702493014
1	3161.8626287466905
1	3161.9011407623734
1	3189.2920719336053
2	3189.3464224851887
1	3189.7072889330725
1	3189.877407689981
2	3190.4074462761714
2	3207.464149991234
1	3339.8102739681476
1	3339.9738403248152
1	3340.1252719703193
2	3457.2924382894153
2	3473.0949293611857
2	3475.625430628292
1	3514.846155364842
1	3515.0057000890247
1	3515.069006941796
2	3547.109187998614
2	3567.299460525942
2	3570.8036204380787
1	3591.1798553046992
1	3641.9034922293436
1	3642.0380621381896
2	3785.718704185792
1	3786.6224745262016
1	3786.770545337325
1	3786.8645685269876
2	3797.821453471216
2	3802.7674028919605
2	3833.411108975189
2	3843.2509779891484
2	3849.853535662428
2	4024.198199904252
2	4024.874041613528
2	4038.3114523667205
1	4240.522440747634
1	4240.668447609218
1	4240.734115242062
1	4340.665475146487
1	4340.855465807674
1	4340.916037013953
1	4398.260355609033
1	4398.7860695170175
1	4398.829681374632
2	4438.775758217183
2	4453.682174325912
2	4456.3582418070455
2	4477.510347575936
2	4479.049168951195
2	4485.811112245152
1	4636.80936347668
1	4636.933403116024
1	4637.086770701105
1	4656.497981137307
1	4656.694741337508
1	4656.743528954534
1	4764.642464210406
1	4764.7895792420095
1	4764.977972766413
1	4780.512777265528
1	4780.612112024041
1	4780.7673605194905
