2	112.3994253913085
2	231.8288768464179
2	255.69700333252425
1	509.44299984009683
1	511.16450529117753
1	539.7139676675096
2	542.1999280360534
1	669.5646468344495
2	1115.1796526152923
1	1121.4795571003474
2	1139.1104654982953
1	1160.5232727321718
1	1172.0384270238117
1	1389.482021650878
1	1429.56948317523
2	1664.3167290829867
1	1705.6418111640094
1	1721.4297168689852
1	1834.5862353903285
1	1972.7142244853285
2	2332.8657463901395
2	2404.5493483093187
2	2404.583398114126
2	2428.3970847600835
1	2492.7576330316533
2	2500.124957120049
1	2542.7739590024507
1	2543.3424344465807
1	2551.3178166144953
1	2931.608494782101
1	2944.405473239988
1	3003.325890641494
1	3023.641350220054
2	3025.3046832874206
1	3053.82009607263
1	3161.7703078774816
1	3189.6911895731605
2	3192.3930110429296
1	3289.783902220255
2	3311.8396837567666
1	3339.9455137969926
1	3464.8445124935324
2	3478.939739270182
2	3478.9921250120656
1	3514.948691338559
2	3550.608938634414
1	3591.8583068220114
2	3598.2858674254417
1	3641.9000565109072
1	3736.161649555677
2	3765.4717310307087
1	3786.647215079488
2	3789.327355611548
2	3837.0582697685736
2	4028.1268691668774
1	4240.599965965651
1	4290.230974246033
2	4314.622990941213
1	4340.665981148691
1	4398.603893227108
2	4457.889133164548
2	4481.74348266195
1	4586.320297668356
2	4601.097894960515
1	4636.913209390691
1	4656.619057751671
1	4764.701891465401
1	4780.609695237281
