1	80.13860169487856
1	80.56853992525285
2	100.24366629201207
2	109.62350676710737
2	109.65103651590451
2	109.65704890849082
2	109.68002207177727
2	109.72802833060824
1	110.56755754615423
1	120.50102040886806
2	124.00413554425829
2	124.09819122004812
2	124.14757250399674
2	124.21232008673611
2	124.22124365652566
2	124.2815814178791
2	124.37496607342655
2	124.47351515957698
2	124.4942168158887
2	124.52520773191371
2	138.71331910054064
2	138.76444608858145
2	138.82379101814735
2	138.91670531317394
2	138.91729748588307
2	138.9182227983252
2	138.99054414537852
2	139.07851649075587
2	139.11069984362067
2	147.83534054643005
2	147.87569725216764
2	147.97425769692367
2	148.0849661992817
2	148.1169332852851
2	148.21677422240396
2	148.35840607003607
2	148.45554569623658
1	150.09907329338708
1	150.1704149663669
1	150.2514111960191
1	151.13588288721007
1	151.16526695165803
1	151.24667446885
1	160.65580954651125
2	167.60803040556414
2	167.6486940526888
2	167.69156541549467
2	167.79048316809178
2	167.88235238850504
2	167.95783947919494
2	171.7531128376773
2	171.80797879677644
2	171.89404576326578
1	180.5922785737238
1	180.84604773640044
2	196.55080958447144
2	196.59417874500627
2	196.60700863036146
2	196.70462333530875
2	196.72319243868395
1	200.1317206930171
1	200.6247460867041
1	200.89266460366943
1	200.9583475497479
1	201.14914848932398
1	201.37142390863423
2	219.29998310380856
2	225.54850926313017
2	225.58636483696003
2	243.1559308283689
2	243.2129602997722
1	250.40469953406003
1	250.65323897219432
1	250.85642030258634
2	283.51041844591515
2	283.5632486376267
2	283.6229178980279
2	290.84445363732704
2	290.85339089024046
