1	80.56016452455414
2	112.12623407535396
2	112.18621799728668
2	112.27581390857884
2	112.35340487484552
2	112.42994021822209
2	112.504222150141
2	112.54165941526037
1	120.51606024319909
2	136.4427106406958
2	136.53441034971226
2	136.54359252524034
2	136.63226730062428
2	136.6565814447108
2	136.70465820990407
2	136.77704830219028
2	136.8412147773325
1	150.1310914617701
1	150.8146475558163
1	150.84972765927853
2	160.72978044752588
2	160.86268212254637
2	160.89316802939499
2	160.97418564491798
2	160.98580551195158
2	161.06991591495756
2	161.08234985769968
2	161.0842127636954
1	161.16434138342242
1	180.8841687366436
2	184.59602808733575
1	200.8171233962671
1	201.2645382891204
2	208.40413372790215
2	208.4547522764111
2	232.5106469595947
2	232.55286029915698
1	250.24030833442808
1	250.5954625824836
1	251.03187962075904
1	251.17583853565998
2	280.4881451993152
2	280.5536780993975
2	280.58334290865906
