1	80.42071576402958
1	80.51720382381376
2	104.57763734931754
2	104.65332729317404
2	104.66280718760424
2	104.66422215499473
2	104.76349176012428
2	109.60455010016966
2	109.68901213426723
2	109.715029691577
1	120.21176084923185
1	120.43572793499915
1	120.5694231165543
2	132.8088761152826
2	132.82175142356306
2	132.91142910795583
2	133.04160372809025
2	133.0876311251856
2	133.17345289351053
2	133.24515888265506
2	133.25047710745912
2	133.28446886615075
2	133.35394686126745
2	133.3944498088733
2	133.43039027647077
2	133.45968114886568
2	133.51840614200864
2	133.69904785656453
2	133.7892664477546
2	133.80942843326451
2	133.83829542161615
2	133.89051988462674
2	133.98877528745749
2	134.05580534352887
2	134.08041593703328
1	150.18917679972154
1	150.38525405200733
1	150.4061944883433
1	150.53617779076933
1	150.61602876990682
1	150.74446487056426
2	156.22906453179795
2	156.40841110828637
2	156.47766467541854
2	156.51596847303972
2	156.52277623441222
2	156.61069670013572
1	160.54458298479295
1	160.5949267545261
2	162.97293766625106
2	163.0640234965793
2	163.12688157471723
2	163.34662420722063
2	163.42016313575505
2	163.43687297331473
2	163.45606133100003
2	163.53370280565906
2	163.58908558402513
2	179.3392431229664
2	179.5768722453704
2	179.66787659880757
1	180.66979234017785
1	180.82218910407727
2	192.01300936061827
2	192.0767913045347
2	192.2444705450378
1	200.22871213300516
1	200.72477917877237
2	202.70694823917339
2	202.74930504533876
2	221.21036393650238
2	221.29600919932085
2	221.56129142842798
2	225.99781881343543
1	230.66377981978513
1	230.6811587943791
2	249.16990909075193
1	250.22762225174634
1	250.26132542135684
2	250.38739597485468
1	250.48775538882276
1	250.53046802402974
1	250.92856669885396
1	250.9363430752053
1	251.1537114241589
1	251.16490934951935
2	272.40745130503456
2	272.43373016811944
2	279.5298287297653
2	308.68946918469516
