2	124.67181818009097
2	242.48368920189017
2	242.53038179500714
1	461.516542208261
1	489.69461575073956
1	509.5619892087092
2	548.5789415866631
1	619.7196651775711
2	1113.7493554755106
1	1160.6028539320698
1	1171.9877971243081
1	1389.5271413836683
1	1429.5614647514606
2	1655.3381993694302
1	1705.720994545894
1	1721.4634487875508
1	1834.621301561079
1	1972.5959728088064
2	2338.247845995166
2	2408.9243725416836
2	2408.9617092483522
2	2432.392853052905
1	2493.5397594737824
1	2501.6270585578013
1	2542.9023766704895
1	2881.8355783875186
1	2894.8049297785587
1	2973.6712031138923
1	3053.7229435157856
1	3111.8215522315154
2	3186.0122889803797
1	3189.5775748251435
1	3339.709350175936
2	3444.977501223084
1	3514.828746592989
2	3562.7276288490616
1	3641.7167993149806
1	3786.598247274796
2	3798.2228228407093
2	3845.3805636486763
2	4033.7486067377276
1	4190.700347176974
1	4340.592728714259
1	4398.628661994352
2	4457.604755106433
2	4481.104033050019
1	4636.986031680033
1	4656.604089820123
1	4714.744737485734
1	4730.873660478874
