1	80.5908487225524
2	110.84604551085108
1	120.51006323150582
2	133.81989756110815
2	133.83794740893802
2	133.90524080383557
2	133.9859531341964
2	134.02134402664453
2	134.08935507042767
2	134.10790097139082
2	134.20093667197165
2	134.28616308024567
2	134.29842352973492
2	134.3426471058796
2	134.37669281066078
2	134.44640455082086
2	134.46618377765947
1	152.0310000469143
1	152.079335502787
1	152.17227667545484
2	156.94099930611756
2	157.1733854187577
2	157.24636286963172
2	157.3256399326726
2	157.42440803092902
2	157.4909513914823
2	157.59843627577342
1	160.47289954667815
2	179.78080559875377
2	179.85923894381222
1	180.80353129371596
1	200.59931332162515
1	200.7507613939385
1	201.3284265214216
2	202.57676069849484
2	225.52168129797545
2	248.4590499070662
2	248.46999433804066
2	248.52008138256022
1	250.54628095373408
1	250.57920079726676
1	250.72086482271865
2	294.2621386163086
2	294.2816329391011
