1	80.1867443538715
1	80.31687570872877
2	100.47826790593368
2	100.52949041529328
1	120.16674115155753
2	122.2495161874973
2	122.26373210841425
2	122.27824735687818
2	122.28405878855698
2	122.3446270597777
2	122.39555772427157
2	122.45491301019572
2	122.5221395792423
2	122.57059859382656
2	124.3607388124594
2	124.47019028758075
2	124.51476252530128
2	124.61236218115407
2	124.6620912049232
2	124.73151279160017
2	124.79589734572413
2	124.85383179649533
2	124.94179094831362
2	125.02354090952106
2	125.07416145950793
2	145.95105566294103
2	146.05499027218235
2	146.0961681491709
2	146.15523123120207
2	146.1553945986789
2	146.16166394622073
2	146.29947268040038
2	146.3589008134867
2	148.38057520094122
2	148.45127411243794
2	148.46461355387146
2	148.48493415578426
1	150.0797781968395
1	150.25303522924682
1	150.5929311677341
1	150.82363515273155
1	150.9104333380273
1	160.5193759486497
1	160.60542944453073
2	169.4169006395681
2	169.4911867056152
2	169.52487838865224
2	169.62271221400076
2	172.02152691944102
2	172.02478642711338
2	172.1507939231548
2	172.18999005711674
2	172.22566695913793
2	172.3166774150881
1	180.60825358285993
1	180.7575078570335
2	193.02007697526014
2	193.02695701662654
2	193.09819537777835
2	195.91155636218016
2	195.9928526984341
2	196.02314238090403
1	200.1722656469131
1	200.1797529624097
2	216.54155195294368
2	216.61076235881106
1	230.59280724551724
1	230.63519816597463
2	240.30086991899873
2	243.58250613314823
1	250.13335625464245
1	250.1608717006396
1	250.49364087017545
1	250.9465153997351
1	250.9917750096929
1	251.10794321575446
1	251.2481873338487
2	263.64747709164715
2	267.5627250366209
2	267.62808466076
2	287.2517501987861
2	287.3084406926085
