2	201.68941430545766
2	225.58085468866514
2	249.3914134750911
1	509.21448165305065
1	511.1127854155583
1	539.5990754732601
2	559.5550159649981
1	669.5346687418585
2	1108.1604298681418
1	1110.3535925310352
1	1171.8246041016419
1	1389.222151554462
1	1429.320905646135
2	1656.8766055798346
1	1705.269500793987
1	1721.3027262516684
1	1834.5038572049762
1	1972.5867480342583
2	2324.797014586706
2	2396.331224530875
2	2444.0663172574164
2	2444.156457334685
1	2542.6570222839446
1	2543.2337563855976
1	2551.2158705123115
1	2931.557579189312
1	2944.293817528506
1	3023.478470129328
1	3053.8333131802833
1	3161.69026487
1	3189.3020656032213
2	3207.429597782496
1	3339.8176577486
2	3493.772504512297
1	3514.8175181556885
2	3541.4055003360572
1	3641.8279761212834
1	3786.6084253075846
2	3803.894917406194
2	3827.7460523346904
2	4042.4144161374165
1	4240.516186965677
1	4340.626809666952
1	4398.305634968124
2	4447.936355173298
2	4471.796088150868
1	4636.81603421601
1	4656.50713270675
1	4764.6290544759395
1	4780.515256598073
