1	80.51699545928909
2	108.99677177310403
2	109.043036137216
2	109.13254719019028
1	120.3646088397558
2	132.92948230847335
2	132.97933139725612
2	133.02650654495142
2	133.03859300167272
2	133.16489728853995
2	133.22506020748136
2	133.2697886916565
2	133.29832945030967
2	133.3062502295146
2	133.38252004389636
2	133.42945855679798
2	133.50077268470298
1	150.60107877401143
1	150.78022116159448
1	150.7962732584237
2	156.85182469173571
2	156.99144057567244
2	157.0478223326323
2	157.13468550098554
2	157.17104283174845
2	157.171136402511
1	160.46688568321423
2	180.85659348146348
2	180.9173386244482
2	180.92953009346837
1	181.03093384114314
1	200.37532290570465
1	200.72869456041397
1	201.21441905067823
2	204.50149042221602
2	204.55618922827725
2	228.39702255131155
2	228.47886520576648
2	228.56667605811617
2	228.6197750477012
1	230.69555257256488
1	250.17498725053196
1	250.34846147086512
1	250.94512975341726
1	251.19577764975506
2	276.1282181061263
2	276.19569369651435
2	300.0137376002299
