2	133.81359444372922
2	226.74585717853344
2	249.92929655622467
1	509.39590271646824
1	511.17343963408416
1	539.6475992696568
2	551.8811734028939
1	669.5928047603671
2	1109.243901608658
1	1160.4564804132976
1	1171.9036358670974
1	1389.371119281075
1	1429.5066898136065
2	1666.6901544102461
1	1705.4140509822978
1	1721.410590732076
1	1834.605031238406
1	1972.588298441029
2	2316.918640184883
2	2409.867411947375
2	2409.8919277678083
2	2456.3360476770886
1	2542.6927384848627
1	2543.292427540299
1	2551.325077307805
1	2931.6320879310083
1	2944.3025762429234
1	3023.5661228422473
1	3053.8902664559273
1	3161.734789365183
1	3189.589036328611
2	3199.4813224515524
1	3339.7940833462035
2	3478.1893512490983
1	3514.866601596114
2	3571.116218849657
1	3641.875090541564
1	3786.632505248657
2	3803.4007155916734
2	3826.588134830034
2	4035.5949155754806
1	4240.502496474185
1	4340.6759870909245
1	4398.365448121027
2	4453.626855721455
2	4476.934749628048
1	4636.816866836043
1	4656.576721361602
1	4764.692296036947
1	4780.605562216414
