2	109.30572686118256
2	204.6375254256312
2	252.23138141768462
1	461.1001669181732
1	489.65554352020825
1	509.2853133157669
2	538.3074701872163
1	619.5558647272961
2	1110.2893619400497
1	1160.3663752377145
1	1171.6053656454917
1	1389.1647326512077
1	1429.3061990441724
2	1658.5526983455063
1	1705.2290530707749
1	1721.265030627497
1	1834.3625723064758
1	1972.220883636489
2	2325.9659734495776
2	2397.439361523021
2	2421.287917542416
2	2421.3745854084464
1	2493.3357390761435
1	2501.2837794431907
1	2542.449254265369
1	2881.584702409107
1	2894.3237609994844
1	2973.4703086587665
1	3053.4686748405043
1	3111.6731634567313
2	3183.951437930683
1	3189.2633209525816
1	3339.473123083871
2	3446.218684229832
1	3514.436665470858
2	3613.0658231745665
1	3641.521597593842
2	3779.92698961672
1	3786.2632522434965
2	3851.3446748803426
2	4018.205561381795
1	4190.5290579855155
1	4340.356877109204
1	4398.272558041461
2	4423.472646398474
2	4471.10917977172
1	4636.501185447933
1	4656.308425901666
1	4714.594877917494
1	4730.57144079625
