2	128.12888943840403
2	223.45898347173733
2	247.32674008961212
1	459.30387946769605
1	461.10446529379647
1	489.6372671449962
2	533.5774240022594
1	619.5963429424028
2	1105.9680949068284
1	1110.3808709514053
1	1121.7882563886835
1	1379.2803718732378
1	1389.1230877965163
2	1654.5130101102363
1	1671.4144961505838
1	1705.2451108580915
1	1784.5533206105142
1	1922.539475584017
2	2322.378191555492
2	2393.940101774275
2	2393.9749280941546
2	2417.715777197973
1	2492.688118038666
1	2493.184526476074
1	2501.319888675901
1	2881.6168132910652
1	2894.317573170353
1	2973.5836375545073
1	3003.9748172234104
1	3111.631271895979
2	3181.006630854274
1	3189.3442583490114
1	3289.761452721952
1	3464.8392734318245
2	3467.1761173019413
2	3562.6260408650282
1	3591.881886632707
1	3736.5117616759658
2	3777.2237092652767
2	3824.9647858870485
2	4015.6963526943464
1	4190.436353362959
1	4290.64403159779
1	4398.221810346894
2	4445.082970525085
2	4468.913084634557
1	4586.848642875909
1	4606.565977916874
1	4714.536857202757
1	4730.506815201462
