1	80.285077994522
2	120.24026059065848
2	120.30067602745554
2	120.37176875809037
2	120.45312946737431
1	120.52324339112617
2	144.11870517873461
2	144.1933259973556
2	144.26018111676564
2	144.35127885396832
2	144.38655826565778
2	144.44225710376327
2	144.50001106430045
2	144.5810967874572
2	144.62483622554117
1	150.26483703950228
1	150.35354066660045
1	160.39757891021395
2	168.13986988943813
2	168.35581280873035
2	168.40931895189215
2	168.4678838106189
2	168.50285802174778
2	168.54902047326405
1	180.74609689452976
2	191.955419420898
2	192.12727524504828
2	192.24940918953877
1	200.34319463365708
1	200.43775293771213
1	201.3809174768297
2	215.89803123743016
2	215.98034952871703
2	239.7516846420164
2	239.7635415616658
1	250.42280265981648
1	250.57563175296858
2	287.4924920855579
2	287.6199773206115
2	287.64429095075576
