2	110.4152458512625
2	226.96697083461018
2	256.1332564553025
1	509.1483704863609
1	511.1583601075876
1	539.7497181846172
2	547.6866462221366
1	669.5700728210593
1	1110.6574586982722
2	1130.8836039575715
1	1171.8400341754611
1	1389.406624230859
1	1429.3204414253178
2	1655.617986978061
1	1671.1726791756353
2	1684.806864542135
1	1705.3811986962548
1	1721.3918312226383
1	1834.5618082689793
1	1972.5235725260497
2	2326.2944216101146
2	2384.6187548620046
2	2413.7807757509436
2	2442.8992810917885
1	2542.6941306250596
1	2543.301647870145
1	2551.325776941642
1	2931.671663360746
1	2944.3237129908425
1	3023.530104565781
1	3053.8946469495368
1	3161.754154292933
1	3189.3688907872997
2	3200.973994733754
1	3339.7782695570377
2	3463.357966549367
1	3514.805979765618
2	3550.9569570482467
1	3641.8556261630615
2	3784.073142787802
1	3786.6386743219477
2	3842.369140997179
2	4046.4631741053745
1	4240.442980833951
1	4340.671699347344
1	4398.406095365487
2	4454.717887827025
2	4483.817276946405
1	4636.8425044564765
1	4656.47067347959
1	4764.617439953216
1	4780.6636817889985
