1	80.61498183664013
2	122.83650604988345
2	122.86581632472662
2	122.92422145162071
2	122.97399373384181
2	123.00107064632083
1	151.36269298858278
2	151.95282714454115
2	151.98820595410638
2	152.07525327179158
2	152.08675963988688
2	152.14744074452702
2	152.2119688575797
2	152.3276999798569
2	152.372472835059
2	152.41511810154682
2	152.46933085125917
2	152.4950202775722
2	152.59340213910457
1	160.55386354866485
1	180.95250161513505
2	180.97741054172945
2	181.01717957600846
2	181.03613648236131
2	181.12627479909
2	181.2396773963538
2	181.2776828993074
1	200.3361977790909
1	200.9175162785397
2	210.16863724815613
2	210.23042367911546
1	230.6926114768649
2	239.23194528019405
1	250.24460542396386
1	250.46835700770418
1	251.03063319769095
1	251.1088346211357
2	268.34212479538996
2	297.39408279171806
2	297.42496088642724
