1	80.19340559088744
1	80.41767129215897
1	80.55529048786939
2	95.28687645413287
2	108.23064482987242
2	108.29373445293865
2	108.38024660086252
2	108.45873898636634
2	108.51880669294898
1	110.25559408654078
2	112.19154414990196
2	112.27303270588203
2	112.37077606646436
2	119.32649004852406
2	119.39428494034837
2	119.42271769424464
2	119.55955421336452
1	120.19337221360026
1	120.44003758388436
1	120.44916699168263
2	132.28572763082173
2	132.32503753974234
2	132.39959487154857
2	132.48466145950078
2	132.57812878307553
2	132.59484462481032
2	132.5965512245061
2	132.67082378860988
2	136.04624782964675
2	136.0596071200793
2	136.09687461715166
2	136.1422899892504
2	136.222416173682
2	136.31535916967496
2	136.32135589966572
2	136.39391596140254
2	136.4847484780829
2	136.58152194878733
2	136.59735586566728
2	136.63862252139404
2	137.98364125343593
2	138.00736616389656
2	143.28789975179302
2	143.4181994207248
2	143.53363242672884
2	143.68647438360742
2	143.76440506218333
2	143.85036491343342
2	143.91479733855977
2	143.97857207913353
2	144.0571939067243
2	144.1494195116567
2	144.15885350440976
2	144.18240536410096
2	144.21247849482305
1	150.16790101946734
1	150.27256455874016
1	150.60958973965455
1	150.67873397129728
1	150.73630078637555
1	150.79921835749002
1	150.92262269521515
2	156.2748298141549
2	156.3290825513326
2	156.4256866733371
2	156.7188177896825
2	156.80729241699544
2	156.8376349155885
2	159.91994192088669
2	159.96896643584492
1	160.43581707561958
1	160.4773227918471
1	160.5931420527942
2	161.79095470856555
2	161.81570538015575
2	167.29880033015152
2	167.37376845063525
2	167.5622034582422
2	167.64707154125637
2	167.70031184573776
2	167.7832175484819
2	180.3587276509414
2	180.38492995845593
2	180.54694475222774
2	180.607242774751
1	180.6290012225673
1	180.77497287731057
1	180.8309714941356
2	181.24765594148025
2	183.77968641936823
2	183.79027402668493
2	183.93959005427894
2	183.94086877813075
2	184.0046344165316
2	184.0937255827349
2	185.5958422742294
2	191.52944421884004
1	200.1164693930042
1	200.34092266837163
1	200.39857916399455
1	200.59696508178965
1	200.61047404080253
1	200.8689252351776
1	200.91685503753297
1	201.34153539680364
1	201.372923915852
2	204.39118954641606
2	204.46256733188176
2	204.56406468603362
2	207.63459092715257
2	207.7142772675219
2	207.76249839051434
2	215.289026085089
1	230.65998472832064
2	239.4592272724735
2	239.5398314853002
1	250.06189817351355
1	250.1461388163302
1	250.59014909095222
1	250.78102585255888
1	250.84727125762933
1	250.8506964348176
1	250.92556603490723
1	251.088273152006
2	255.3311612657465
2	263.34957886135317
2	276.39607279682696
2	276.4713284621149
2	279.223913887795
2	279.2640212641865
2	280.78599608089155
2	287.32965814599044
2	287.4149125892385
