2	131.682723843908
2	144.77366273277158
2	236.85280407848956
2	243.9404703441635
2	243.9808344080724
2	259.9202535629033
1	459.2915481268686
1	461.12942205547745
1	489.6988674036597
1	509.45900441442194
1	511.25659840168714
1	539.7878951067904
2	552.5228915701088
2	559.0195493700963
1	619.6354654150389
1	669.5805521617215
1	1110.41520078132
2	1113.5862946544178
1	1121.8125833455179
2	1134.3764604658159
1	1160.586086001494
1	1171.9686601051894
1	1379.4237103048824
1	1389.2210615484478
1	1389.445174308697
1	1429.4370794769268
2	1663.6347020603748
1	1671.3942009873706
2	1674.6704020575403
1	1705.2417359499584
1	1705.5097090489385
1	1721.525780937173
1	1784.518568094898
1	1834.6471281681008
1	1922.4736935280087
1	1972.6666495110142
2	2347.884743430821
2	2354.0912224478893
2	2404.057323206363
2	2423.1273559274164
2	2423.2008653600997
2	2432.0691712584603
2	2432.1451717483915
2	2446.0765314860178
1	2492.8193145449027
1	2493.2850130378083
1	2501.315646253231
1	2542.815843105958
1	2543.392176620513
1	2551.3069014367625
1	2881.680635317927
1	2894.340074653016
1	2931.6474698218094
1	2944.422635400532
1	2973.6313052493174
1	3004.0693789272714
1	3023.704173489328
1	3053.825945916932
1	3111.6731786237688
1	3161.8477883812557
1	3189.350830186204
2	3189.4695468615832
1	3189.544976556232
2	3205.569896093611
1	3289.8203075906567
1	3339.9138018397475
1	3464.7746939060835
2	3470.0285849149145
2	3481.6695766543153
1	3514.9497425346
2	3554.220276435872
2	3573.7271732748154
1	3592.00907972321
1	3641.9882052881944
1	3736.586641710338
1	3786.74139105615
2	3803.837013521036
2	3806.6931402467
2	3834.756880517624
2	3849.919793129616
2	4031.0645324324755
2	4034.0239196100906
1	4190.577257179197
1	4240.6718730537405
1	4290.676208717241
1	4340.717417346817
1	4398.2788120445475
1	4398.512085957421
2	4451.917338884272
2	4471.260718430265
2	4479.920762655571
2	4494.233761264651
1	4586.868655271834
1	4606.124351477799
1	4606.620818515677
2	4620.250042220413
1	4636.837516671378
1	4656.622715697676
1	4714.5923408728995
1	4730.630536471171
1	4764.73636589862
1	4780.660161962825
