2	132.64059818482008
2	228.77994117399538
2	252.85349235307632
1	509.51446659794806
1	511.1843796158542
1	539.7148653694176
2	541.39178762904
1	669.6491171398188
2	1094.489348470422
1	1160.5756711246745
1	1172.0492211908224
1	1389.512715582438
1	1429.6270525122084
2	1671.6125202565886
1	1705.7869415647963
1	1721.5394285048385
1	1834.6925405313916
1	1972.7761389125735
2	2320.8631989991272
2	2392.965155325342
2	2416.9843057150824
2	2441.073785312109
1	2492.167148117424
2	2513.280008484192
1	2542.629781753974
1	2543.425697061999
1	2551.4229604566717
1	2931.6878281492845
1	2944.477015106591
1	3003.2853131766688
2	3018.237960527195
1	3023.7368497699335
1	3053.9012790676798
1	3161.878424012957
2	3186.5347432928893
1	3189.6918535735977
1	3339.9249752352816
2	3475.0563685821226
1	3514.963095344802
2	3571.2456155554323
1	3641.98815299482
1	3786.695000036865
2	3787.650867509946
2	3859.8317581723254
2	4028.0968686784267
1	4240.631042417054
1	4340.775063493474
1	4398.678641432912
2	4436.918356270556
2	4484.985966058802
1	4586.215512982756
2	4605.209466069868
1	4637.006923074405
1	4656.658357987148
1	4764.686330787353
1	4780.754475832091
