2	132.47909505857154
2	219.4971735039451
2	277.52897630398706
1	509.5230256000199
1	511.2601462497996
2	538.6111605622505
1	539.8212767544035
1	669.777107510596
2	1118.8306389219729
1	1160.4466641530103
1	1171.9806542947592
1	1389.4705868589797
1	1429.5717065475812
2	1669.9803864320209
1	1705.506864340026
1	1721.444962316342
1	1834.711591376646
1	1972.694626468151
2	2337.2365211312294
2	2424.293242247638
2	2424.3398587775973
2	2424.352071502369
1	2542.9201177075865
1	2543.4084559158587
1	2551.2964441971185
1	2931.7363146886078
1	2944.4845715553924
1	3023.715396223231
1	3053.934769405532
1	3161.8075263966603
1	3189.501087867209
2	3207.549786265263
1	3340.0384229825886
2	3468.705925467075
1	3515.0072639903146
2	3555.7595559009105
1	3642.0086573734325
1	3786.708102572652
2	3787.836143503786
2	3845.8451965762297
2	4019.8822675659558
1	4240.681537529465
1	4340.7949682478775
1	4398.563355380888
2	4426.023406175879
2	4484.080623092015
1	4636.925963609992
1	4656.669689659761
1	4764.805342641577
1	4780.733179567337
