2	120.04316785080886
2	213.68124510495525
2	260.4858141919562
1	461.55813374421047
1	489.7154490584867
1	509.5063404105331
2	541.2718156140666
1	619.5939298443985
2	1102.8239318932704
1	1160.5977255528364
1	1171.988561572375
1	1389.4200114915254
1	1429.5830498322132
2	1664.4079231983512
1	1705.59394284115
1	1721.4537295002003
1	1834.7402891464699
1	1972.5198327177295
2	2342.944261093842
2	2413.1368765848074
2	2436.611863276138
2	2436.658639739207
1	2493.6486884300516
1	2501.605372258982
1	2542.7948958342267
1	2881.7251900797114
1	2894.7341399658694
1	2973.7031626477274
1	3053.708969268647
1	3111.7809298682387
2	3185.317894233049
1	3189.720374756263
1	3339.728362478377
2	3466.155067159853
1	3514.6482774658443
2	3583.0994864774807
1	3641.7114741361365
1	3736.2656556930924
2	3770.3560203733964
1	3786.5836535338603
2	3793.693495382656
2	3863.939427011742
2	4027.753936639811
1	4190.653620770019
1	4340.633914052899
1	4398.672370709119
2	4448.874329720306
2	4472.254639368265
1	4636.753740514106
1	4656.553157104535
1	4714.828844679034
1	4730.81092943095
