1	80.3099292654208
2	106.27413959382805
2	134.41277705414387
1	150.15946251464197
1	160.5191157840348
2	162.52775191130567
2	162.60898556124434
2	162.70862888128468
2	162.74124818920146
2	162.82968151893138
2	162.86809528174516
2	162.95778300961894
2	163.051236658703
2	163.13648823022154
2	163.1399142316129
2	163.21545104857492
2	163.25181900125258
2	163.31709761147567
1	180.62973352847231
2	190.64813599355153
2	190.70624070650854
2	190.78229668199128
2	190.86875817661948
2	190.88205760571708
2	190.90400684739166
1	200.21823760795027
2	218.70451995878636
2	218.73822183129266
2	218.80172323016848
1	230.61414641076277
1	250.1814486451463
1	250.9701030308539
1	251.20370884982006
2	274.98381400489495
2	303.04162393498
2	303.0447574973371
