1	80.39547585782002
2	99.16376136753381
1	120.17106901592189
2	123.09247886900111
2	123.17450765298803
2	123.20884912715213
2	146.96720967127214
2	147.02156366076173
2	147.11274864152958
2	147.18361280863314
2	147.2335548846042
2	147.30177256662475
2	147.35602390288557
2	147.4276919013113
2	147.5542249938669
2	147.65326652620078
2	147.67416765212312
2	147.76828301573508
2	147.82869036681464
1	150.494929260471
1	150.66470016485113
1	150.6788234717497
1	160.41420424557137
2	170.93113803371244
2	171.02267728788388
2	171.10885872394303
2	171.15679001214852
2	171.21980937023105
1	180.21257650149082
2	194.81051424015126
2	194.87503912878879
1	200.48424540511067
1	200.49780877423902
1	200.65604963661127
1	200.77013530460124
2	218.71222120558812
2	218.7961943058185
2	242.7019301129965
2	242.7800719551588
1	250.1703637645838
1	250.713708537119
1	250.7507807729523
2	266.70020473325434
2	290.5716297674374
