2	124.28097834253857
2	240.79795365160703
2	264.1082365972971
1	461.2312046304461
1	489.71359658930584
1	509.3393209445623
2	543.7355151734732
1	619.7073913106674
2	1126.3595804493707
1	1160.2681095763098
1	1171.6263526920013
1	1389.2089507096782
1	1429.3534737537618
2	1662.1277789202893
1	1705.3619614006432
1	1721.3125967980134
1	1834.3126864603475
1	1972.27549061276
2	2337.821639919594
2	2407.6302501509585
2	2430.941969801593
2	2454.237164173164
1	2493.377274097552
1	2501.158946945866
1	2542.517465061166
1	2881.7330009217485
1	2894.417392912539
1	2973.6100369627616
1	3053.4544016679392
1	3111.7265637861483
1	3189.3587392495847
2	3199.8746817039337
1	3339.504199605659
2	3479.514939969881
1	3514.4516353061085
2	3595.9783156306994
1	3641.5190879753986
2	3782.3561961482096
1	3786.3982554206755
2	3852.3013189792814
2	4015.329655883391
1	4190.4728467389
1	4340.332973291371
1	4398.311306866769
2	4458.093698899148
2	4504.624212508263
1	4636.607934985372
1	4656.375955689383
1	4714.672182794105
1	4730.799037395437
