2	132.89077166601274
2	250.6708751021236
2	250.7500006958913
1	509.3701246868709
1	511.14588103097304
1	539.7246803522444
2	557.0689574269136
1	669.592068310671
2	1098.9327779750038
1	1160.4799548707986
1	1171.9006446165536
1	1389.3802047673341
1	1429.4632791449494
2	1640.8992767060454
1	1705.4052868333883
1	1721.315955394738
1	1834.5930166455205
1	1972.5465164956368
2	2347.720896069288
2	2418.4092978879685
2	2418.4262633796257
2	2441.9645068259697
1	2542.8007126447865
1	2543.3186266503917
1	2551.286016189348
1	2931.65026457624
1	2944.3348676100077
1	3023.6292809339343
1	3053.8859461984935
1	3161.6707030242706
1	3189.474497516979
2	3195.9146997892926
1	3339.865858699308
2	3455.104270227997
1	3514.7939949691586
2	3549.336720335568
1	3641.948195378939
2	3784.961037657323
1	3786.7276729525915
2	3832.0990167555237
2	4020.5454374294563
1	4240.574979996818
1	4340.71961443319
1	4398.386518577582
2	4468.228559714791
2	4491.851948058481
1	4606.265766103572
2	4633.207880980433
1	4636.895368818706
1	4656.500609846049
1	4764.645506537923
1	4780.619684932805
