1	80.16469592742926
1	80.19187376370343
1	80.5741415111548
2	106.88489310817336
2	106.93478581733002
2	107.0254318497723
2	107.02777173774804
2	107.06454718256262
2	107.08718289646335
2	107.1695658425946
2	107.18036115644917
2	107.18409585449302
2	107.24898244588847
2	108.64244783840317
2	108.64352272282868
2	108.65376925508765
1	110.61645896149167
2	115.12057934234757
2	115.15695873908376
2	115.22833314209413
2	115.23457157743982
2	115.31939524148106
2	115.3992071074881
1	120.18523449185257
1	120.31822760584063
1	120.37718535629645
1	120.56122869994033
2	130.74648611676653
2	130.7801976296269
2	130.8207656855794
2	130.82328892334183
2	130.91167820504933
2	130.95497443481807
2	137.00996193458482
2	137.02484631339664
2	137.06165213447227
2	137.152029701038
2	137.24265861866883
2	137.2970266536336
2	137.30257054318957
2	137.30587053959925
2	137.34043752880783
2	137.39924164924125
2	138.88204420983396
2	138.96476754392694
2	139.03496456573947
2	139.04050064793964
2	139.0955046508352
2	139.1766260567638
2	139.2482772075224
2	139.24978564266766
2	139.32959164460226
1	150.0878733743575
1	150.10399716483934
1	150.23177370291933
1	150.23580247894105
1	150.29441123298014
1	150.63845333389307
1	150.75227198297728
1	150.86250944781358
2	154.71057286279486
2	154.72522440386666
2	154.77309659869994
2	154.85998967413204
2	154.91073322789504
2	154.94942562906556
1	160.23692824724472
1	160.45866916046623
2	162.80311948782608
2	162.8274604344715
2	162.9132655291648
2	162.94501654478623
2	162.95625559417138
2	162.98784993977216
2	165.33966017442583
2	165.43343571971212
2	165.57877627819406
2	165.62121161731162
2	165.74261669881668
2	165.7819555076803
2	165.88151348757896
2	178.50161727149995
2	178.60613629542766
2	178.61275482144927
1	180.52859373701332
1	180.57823482784545
1	180.92042051005959
2	186.56018810040217
2	186.59257693014845
2	193.61942481631277
2	193.68843773531492
2	193.8086818396544
2	193.9795924699201
1	200.02881224267313
1	200.11616483256415
1	200.2146456458042
1	200.25019010577492
1	200.68764487599458
1	200.85011634591712
1	201.1757601282989
1	201.23070907155753
1	201.5216987291355
2	202.3794703058819
2	210.39459888221518
2	210.62178955522214
2	210.6575120376138
2	221.97511079968953
2	222.0349413886238
2	222.10998783388294
2	226.14898651662307
2	250.03487176187096
2	250.26414266054178
1	250.31049320531588
1	250.37883094186296
1	250.42218711919443
1	250.59987399566654
1	250.8706429265958
1	250.96500929965316
2	258.11704659785903
2	273.92283933011987
2	273.9522423700476
2	278.54055835215104
2	278.68900759619333
2	278.78522526042474
2	281.9831363837874
2	281.9909100488125
