2	105.71035502420625
2	205.4935225805482
2	224.8567596772859
2	229.38379855188177
2	248.6916249985896
2	253.2418043005176
1	461.0252725213
1	489.6219287955385
1	509.19220084745484
1	509.25347225075154
1	511.12872006463493
2	534.7662537592236
1	539.6098694680549
2	563.3405713567411
1	619.5716184345998
1	669.552285757922
2	1106.7687122560774
1	1110.4131572870922
2	1112.065874383306
1	1160.2956242537841
1	1171.6093218927429
1	1171.8218162199923
1	1389.1748699250459
1	1389.19797940995
1	1429.3304138051028
1	1429.3523039187169
2	1655.0487138414376
2	1660.7177950232247
1	1705.2534454723473
1	1705.294303970054
1	1721.2664774718419
1	1721.3185153040042
1	1834.421653903756
1	1834.5603941515762
1	1922.1630197919492
1	1972.232097612751
1	1972.5567737228207
2	2322.4353115515382
2	2328.618278308211
2	2393.9143538818857
2	2400.1756958491196
2	2417.752344105765
2	2417.83419081753
2	2447.884660392512
2	2447.9051942189258
2	2466.5189057881294
1	2492.521361993773
1	2493.3284723617
1	2501.3622841627985
1	2542.437032305719
1	2542.690496657868
1	2543.273366641898
1	2551.2059228651524
1	2881.653278432346
1	2894.3619652518805
1	2931.565085926812
1	2944.2561957564562
1	2973.5564025833532
1	3023.4972424082707
1	3053.4793457792925
1	3053.7769571899357
1	3111.2355390566067
1	3111.61796209679
1	3161.6589119850732
2	3180.4639080078296
1	3189.345602058663
1	3189.381385771863
2	3211.2720795251516
1	3289.292773987612
1	3339.5220603027797
1	3339.7730548092613
2	3450.655204118802
2	3466.468285400271
2	3473.8170420595643
1	3514.438648128386
1	3514.811963102361
2	3545.271522879104
1	3591.2762072111123
2	3609.562845506918
1	3641.5512716735093
1	3641.85884635779
2	3776.352170542745
2	3783.8510876808623
1	3786.267012750598
1	3786.559209496069
2	3831.5555847264745
2	3871.683250260531
2	3882.722354737085
2	4022.3507745968773
2	4038.4907682817598
2	4074.762259730258
1	4190.434998348508
1	4240.465747785466
1	4340.284891152757
1	4340.647473852643
1	4398.198195415584
1	4398.234115490531
2	4443.75145584282
2	4451.771446554201
2	4467.519005239696
2	4475.678588029025
1	4636.538512959232
1	4636.766377544101
1	4656.281735311397
1	4656.448102089654
1	4714.164428340936
1	4714.612320240112
1	4730.544581255016
1	4764.630703288209
1	4780.476512826828
