2	154.25973737267446
2	224.1520368246713
2	247.42160353259277
1	509.561402170662
1	511.307914138055
1	539.7713205608437
2	550.25551189784
1	669.5825105501287
2	1109.2590986568005
1	1160.7263055544959
1	1172.1540701398774
1	1389.6201481267274
1	1429.695232281164
2	1668.2458276637913
1	1705.8076706434322
1	1721.5227889594696
1	1834.6937566721358
1	1972.8006146795901
2	2320.42709817208
2	2413.6666708138355
2	2413.732465304351
2	2436.9233386227434
1	2542.969122941606
1	2543.4219844039203
1	2551.5227838480946
1	2931.7081461547773
1	2944.623561481269
1	3023.748384634038
1	3053.85241542765
1	3161.759926149046
1	3189.786241853751
2	3205.550894008965
1	3340.0953257002684
2	3461.8175208846233
1	3514.9693585821947
2	3578.2864039328383
1	3642.0206659856044
1	3786.7611798221187
2	3787.8769607639138
2	3857.7562081540163
2	4020.825589309661
1	4240.667618812944
1	4340.83982357646
1	4398.760921509797
2	4440.039471320139
2	4486.736529164177
1	4636.986575679912
1	4656.752209098128
1	4764.777521519364
1	4780.607964337441
