2	132.26866315267625
2	228.14293379635726
2	252.08536402613234
1	461.388717790126
1	489.58902190520655
1	509.38245515276924
2	539.6125522727048
1	619.608566243992
2	1114.5890341466982
1	1160.4647626859055
1	1171.7530636631839
1	1389.355497903871
1	1429.5744244221326
2	1665.7190604851282
1	1705.513074396036
1	1721.4112433771093
1	1834.6341913612248
1	1972.5058988831324
2	2336.562064291217
2	2408.3586141601463
2	2432.3406778040626
2	2432.362185008904
1	2493.5238216753974
1	2501.569710420216
1	2542.708598414149
1	2881.7309273159367
1	2894.5112859970363
1	2973.5987529828785
1	3053.596945765664
1	3111.6762862561345
1	3189.513137262942
1	3339.6609678281234
2	3462.5425017981706
1	3514.6625655613375
2	3582.378417420081
1	3641.776376276919
1	3786.4295684436293
2	3798.0376991539033
2	3869.8479639040975
2	4037.555287502008
1	4190.494650193502
1	4340.465012192559
1	4398.542870103521
2	4444.902957934359
2	4492.847591533732
1	4636.769422867201
1	4656.409010875651
1	4714.728475235814
1	4730.372411508766
