2	120.3795432504705
2	216.33580868274277
2	264.2499658993559
1	461.50076598742027
1	489.7326667953934
1	509.4860702273072
2	552.0129415535363
1	619.0955452764298
2	1103.442153245322
1	1121.4118858041359
2	1151.392438742127
1	1160.5271316998346
1	1172.0214904023453
1	1389.3946705272022
1	1429.4914251080374
2	1678.9158230912012
1	1705.6059257911636
1	1721.545612647135
1	1834.6298016636204
1	1972.5086586028556
2	2350.203512588762
2	2422.101200663231
2	2446.075498433665
2	2446.111525704943
1	2493.5565678323806
1	2501.5889929829323
1	2542.7690611635453
1	2881.8509802952694
1	2894.686162262296
1	2973.67703785722
1	3053.7234409054804
1	3111.765215650109
2	3189.3751829339562
1	3189.6887287317563
1	3339.7180058462673
2	3453.167062346346
1	3514.592642013686
2	3573.0176722399633
1	3641.6876778338547
1	3786.560531784539
2	3788.8180246952206
2	3860.717817659142
2	4028.5670714429552
1	4190.739800814703
1	4290.22428502446
2	4316.313799513002
1	4340.527921309052
1	4398.5792617129655
2	4436.113823037674
2	4484.12299334805
1	4636.768993767869
1	4656.487844049012
1	4714.8400618743
1	4730.733635040878
