1	80.49041494046087
2	120.86697392431665
2	120.90432616126014
2	120.96533054694564
2	120.99399832867567
2	121.09371778417731
2	143.9153798341546
2	143.92378387014563
2	144.01636826229898
2	144.01662866409623
2	144.11274053489402
2	144.16130923912587
2	144.25700234585594
2	144.28648468476285
2	144.4434112126635
1	150.66186429938472
1	150.66729659759235
1	150.81786250210993
1	160.9809986276686
2	166.91003565109264
2	167.0512699727961
2	167.11763705212556
2	167.13096374281545
2	167.22211278262185
2	167.39293271210664
2	167.42386311162548
2	167.51201567072806
2	167.60973443826475
1	180.8236790970453
1	200.88102283827536
2	212.81199103207553
2	212.84974910417316
2	235.92765281839286
1	250.1228021611744
1	250.46978558323434
1	251.06805509330698
1	251.15989375514494
2	258.7323503499353
2	281.8202850383445
2	281.87404537442103
