1	80.56903128692106
2	114.68694725451161
2	114.72167609635311
2	114.76874400054353
2	114.82004158870424
2	114.8439498768869
2	114.90285061994169
2	114.98441987015735
2	115.02505629166703
1	120.29128683695674
1	120.48441008501707
2	138.35320167843884
2	138.43071565461005
2	138.50662146788002
2	138.55207735409846
2	138.6377008837526
2	138.6775245522731
2	138.7750471980403
2	138.833793289467
2	138.92091934145915
2	138.99513129840176
2	139.03602048875814
2	139.05118998208874
1	150.7215028300756
1	150.81417502516976
1	150.96674311697046
1	160.66140399595605
2	161.96659181085636
2	161.97821212246328
2	162.0836007820975
2	162.14852120196252
1	180.91846686001708
2	185.61545451208653
2	185.7103070933796
2	185.71196469786364
1	200.14428595965524
1	200.93330956491275
2	209.26128007570168
2	209.33595600053152
2	209.3762635348265
1	230.73758118788356
1	250.2208806071788
1	250.6025635746944
1	250.94396801848723
1	251.1581499173361
2	256.46222471271994
2	280.1512296106212
2	280.2131290516956
