1	80.4659943389408
2	114.83755646504764
2	114.9359440831859
2	114.9400183844097
2	115.00608155479277
2	115.01430566414896
2	115.10210964617488
2	115.12278064646019
1	120.54829819057062
2	137.95255641900258
2	138.04792450916676
2	138.11706162096505
2	138.18319337605257
2	138.28168751539118
2	138.30919677617922
2	138.39084946673708
2	138.54194972426276
2	138.60461749418909
2	138.62139912040956
1	150.71070342829464
1	150.84985441521508
1	150.97634694548753
1	160.58921950601646
2	161.1785949560043
2	161.21979164807397
2	161.3988940098503
2	161.49487040071028
2	161.51899377774257
1	180.83399512876932
2	184.4855289105744
2	184.50310478578052
1	201.08191181023977
1	201.19354398739796
1	201.22189964736805
1	201.51885826385748
2	207.63266619062745
2	207.77814687650164
2	230.73321397730618
2	230.75103865553035
1	250.5334270249548
1	250.96993382597805
2	277.1946540259334
2	277.2889674255254
2	277.30054769352756
