2	110.36929441230973
2	113.30511359945943
2	126.09941342241407
2	205.76268716028275
2	209.2843635686187
2	221.35617861310908
2	245.1791923188991
2	253.39033559619804
2	257.36362590049004
1	459.226054281463
1	461.07197363077097
1	461.09533614927057
1	461.4961063377195
1	489.56927696427624
1	489.6381723707618
1	489.667068577745
1	509.2604408589601
1	509.52578622848085
2	531.0820914062203
2	539.4562385871327
2	545.3603704168796
1	619.5087592116408
1	619.5339021633386
1	619.6574444908472
2	1087.628730358145
2	1097.5030305535895
2	1102.7586996214368
1	1110.4837362171083
1	1121.8054934914157
1	1160.3386829978524
1	1160.6267584040695
1	1171.6493489738316
1	1171.9154691756944
1	1379.2996765678806
1	1389.1439559928904
1	1389.286010375152
1	1389.4584666018113
1	1429.3553007491905
1	1429.5683372876945
2	1650.5897432289344
2	1659.7114793259977
1	1671.465988410115
2	1673.5639015220593
1	1705.2341185558328
1	1705.2531814078138
1	1705.576513289451
1	1721.1997439183824
1	1721.3894870742467
1	1784.5431930292093
1	1834.369843394059
1	1834.532452629488
1	1922.2042215158958
1	1922.5438865740068
2	1937.6588643320113
1	1972.2926177505742
1	1972.570030699152
2	2317.5996712219167
2	2327.077232637506
2	2345.677755265603
2	2393.7590930431843
2	2398.627765468521
2	2412.9179896974065
2	2412.9455534630297
2	2417.8449669394354
2	2422.4392369920465
2	2422.443100056397
2	2436.705936011171
2	2441.756343755254
1	2492.855499926502
1	2493.2065184538756
1	2493.329782155421
1	2493.520168676687
1	2501.228889944551
1	2501.294517236541
1	2501.6748789644903
1	2542.506657123048
1	2542.8366165076113
1	2881.634579041859
1	2881.6998284535744
1	2881.7979967144497
1	2894.3032461273788
1	2894.3754679643093
1	2894.7385028486956
1	2973.4887070241116
1	2973.5974982843945
1	2973.6764102896336
1	3003.9133717844943
1	3053.4011361653993
1	3053.699403302861
1	3111.2151441966475
1	3111.576339054949
1	3111.7202591416367
2	3185.1595200888787
2	3185.8432734431385
1	3189.239563458702
1	3189.266960722901
1	3189.572114521941
2	3198.95623715481
1	3289.519114222022
1	3289.802439854668
2	3305.896560431686
1	3339.432645963695
1	3339.7152596931137
2	3447.3216952498447
2	3449.8715434271717
2	3460.999112357128
1	3464.7990032006037
1	3514.3505800417943
1	3514.7931751200717
2	3556.2871610664665
2	3569.9683620928045
1	3591.903428848288
2	3614.251204786623
1	3641.5436436055497
1	3641.731969323262
1	3736.535346978994
2	3780.9912803206985
2	3786.0017136343886
1	3786.2361568862384
1	3786.62708765715
2	3794.4421257487584
2	3842.1303756716975
2	3852.5805625298103
2	3857.9612423538897
2	4019.4324376343166
2	4026.0073573630016
2	4032.6567943229434
1	4190.509898810598
1	4190.5481739142615
1	4190.64551385799
1	4290.698188868977
1	4340.36294925804
1	4340.591049125781
1	4398.224266037756
1	4398.2328131081385
1	4398.652541497464
2	4424.6089533383665
2	4434.1283114922
2	4461.381618347294
2	4472.226966488819
2	4482.153513070047
2	4485.346384391857
1	4586.8037689919975
1	4606.56648830745
1	4636.569921615957
1	4636.809861199048
1	4656.306589599577
1	4656.517335146784
1	4714.149727735526
1	4714.646556224256
1	4714.657570749207
1	4730.4796442614015
1	4730.516889134191
1	4730.777243319473
