2	130.0108401959742
2	200.97419939054964
2	248.29666011176104
1	461.46840238863695
1	489.74917318036483
1	509.34460670357504
2	555.6758997228137
1	619.6941704608083
2	1123.2890509411645
1	1160.4665607972026
1	1171.9099921250083
1	1389.423125324195
1	1429.5309229966456
2	1667.2253472764894
1	1705.5712661584787
1	1721.42012770543
1	1834.637341286867
1	1972.5473237739366
2	2352.9807691604365
2	2424.0186676427757
2	2424.060376102131
2	2447.65654423381
1	2493.519215340919
1	2501.575301439827
1	2542.7251412788646
1	2881.7227704563793
1	2894.5298599386365
1	2973.7135051996074
1	3053.5821019836353
1	3111.809438243886
1	3189.56837606059
2	3204.4013039215247
1	3339.8068157828557
2	3464.5770405534718
1	3514.6514020109744
2	3559.1158113662605
1	3641.758569385105
1	3786.439863926391
2	3795.6609659640512
2	3842.9556738947854
2	4008.472499209093
1	4190.649853102681
1	4340.532808731859
1	4398.592612260235
2	4434.168908738579
2	4481.480648721761
1	4636.64537531925
1	4656.507617777005
1	4714.130552467569
1	4730.649839185252
