1	80.48826817269007
2	97.78094622294965
2	126.66923199772319
2	126.68720758613037
2	126.72007843031494
2	126.77428699501813
2	126.83411409432998
2	126.91785343048304
2	126.98896536594656
2	127.00844961758987
2	127.04089312784272
1	150.47194268475198
1	150.72775882417068
2	155.59560769689864
2	155.64943049675557
2	155.67145153441467
2	155.69090909586387
2	155.74377567175242
2	155.90191069809072
2	155.9361981538819
2	155.95878470757137
1	160.6378294580396
2	184.48834771734073
2	184.52500964272912
2	184.5998920531832
2	184.69224301267397
2	184.77178758415894
1	200.13446404253912
1	200.78086340867776
2	213.39864365515442
2	213.40527283476024
1	230.72617012076262
2	242.31136436159642
1	250.17182149859408
1	250.56052410329298
1	251.0036244796899
1	251.14937903194365
2	271.23869403395116
2	271.2707840331023
2	300.0816203832738
