1	80.60694039850216
2	130.74444565262104
2	130.8069751520556
2	130.87704044158178
2	130.9499755184995
2	130.97125298714334
2	131.01810408152352
2	131.0547053126478
2	131.07694905145985
2	131.13458119085627
2	131.20158272447884
2	131.26612388647848
2	131.31363239143488
1	150.3595372654568
1	151.34218628512824
1	151.44338262305266
2	160.01255250460397
2	160.06272233426873
2	160.1103302874014
2	160.220860993451
2	160.28311533191467
2	160.3145597931402
2	160.37633484526236
2	160.420129728688
1	160.57979984858318
1	180.8882549006099
2	188.93284721843534
2	188.99509048224195
2	189.11307017446103
2	189.12391135384996
2	189.1240390250984
1	200.3129943235858
1	200.84284800339813
2	218.04502929359882
2	218.0940322366711
1	230.71051335872235
2	247.30120887523222
1	250.27362261103792
1	250.4574546355171
1	251.11505583279188
1	251.18556450408525
2	276.24432399638556
2	276.2845082047793
2	276.30707248316264
