2	147.56262814403155
2	154.22075331505147
2	157.8569797784207
2	215.77280276368836
2	219.36130915269786
2	239.37619981194172
2	243.30037044779857
2	267.82449095206744
2	273.83974019553153
1	461.25589883115777
1	461.43731073261773
1	489.6929265539153
1	489.7388122353989
1	509.4408846869189
1	509.5078107024405
1	509.52967494410905
1	511.1661148907062
1	539.7185354216142
2	551.8732798067044
2	554.2866816712205
2	563.8007573338988
1	619.2116500392187
1	619.6311083285458
1	669.6767963933299
2	1104.5261144691988
2	1114.7144199918964
2	1119.883975441296
1	1121.5057529074677
2	1152.413832249801
1	1160.476087234062
1	1160.542440659996
1	1160.572847732057
1	1171.7787658443026
1	1171.8430319850418
1	1171.9327841241914
1	1389.3757996631373
1	1389.4634769609727
1	1389.5095843647186
1	1429.3956357283423
1	1429.4119106071148
1	1429.536390610924
2	1659.5139212790793
2	1665.726337018983
1	1671.109068253155
2	1678.593699893239
2	1702.6007983720874
1	1705.3736243773344
1	1705.5655218582028
1	1705.5867644770303
1	1721.324609752584
1	1721.4445675631096
1	1721.5857735587851
1	1784.2977496921212
2	1822.1450736059467
1	1834.4728882562488
1	1834.5893433387762
1	1834.6782056967756
1	1922.2908010642445
2	1965.6820913163012
1	1972.4554074720756
1	1972.5425847370975
1	1972.6326248239882
2	2324.5013598870873
2	2332.6044321261993
2	2341.2026275638405
2	2396.2844001638887
2	2398.0228245963212
2	2398.0520129874203
2	2419.6252215332242
2	2420.237670355234
2	2426.3878783262044
2	2444.1139425884726
2	2448.645169647102
2	2448.751370937881
1	2492.619320020552
1	2493.344036175888
1	2493.478131196942
1	2501.39889913621
1	2501.5160569867076
2	2515.8861669613216
1	2542.6248701895984
1	2542.704055193777
1	2542.7972687970378
1	2543.3354760354096
1	2551.3885366891955
1	2881.7149598067667
1	2881.803035544789
1	2894.430909638213
1	2894.5923410785485
1	2931.6676939677723
1	2944.3277100363803
1	2973.2915254488535
1	2973.6451194121737
1	3003.3996565805305
2	3018.2993622335025
1	3023.641195236752
1	3053.560839623554
1	3053.640631000487
1	3053.8690520029136
1	3111.221871415716
1	3111.7314062966184
1	3161.8355065140377
2	3185.71451871672
1	3189.5217832236517
1	3189.5833467388247
1	3189.5941798615054
2	3193.3215233617093
2	3202.4966985991623
1	3289.512279741705
2	3305.3527603812104
1	3339.6080361569566
1	3339.698699294571
1	3339.9181589369023
2	3448.851321531874
2	3463.4785590575448
1	3464.2995984750924
2	3472.758552066216
2	3477.327898536473
1	3514.5440007232633
1	3514.6271770547323
1	3514.827381189701
2	3544.5586883706064
2	3562.5628706634975
1	3591.413527574354
2	3616.3591388467626
2	3637.523020713634
1	3641.657137620633
1	3641.704112971475
1	3642.016993107812
1	3736.306743697393
2	3759.892087335009
2	3782.504729159059
2	3783.815045728678
1	3786.4534487725546
1	3786.524476393793
1	3786.732978435955
2	3789.696109433924
2	3846.511735023585
2	3855.5474104439945
2	3869.4934472018253
2	4017.006912502673
2	4023.0647495454286
2	4043.4562391881955
1	4190.104287153288
1	4190.542378183457
1	4240.558014429342
1	4290.389321466885
2	4310.055314281464
1	4340.442696244479
1	4340.511728526009
1	4340.795249699331
1	4398.340328092854
1	4398.496049519515
1	4398.633253380576
2	4443.035449527125
2	4449.416559612093
2	4453.636947935748
2	4471.403133211655
2	4478.381652649746
2	4501.442242198657
1	4586.270494934393
2	4597.200240060248
1	4636.615044674568
1	4636.697476962729
1	4636.84789306314
1	4656.34744750087
1	4656.428201604035
1	4656.617263038997
1	4714.399749707473
1	4714.68433811467
1	4730.724590822922
1	4730.7929894724575
1	4764.800814056113
1	4780.604446828476
