2	115.6225887471529
2	206.6084937245788
2	252.07369845485314
1	509.54710806821834
1	511.26466664891876
1	539.8029700252912
2	547.6547075746784
1	669.6618671124722
2	1116.1876952746138
1	1160.591134542801
1	1172.1513911503118
1	1389.6193711894693
1	1429.6451007679698
2	1661.8988136775843
1	1705.7569455119492
1	1721.5867328132765
1	1834.703651022173
1	1972.7638601969302
2	2344.129695610484
2	2412.330586584588
2	2412.4156662636096
2	2435.168712931795
1	2542.993117722999
1	2543.3869333565917
1	2551.516220065957
1	2931.8046234738094
1	2944.5627279940845
1	3023.7681440719125
1	3054.016422349823
1	3161.889728271996
2	3185.5401072379595
1	3189.736653322007
1	3340.0302640105606
2	3481.1107751462246
1	3514.9994442439706
2	3549.364294674896
1	3641.871642845131
1	3786.8343430615855
2	3799.4870293452327
2	3845.0008293278424
2	4026.897519824344
1	4240.7153672011045
1	4340.903578314998
1	4398.874541528028
2	4458.924895832976
2	4481.715977685676
1	4637.073947468747
1	4656.679523228945
1	4764.784773313879
1	4780.784804776273
