1	80.49654058028852
2	137.54855733902338
2	137.58995936350883
2	137.6443439239826
2	137.70615535416275
2	137.77547680915524
2	137.79764231729078
2	137.8393684343662
2	137.83984297477724
2	137.93123135652465
2	137.93465114422577
1	150.40955668583356
1	150.69772155930127
1	151.33089753876925
1	160.65786150996723
2	166.17718183682229
2	166.19312825165585
2	166.20487013546528
2	166.29953511837442
2	166.34194607271453
2	166.47447744696655
2	166.53345818256463
2	166.68650100890653
2	166.77534929306668
1	181.09483980300388
2	194.82501881455505
2	194.86601523567546
2	194.88374269725867
2	194.91462465143175
2	194.92369163381096
2	194.95690843286343
1	200.3511444695126
1	200.8026980568939
2	223.3019970838052
2	223.37737223582752
1	230.7178002139654
1	250.3032860266413
1	251.02102330601605
1	251.23198508608513
2	251.91229178857117
2	280.4756584401345
2	309.1227032606867
