2	116.03853486517008
2	132.05261577917616
2	133.57496047054417
2	225.58963583349302
2	228.83323212978178
2	228.8348870300803
2	235.3440478223035
2	248.92397464623363
2	259.2143919464551
1	459.2783922163255
1	459.3193092387292
1	459.40252470471626
1	461.05212572225406
1	461.07693587412354
1	461.2047836489911
1	489.56433161834326
1	489.6243591298125
1	489.6620951919831
2	538.4496005419172
2	545.3998277478653
2	552.707829687669
1	619.5347311212327
1	619.5619233691552
1	619.6408916747089
2	1110.231570639122
1	1110.3708393612474
1	1110.4134445064267
1	1110.5037599096931
2	1113.5361038629785
2	1117.8102077225394
1	1121.8558866844623
1	1121.9152204785212
1	1121.9675926815864
1	1379.2561655903437
1	1379.3470451749783
1	1379.3850955902496
1	1389.133795348766
1	1389.2613353720155
1	1389.3338365943114
2	1642.5200967136523
2	1651.0648086681913
2	1658.0447742634062
1	1671.420440848932
1	1671.5295257491632
1	1671.626071903918
1	1705.218910049651
1	1705.2205470624983
1	1705.2821185459945
1	1784.5356278148167
1	1784.574200173362
1	1784.608683753722
1	1922.455249574085
1	1922.5983493495435
1	1922.624438086708
2	2325.0361816736026
2	2328.7644535599375
2	2334.137140969066
2	2396.4406224400145
2	2396.50270116123
2	2405.767373312492
2	2405.828659428843
2	2422.2520322464948
2	2422.3506479692605
2	2429.591333370655
2	2444.1627231635794
2	2445.577666172458
1	2492.740912817782
1	2492.8772372652447
1	2492.964037207349
1	2493.1716690876747
1	2493.22518708804
1	2493.325702031676
1	2501.312075203368
1	2501.36801961242
1	2501.455896832313
1	2881.5617861550986
1	2881.642662727488
1	2881.708834702289
1	2894.318116978613
1	2894.334834139172
1	2894.427160406059
1	2973.607204308643
1	2973.6757996719084
1	2973.6802765473626
1	3003.9583260382683
1	3003.9830634093496
1	3004.034605339619
1	3111.6557326034285
1	3111.7403778910093
1	3111.7410265610156
2	3182.5482045578115
1	3189.2184549679964
1	3189.3047570464305
1	3189.365556606917
2	3192.793474203862
2	3216.7698376652256
1	3289.777377870742
1	3289.871508197037
1	3289.9132502008915
2	3444.570987203434
1	3464.755601924187
1	3464.787181324566
1	3464.8338094623155
2	3473.870355462668
2	3479.030973912186
2	3539.8292080541446
2	3567.2775664930505
2	3574.391707622696
1	3591.868450914043
1	3591.927511453086
1	3591.9982770157467
1	3736.5342891068904
1	3736.6281401139054
1	3736.6342221520767
2	3778.1023125383877
2	3789.0532367339997
2	3800.9754772298966
2	3825.7422899905146
2	3836.8071689073295
2	3847.717260585953
2	4003.7378801720406
2	4034.6768022203605
2	4040.0707101943462
1	4190.479947000543
1	4190.498973310011
1	4190.5625243985405
1	4290.705347849311
1	4290.772940420986
1	4290.787031433977
1	4398.186560333504
1	4398.28419033034
1	4398.370729518835
2	4444.998387661883
2	4456.926984990259
2	4468.825909984557
2	4478.700664566713
2	4480.723957361554
2	4502.04939366461
1	4586.8259250908095
1	4586.906718516259
1	4586.950421517016
1	4606.53071187593
1	4606.574755156318
1	4606.578983898818
1	4714.519562903683
1	4714.62076630983
1	4714.7230940749505
1	4730.509647997406
1	4730.528967057107
1	4730.5500095182415
