2	146.8583463767479
2	237.25302830251744
2	259.8687130481286
1	509.28935237956847
1	511.1617602787555
1	539.6409254059654
2	553.7432022990537
1	669.5417260724175
1	1110.4734402089473
2	1118.8371141158916
1	1171.8593673373348
1	1389.269896749435
1	1429.2961756133773
2	1661.3553045749152
1	1705.3501340490636
1	1721.3781966325084
1	1834.5386698904465
1	1972.6214585614443
2	2316.916216210833
2	2407.404592146288
2	2407.429976418035
2	2429.9900995516837
1	2542.713992289853
1	2543.246259737202
1	2551.3100281086067
1	2931.645862101235
1	2944.3351691450807
1	3023.598796612893
1	3053.8193912654465
1	3161.8097107374188
1	3189.3940676284737
2	3198.565275504498
1	3339.802389392221
2	3469.81159402236
1	3514.815017822576
2	3560.2625141028852
1	3641.9429114813893
2	3786.2466863114923
1	3786.614093978432
2	3831.513639415429
2	4034.9678598611613
1	4240.504030748885
1	4340.666203860489
1	4398.275450141669
2	4441.825972864618
2	4464.421666665201
1	4636.821098697791
1	4656.551419860622
1	4764.6673060166795
1	4780.540240233784
