1	80.55977387111409
2	99.73183029047628
1	120.42651493189943
2	123.7219419219407
2	123.81396591491544
2	123.81534918873184
2	123.85495395265515
2	123.94268355217002
2	124.10654886939388
2	124.12292706515704
2	124.16356924823545
2	147.73427378759442
2	147.86463859681234
2	147.93765934073602
2	148.03257486674082
2	148.1068436542872
2	148.197907741304
2	148.2426615872956
2	148.34168554575876
2	148.45767172465358
2	148.5360613881315
1	150.71973197488495
1	150.81379325944891
1	150.90380687893403
1	160.53441238728138
2	171.75681631465696
2	172.02490622969336
2	172.08106643528333
2	172.08944167787584
2	172.10029746406113
1	180.77573467310435
2	195.8376490698238
2	195.8625662273736
1	200.56694994418623
1	200.812587404624
1	201.38879046173238
2	219.93643560660595
2	243.90776667569406
1	250.56758097699566
1	250.7766811333526
1	250.83389695709127
2	267.7921656890447
2	267.84305322301356
2	291.8854959304865
