2	146.08908146220057
2	232.8004674130061
2	261.7164222225916
1	509.46357542005575
1	511.1665965340684
1	539.6770851945092
2	550.6561078793242
1	669.6511518038922
2	1099.7717872188148
1	1160.5688336413866
1	1172.0078318848525
1	1389.4524846237048
1	1429.569905982504
2	1648.932129270954
1	1705.6264298259448
1	1721.4712339369842
1	1834.7092685446978
1	1972.6833441020262
2	2342.4855459613404
2	2400.252370202261
2	2400.2891259172216
2	2429.220923131108
1	2542.8050214868313
1	2543.314448433625
1	2551.3349431837873
1	2931.66442927467
1	2944.352280210486
1	3023.5218344768523
1	3053.8097837524006
1	3161.7721684200487
2	3180.5491066115496
1	3189.550033047103
1	3339.8432982877193
2	3469.539137720672
1	3514.8245279483062
2	3556.2989156440403
1	3641.9323226017846
1	3786.57154007566
2	3787.5042802769553
2	3845.213724438286
2	4018.6479280948292
1	4240.524755751115
1	4340.642305696615
1	4398.701365185785
2	4452.149430575002
2	4481.0497803533835
1	4636.923923135014
1	4656.576024421889
1	4764.650781798526
1	4780.515935939628
