1	80.44350359253863
2	115.86922952696541
2	115.8748332154935
2	115.9016918949637
2	115.91214621623756
2	115.93292907748356
2	116.01815173743906
2	116.10881812716369
2	116.15895021827782
1	120.21998923438585
1	120.55036923723141
2	144.32801762821052
2	144.34170631315467
2	144.3757915496166
2	144.39445531420716
2	144.4827431782059
2	144.5608915362828
2	144.57495403062853
2	144.65123799250645
2	144.71505852763428
2	144.79488651965988
2	144.8598440497341
2	144.9229362150262
2	144.94081840219522
2	145.00693588481133
1	150.69828886926715
1	150.7638973082425
1	150.7825516650012
1	160.64296697295288
2	172.91765604790405
1	181.24365258968263
2	201.1832923277359
2	201.1878362785242
2	201.22762945377633
2	229.4949082406073
2	229.88320606019104
1	230.71417671364296
1	250.25501793462658
1	250.44057951668256
1	251.05791085097198
1	251.20152970886758
2	257.93778307163075
2	286.3074330667189
2	286.37512673500163
