1	80.63130118560802
2	106.33376197979211
2	129.1927673446407
2	129.19960782760407
2	129.24923140738733
2	129.32009292426096
2	129.37662292304472
1	150.78614134298962
1	151.05264023427046
2	152.13132226879384
2	152.18721670074416
2	152.27009990871093
2	152.27761161955922
2	152.36646315938603
2	152.47184558313688
2	152.53719850764523
2	152.53788008372797
2	152.57959373870824
2	152.62337239065982
2	152.7158291135655
1	160.7950415043621
2	175.2395303092867
2	175.3027213525683
2	175.41048855562988
2	175.4506724638848
1	181.04530331395068
2	198.04570516219496
2	198.15422631463355
2	198.22848962518196
1	200.1684848530352
1	201.34056234592936
2	221.09914385728362
2	221.18388758788487
1	230.9178479365976
2	244.09225027368123
1	250.43471462868825
1	250.49925203235702
1	251.0677356028267
1	251.4209585824361
2	266.82630967114005
2	289.69360845753744
2	289.78351972328716
