1	80.17140020064143
1	80.26176416957473
1	80.40609499541645
2	94.50444383538597
1	110.36144125719123
2	117.30304392118128
2	117.39321741659116
2	117.47922797523432
2	118.40424411477264
2	118.49572490045799
2	119.00704490690175
2	119.02027243870855
2	119.10499787747078
2	119.14872266219778
2	119.20389436259849
2	119.23172889357004
2	119.27267751903898
2	119.28336832226498
2	119.28395552063621
1	120.17506933823302
1	120.20633871616886
1	120.23036522804743
1	120.37193552775459
2	141.27054429345415
2	141.36913817253642
2	141.46087334599284
2	141.52665152894463
2	141.57594336271788
2	141.61062087143065
2	141.64200337973023
2	141.69315543890727
2	141.7619800410292
2	141.77080910957582
2	141.80088127526798
2	141.88317422739115
2	141.94937993044476
2	141.97252618417534
2	142.19402304104958
2	142.23380217677874
2	142.25187733233497
2	142.2763921868649
2	142.32294308264144
2	142.40750918741648
2	142.45424837011512
2	142.55260444780185
2	142.6397931131081
2	142.71791841802954
2	142.76510867150287
2	142.83759782488832
2	142.8498509796246
2	142.90556156191025
2	142.9961070663616
2	143.02176431757533
2	143.10922454106992
2	143.1309458390321
2	143.17090736135697
2	143.26805368022485
2	143.3077168818438
2	143.39385651108898
2	143.4641809046014
1	150.03229638299982
1	150.13126192053693
1	150.21420765414734
1	150.27687838959505
1	150.53913948852204
1	150.64352310364075
1	150.71984229976383
1	160.2075875096733
1	160.4084093977752
1	160.59703086723084
2	166.05045897798632
2	166.14728983622183
2	166.21686425560245
2	166.28067668423483
2	166.36683054864315
2	166.43222863967398
2	166.4580603356937
2	166.59046254510076
2	166.77629657344667
2	166.80806220601178
2	166.82246221377207
2	166.8565369392074
1	180.36629779565286
1	180.61636065499107
1	180.70139707191927
2	189.19433099966804
2	189.23344175667
2	189.25935764599922
2	189.28765700696363
2	189.30887756586313
2	189.32566246485487
2	189.99692051059398
2	190.42223699425793
2	190.44295356087355
1	200.06703134802262
1	200.19892689645
1	200.28141531884754
1	200.51013358726692
1	200.68812977518584
1	200.8569567275502
1	201.24083010178853
2	213.13113279693908
2	213.19552799026187
2	213.28740035214045
2	213.36540176303168
2	213.68725479981143
2	214.2832094419222
2	214.44711859482038
2	214.51755281292378
1	230.64013686285708
2	237.65836965621696
1	250.14134426281487
1	250.22039640628768
1	250.33852671580712
1	250.3905013364049
1	250.47954184014407
1	250.54423821235304
1	250.988903477348
1	251.2560501692381
2	260.97415065390186
2	261.0595180402063
2	261.26117203405715
2	261.9424387363969
2	261.9910147946395
2	285.0116160775129
2	285.1200824360475
2	285.85029331801013
