1	80.14180233043513
1	80.49535964918604
1	110.66778573974446
2	121.89905811197357
2	121.9249936348724
2	121.94652367484969
2	122.02846578210301
2	122.03857073792801
2	122.06390858112084
2	122.07664611198145
2	122.14817787999772
2	122.20806970629434
2	122.26932129582678
2	122.32949070716046
2	122.38704969722693
2	122.41629284393015
2	129.6534104353069
2	129.73401193266318
2	129.84842521267495
2	129.92643350126338
2	130.02574458077967
2	130.1056708036857
2	130.151972371142
2	130.19578690750296
2	130.24503781562603
2	145.76263455181564
2	145.80929675065912
2	145.89769657657084
2	145.91241486464241
2	145.9770463890066
1	150.1181247034211
1	150.21321508782725
1	150.35708210373747
1	150.7768585597446
1	150.89919334367536
2	153.15179216294192
2	153.19664954075319
2	153.21680184802136
2	153.31016889137473
2	153.43301844835813
2	153.44740074431107
2	153.52245431773812
2	153.61391047469897
2	153.64654814305737
1	160.65376436466045
2	169.56983512159422
2	169.5998544601706
2	169.66601741989592
2	169.71604628799233
2	176.45110183858148
2	176.48821076208503
1	180.67155622977063
1	180.8774943628932
2	193.42212101803761
2	199.64943695173383
2	199.85377126414147
2	199.8835605789765
2	199.98119125872685
1	200.16702376098078
1	200.2417054672586
1	200.89209694534244
1	201.11666202198404
1	201.2375107516872
2	217.35296791520383
2	217.3951384277423
2	222.97693135965778
2	223.04511046490086
1	230.6795394833704
2	246.26399844204187
1	250.20904864208126
1	250.29185670869637
1	250.4846555823712
1	251.02266100454946
1	251.1784553242929
2	264.97964829642893
2	265.0127198215777
2	265.0871510276572
2	269.68120562947155
2	269.7351966506591
2	293.045798996755
