1	80.44941055253486
2	110.27452238726731
2	110.33601193921808
2	110.40081112755445
2	110.4101998252024
2	110.44159678228687
1	120.4937876901052
2	134.2847771710542
2	134.3694279347429
2	134.3886965418673
2	134.46197186478165
2	134.52066728258598
2	134.55337236909247
2	134.57192064214422
2	134.60852591886888
2	134.661394585188
2	134.707662439902
2	134.76584523586808
1	150.62138659053693
1	150.73078739441243
1	150.77114645449248
2	158.49900725179648
2	158.60603352823279
2	158.83088512227823
2	158.93029512210566
2	159.0090554228281
2	159.07737460139836
1	160.45028583650281
1	180.79149565127702
2	182.36465646338175
2	182.43032670693583
1	200.63942015904516
1	200.77906331111782
1	201.3458272863927
2	206.38920255724057
2	206.41511627444814
2	206.48687992083754
1	250.10884077546146
1	250.75102200347035
2	254.47843310963066
2	278.54756888834504
