1	80.27635530184988
2	119.98068584301156
2	120.07963240664942
2	120.11565531903729
2	120.21297940195477
2	120.23909066146548
2	120.30661510460241
2	120.3976154737226
2	120.48359468508801
2	120.49248721802614
2	120.52962023195528
2	120.55223835169903
1	120.64826258022094
1	120.67163077790353
2	143.24522318200647
2	143.35198989760553
2	143.404349831691
2	143.41253646772373
2	143.48663707122267
2	143.55345113173243
2	143.58756910059049
2	143.6543441514135
2	143.7205770261503
1	150.1399604032977
1	150.25504189932673
1	150.3600387168908
1	160.53171590591842
2	166.45068307369687
2	166.47372020899027
1	180.6711797169587
2	189.69037237760543
2	189.74148915324514
2	189.89457840099666
2	189.99385627148698
1	200.2396076493584
2	213.0083117715573
2	213.04667602883512
1	230.66243662376428
1	250.17257401229972
1	250.99113360105133
1	251.1400242825138
2	259.4560078116514
2	282.68087110302827
2	282.7071576297255
