2	143.72177837352382
2	215.11822799786938
2	262.72240201990036
1	509.38841513863105
1	511.0978992131661
1	539.7704478008876
2	548.414959202871
1	669.567244795386
2	1096.0615750726683
1	1121.4779207057638
2	1143.6577408032367
1	1160.4827506233253
1	1171.9993320479557
1	1389.4569764489459
1	1429.3839961992367
2	1667.3709186509222
1	1705.5447797694978
1	1721.3616627331212
1	1834.5765759281073
1	1972.6467685533248
2	2333.9538069806777
2	2405.364679266666
2	2405.410913143041
2	2453.040963123812
1	2542.8081863900834
1	2543.302062511867
1	2551.3553582333966
1	2931.600874109407
1	2944.3820392206503
1	3003.3267346302273
1	3023.5969046416667
2	3024.337760501238
1	3053.849922627471
1	3161.7425547957378
1	3189.6202184542744
2	3191.0718955468146
1	3289.3734150632736
2	3310.0787126163177
1	3339.828354517088
1	3464.3367054682635
2	3476.7002014604514
2	3476.761004655803
1	3514.91546578728
2	3548.131661116533
1	3591.371625466087
2	3595.737594812835
1	3641.8082892724146
1	3736.1841398611637
2	3762.3801889751007
1	3786.6114715058998
2	3810.0203907977325
2	3833.8067103344597
2	4024.2967694550043
1	4240.5235458097995
1	4290.2789496681135
2	4309.905927982898
1	4340.667861252389
1	4398.630185394237
2	4452.838645510899
2	4476.594196841871
1	4586.384684221946
2	4595.602865252659
1	4636.878946507174
1	4656.576586661007
1	4764.621671078128
1	4780.559763717934
