2	138.66024926323004
2	231.21750470821402
2	254.413306295426
1	509.5768987811343
1	511.26444201206453
1	539.7734125915126
2	555.2254596907306
1	669.6864232026093
2	1110.7880671418827
1	1160.696569745626
1	1172.1434582308261
1	1389.5797994081342
1	1429.5913642738751
2	1666.2107655811299
1	1705.787201243119
1	1721.5481095755981
1	1834.6947936203803
1	1972.7882235643958
2	2337.4352161703273
2	2406.8899877386575
2	2429.9978009341753
2	2453.1289947436385
1	2492.1894098950756
1	2543.5234881177644
1	2551.5167324677127
1	2931.7947292140493
1	2944.5205914771145
1	3003.1841718308706
1	3023.821582372551
2	3031.749322981959
1	3053.868896985507
1	3161.8963374485584
1	3189.813315734015
2	3216.9363031582893
1	3339.9678520750435
2	3471.5508911285156
1	3515.071233538352
2	3564.0861688970676
1	3642.007999407686
2	3772.4032801082776
1	3786.736949980623
2	3841.8333761314057
2	4027.0608705224254
1	4240.646439518264
1	4340.7969991110385
1	4398.76867553731
2	4466.761523954767
2	4489.9176963948585
1	4586.196449124275
1	4656.6720774985615
1	4764.723976841603
1	4780.686272091869
