1	80.44701796322222
2	130.4243940954291
2	130.45435260651652
2	130.46584714395266
2	130.5324115387217
2	130.62410550296116
2	130.72031199048064
2	130.7900310131285
2	130.80337674618116
2	130.8791235084677
2	130.92024459420588
2	130.98253063683705
2	131.07391806472285
1	150.2102806825694
1	150.3926263464227
1	150.4066869269055
2	159.60045166122023
2	159.6375067960066
2	159.74157074347386
2	159.84198194128305
2	159.86173247307056
2	159.93076728062388
2	159.98037659442147
2	160.04991052552373
2	160.12799352602315
1	160.5841591688327
1	180.70332568457346
2	188.70967986747866
2	188.77639623265006
2	189.0173382363695
1	200.17461088265742
2	217.89530461961826
2	217.9962103018422
1	230.6160626768765
2	247.00882464287304
2	247.0736379446516
1	250.2291300976191
1	250.4323815790315
1	250.9231449248962
1	251.17870841095018
2	276.2107654855034
2	305.30861973124723
