1	80.57877308061772
2	109.98292902414143
2	109.99016818079514
2	110.0127864461945
1	120.29708314825433
2	133.72188040712146
2	133.74949660005976
2	133.78646022680704
2	133.82533733282398
2	133.85437107132753
2	133.90974059867634
2	134.045774384026
2	134.07451054460512
2	134.16333068211773
2	134.24271787927844
2	134.31743329789043
2	134.37763053296487
2	134.39921363366147
1	150.8464515575194
1	151.00710718494523
2	157.46103114708555
2	157.5352434966178
2	157.60977684939905
1	160.6171596051303
1	180.81148011767462
2	181.03371540170778
2	181.18183332122135
2	181.189726747463
2	181.32248326743843
2	181.37163284287342
2	181.3980082985926
1	200.2062849313257
1	200.82599958560132
2	204.98895403701687
2	205.06196079759525
1	230.7038115351721
1	250.16728436106703
1	250.92002139519695
1	251.2038593024491
2	252.0408610161979
2	275.7456826470859
2	275.7526921647451
