2	144.89976942219468
2	229.02049721075932
2	257.1158622883907
1	459.3814924741811
1	461.0547576894104
1	489.60733927349554
2	537.4644418466509
1	619.6887848899466
1	1110.441067939668
1	1121.8988358842037
2	1126.3546430926003
1	1379.3704107597134
1	1389.2096626536638
2	1659.0840949625385
1	1671.4418054139605
1	1705.389725726904
1	1784.5677473604578
1	1922.5395879218684
2	2332.0793859977257
2	2416.1493696332877
2	2416.1974818286812
2	2444.268727359964
1	2492.682648124389
1	2493.2624862074827
1	2501.312782790657
1	2881.6142498125114
1	2894.346831107027
1	2973.674862180257
1	3003.961097367671
1	3111.699505477317
1	3189.3648004830393
2	3201.2781636870304
1	3289.866161307301
1	3464.883171791639
2	3481.7533646502757
2	3565.8102201759148
1	3591.921214575169
1	3736.5382315362167
2	3790.1283430103854
2	3846.2422417916964
2	4042.5635518079334
1	4190.478072725513
1	4290.704548359619
1	4398.278142157238
2	4463.163436322361
2	4491.21066688677
1	4586.946904556585
1	4606.589595728656
1	4714.671216435916
1	4730.604033644949
