2	142.7950072680995
2	211.58872862590923
2	257.3482016350512
1	461.3056171408915
1	489.79725213065615
1	509.32606881967837
2	555.2853375461167
1	619.6726718868456
2	1105.3975865873342
1	1160.4286703089604
1	1171.6621790497202
1	1389.427545261235
1	1429.419499701434
2	1678.3314018027015
1	1705.392173097682
1	1721.3049833539574
1	1834.537076861152
1	1972.3730277216534
2	2342.945664085324
2	2411.639786436072
2	2434.645345749788
2	2434.6813221301113
1	2493.453169535687
1	2501.5003124756277
1	2542.672562356533
1	2881.8687222807703
1	2894.5354726355126
1	2973.7085029380105
1	3053.6113704366135
1	3111.8433546605897
1	3189.517262301347
2	3190.868516239913
1	3339.6261412847934
2	3465.9323682925783
1	3514.572300347226
2	3580.52372503101
1	3641.6687585479203
1	3786.2822838624625
2	3786.7316091640905
2	3878.477448017647
2	4038.847673916482
1	4190.637950493318
1	4340.38503904459
1	4398.382608475986
2	4428.461153279267
2	4497.271442372439
1	4636.682104267718
1	4656.400422979626
1	4714.821022829827
1	4730.700298336716
