2	138.3124884728142
2	232.55300686121805
2	279.6242189510355
1	461.3109606188555
1	489.67670603444014
1	509.41332230149305
2	562.0863684404789
1	619.6677396505675
2	1126.941710058666
1	1160.5071510066018
1	1171.7429589259932
1	1389.3718473072954
1	1429.4858699481722
2	1668.3872967012865
1	1705.3728137856056
1	1721.307551727627
1	1834.5476790660662
1	1972.4932766922207
2	2327.453374536615
2	2397.9987499121403
2	2398.02390044537
2	2421.6687173126365
1	2493.511226005315
1	2501.5261428920903
1	2542.6129667377268
1	2881.715441838949
1	2894.601720622246
1	2973.526742313391
1	3053.5279028744735
1	3111.85738715665
1	3189.4141432984134
2	3198.3090771118013
1	3339.71572448445
2	3457.276915371479
1	3514.600827529225
2	3574.984066187579
1	3641.7525669286956
1	3786.4603035880573
2	3786.8177945466923
2	3833.8506172241814
2	4045.7043420095124
1	4190.645410706772
1	4340.481825760819
1	4398.332710297317
2	4445.815974170268
2	4492.97000673911
1	4636.61575092329
1	4656.499556848218
1	4714.659094041827
1	4730.738775996494
