2	114.96887624583366
2	128.27954056678772
2	136.1219821083359
2	220.95188209334813
2	231.76706613906742
2	234.19328014728185
2	244.19419259493563
2	255.68765587053224
2	258.01723025533835
1	459.28414619489524
1	461.06122159935836
1	461.22289154635166
1	489.6282341424972
1	489.67701776007686
1	509.4122758678398
1	509.4688625294646
1	511.1818543634748
1	539.7159263316659
2	542.6115362532737
2	544.1983913936863
2	545.5092737286728
1	619.6138971334483
1	619.6256692609658
1	669.6208181537634
2	1071.0915796025495
1	1110.3536252257863
1	1121.8035046271696
1	1160.299523412775
1	1160.5037717909622
1	1171.638163228908
1	1171.9633512844603
1	1379.2572694040168
1	1389.2014433785516
1	1389.2759376590263
1	1389.3773230364623
1	1429.4101149333756
1	1429.4658466499202
2	1641.3924942894653
2	1658.076353550092
2	1666.2968534069896
1	1671.370479944623
1	1705.255527933423
1	1705.3483638180517
1	1705.4891335717423
1	1721.2819929583513
1	1721.4293754028101
1	1784.5393269300762
1	1834.3564942623775
1	1834.622352026332
1	1922.487974706718
1	1972.3184589671016
1	1972.679749723836
2	2330.1982144370218
2	2333.054156800466
2	2335.7222960436657
2	2399.6823140762785
2	2399.738923764572
2	2404.6369895484627
2	2404.711455856435
2	2407.4887887277
2	2428.417151491879
2	2431.4290061335664
2	2446.039056470045
2	2455.253724625999
1	2492.651159595081
1	2493.217313357313
1	2493.2594778807315
1	2501.354362042628
1	2501.4101318555913
1	2542.4862271850675
1	2542.7669922950345
1	2543.3660432401766
1	2551.295566656199
1	2881.5733415256623
1	2881.632723675519
1	2894.3252637838013
1	2894.3579032922053
1	2931.723978672069
1	2944.4413505188804
1	2973.5755789928967
1	2973.6597135854995
1	3003.9331639624497
1	3023.574537637034
1	3053.4988110129643
1	3053.9339285610176
1	3111.3902473696808
1	3111.6213056484094
1	3161.824438796977
2	3187.739798436013
1	3189.3184632518823
1	3189.4499246490614
1	3189.463218317111
2	3191.6395751509917
2	3196.4887688159733
1	3289.7284973726646
1	3339.4189690983326
1	3339.8099384250063
1	3464.8229865657536
2	3465.9674411778296
2	3477.8507268149287
2	3483.4363036611403
1	3514.497100765109
1	3514.9173808445335
2	3558.6407135452687
2	3573.241547030286
1	3591.9129470399425
2	3626.9562670937726
1	3641.596726224996
1	3641.843053610097
1	3736.5288459377343
1	3786.382634430112
1	3786.635066712699
2	3787.90773641543
2	3790.428340606183
2	3794.1600022218995
2	3835.585572406374
2	3836.791409764884
2	3889.8161385537396
2	4026.3913920350756
2	4033.288272928982
2	4045.402106195757
1	4190.506954593524
1	4190.548393637168
1	4240.601987855408
1	4290.639612239794
1	4340.318902426314
1	4340.69461084362
1	4398.143993602715
1	4398.225672785141
1	4398.448095469916
2	4439.365286793619
2	4455.760603423721
2	4463.69110370532
2	4479.58479220398
2	4485.804902062432
2	4511.445281424472
1	4586.8483089682295
1	4606.2054588206465
1	4606.545024554823
2	4631.0214816090975
1	4636.4804538737235
1	4636.886132807681
1	4656.386818010165
1	4656.479366470165
1	4714.542821322733
1	4714.67246739036
1	4730.292967213475
1	4730.528088185564
1	4764.7447972462105
1	4780.6535394301845
