1	80.11918045472481
1	80.25800424863479
1	80.45677836529839
2	105.0133034253989
2	105.07362616943126
2	105.14150200270805
2	105.22790101856634
2	105.3112545808306
2	107.4782469037705
1	120.40852524807751
2	128.95427318591894
2	128.99512276181858
2	128.9994810497966
2	129.03924968141908
2	129.0834815772055
2	129.1317326179518
2	129.18272809414907
2	129.2191255718086
2	134.05343483243254
2	134.0874054012742
2	134.09730279442886
2	134.11206404818432
2	134.1237923193682
2	134.26801014153912
2	135.54795619365166
2	135.60488386123177
2	135.6092951096313
2	135.68243886527387
2	135.796732304938
2	135.82148098357928
2	135.86404960094774
2	135.9055638473515
2	135.95906205065893
2	136.0144894448301
2	136.09795622347363
2	136.15845799367057
1	150.1118491455338
1	150.2106960791099
1	150.31040662509943
1	150.34756000678888
1	150.41097335559152
1	150.5707722998545
1	150.65547785699957
1	150.74774765217796
2	152.75843611465376
2	152.8421743710158
2	152.92887127398728
2	153.01788124095685
2	153.04865305773836
2	153.11225462082055
1	160.19069483866232
1	160.4709781362737
1	160.95266717894665
2	162.53051421919395
2	162.5950241249237
2	162.66780204203667
2	162.73331924213838
2	162.78788452256964
2	162.86410129304335
2	162.8879347575998
2	163.0290956275604
2	163.07383487128337
2	163.1086541597403
2	163.15167948983807
2	163.1982880848873
2	163.2463793235027
2	163.2559626247751
2	163.26059013030627
2	163.26145508501133
2	163.32034938393357
2	163.66614354942473
2	163.7375713247003
2	163.79280473656578
2	163.9083263758764
2	163.99284106093404
2	164.0569287393201
2	164.12858924290057
2	176.46744895240562
2	176.53718057413164
2	176.59802767778868
1	180.58754808618684
1	180.70503210219155
1	180.77537076641664
2	190.83054072042455
2	190.9048797786984
2	191.75137104980377
2	191.86077311255028
2	191.90210038174857
2	192.0412751014976
1	200.11613391792454
1	200.15147844820848
1	200.23977359715641
1	200.31498967266685
2	200.3661307895573
2	200.4332575110829
2	200.52456999852689
1	200.60387917246723
1	200.8462184039406
1	200.99191218217177
1	201.15302321487997
1	201.32041960603667
2	219.1254393914805
2	219.210886280778
2	219.90877260298004
2	224.2786383122616
1	230.70020833570558
2	247.47096341864565
2	247.99280998752386
2	248.01882701745103
2	248.07971893177495
2	248.17249496794943
1	250.12110888076566
1	250.32866135715662
1	250.38273598877265
1	250.39169810863794
1	250.43109302874217
1	250.5656278615588
1	250.78845359099833
1	251.04149663737417
1	251.15789188375214
2	271.8899022778595
2	271.92617409003316
2	271.9527910419612
2	275.8159642132746
2	276.15891692964345
2	304.2281750479206
2	304.347838547565
2	304.4058515026226
