2	123.86544816993958
2	219.16999782051144
2	242.9272426348896
1	459.2876579314855
1	461.09263692725654
1	489.5834193978993
2	528.7776935231229
1	619.447045247923
2	1100.5386655119535
1	1110.466370652935
1	1121.826319208064
1	1379.3205064088775
1	1389.2992692611847
2	1648.3492744665884
1	1671.5108031510872
1	1705.1194820297128
1	1784.5200552452945
1	1922.638591886103
2	2315.3136105889944
2	2410.6379022524347
2	2410.6824334457133
2	2434.486412175826
2	2464.1142434033063
1	2492.1563106978324
1	2492.8354743963946
1	2493.283466892393
1	2501.2405448488935
1	2881.563546622211
1	2894.3651178980663
1	2973.647082945581
1	3003.2397170968234
1	3111.2928359537677
1	3111.7839785523165
1	3189.2416319619606
2	3196.6644123736896
1	3289.321720733435
1	3289.8145432065817
2	3458.746782759462
1	3464.260243435753
1	3464.7560118950755
2	3553.981667036044
1	3591.8811930929483
1	3736.561914884674
2	3792.1992759673462
2	3839.8566941646036
2	3843.825229475319
1	3848.417390826421
2	3887.444860983832
2	4030.3971970310754
2	4052.168598896678
1	4190.505721279474
1	4290.761382723919
1	4398.167270703569
2	4459.225615054472
2	4483.015706805306
1	4586.126480654375
1	4606.573754739233
1	4714.615682060281
1	4730.529563150109
