2	131.69890805900428
2	227.69637678500337
2	251.72097647976915
1	461.53966278200215
1	489.75708239017007
1	509.4903564231206
2	539.7794583876524
1	619.6628786029936
2	1091.9027389141363
1	1160.5318005641298
1	1171.9300641432626
1	1389.4769962122466
1	1429.5171404894936
2	1667.9566657409655
1	1705.6130203882567
1	1721.377864579424
1	1834.5286708625495
1	1922.2534686452327
2	1932.0742795745603
1	1972.6138197245689
2	2340.163288251833
2	2412.1174848739543
2	2412.1219240841497
2	2436.0994985675643
1	2493.547115940973
1	2501.5879150089313
1	2542.8206432464594
1	2881.8047804895614
1	2894.6939674982673
1	2973.731625288278
1	3053.6674468361225
1	3111.2012443629033
2	3180.2261651093527
1	3189.5785306272796
1	3289.548818738686
2	3300.2456418085794
1	3339.6901243373904
2	3444.2739396571606
1	3514.7936519259592
2	3564.3643883916475
1	3641.674402950416
1	3786.616933211653
2	3804.4328908062503
2	3852.4347187823396
2	4020.4133921252987
1	4190.601892751401
1	4340.559124047775
1	4398.652065786258
2	4428.467436648481
2	4476.496372056558
1	4636.7962838757485
1	4656.453565171683
1	4714.151268077822
1	4730.781612186827
