1	80.53379046069345
2	105.30744829337134
2	105.33503250610626
2	105.42571917835072
2	105.4648490767431
2	105.54222100825196
2	105.6135064043297
1	120.51686348143248
2	128.95287152190767
2	129.04955606573964
2	129.1161813369278
2	129.18426801084703
2	129.26143570368438
2	129.26487593609443
2	129.30458665078407
2	129.3388229360823
1	151.14191786502732
1	151.25790714672723
1	151.27379163455387
2	152.31604972688862
2	152.3670017596266
2	152.40719838301317
2	152.48631859839918
2	152.64248306251423
2	152.69280713761617
2	152.74674469907202
2	152.82592337830943
1	160.44712938841528
2	176.01225389681645
2	176.08009938303687
2	176.20617081513024
1	180.84418341101974
2	199.25814986612409
1	200.41463000191013
1	200.73473771042353
2	222.8257061801914
2	246.25292206254346
1	250.2236195139668
1	250.53067590375437
1	250.99861721757458
2	269.8768992984317
2	293.2864259855194
