1	80.496602873038
2	107.83110152522853
2	107.87998958669606
2	107.9224079547947
1	120.51367835758249
2	131.55180978604074
2	131.57990379270234
2	131.61657064598688
2	131.68262955387792
2	131.74619912716318
2	131.75245409297767
2	131.82560610775562
2	131.92473157002453
2	131.99796433303987
1	150.70706483652864
1	150.7592933799529
1	150.8799701272635
2	155.0196733228023
2	155.07974793790495
2	155.15419161787008
2	155.25710735929385
2	155.27013683158978
2	155.34753867817665
2	155.3478579404672
1	160.5317585137127
2	178.65491955990396
2	178.66367208941386
2	178.7614186182164
2	178.84057801721804
2	178.8982064227106
1	180.79185720931682
1	200.92637769847772
1	201.04266409566367
1	201.16064525919978
1	201.45977685159323
2	202.2420887580945
2	225.78364409740902
2	225.80229938822723
2	249.4533809012485
1	250.48274369156096
1	250.87733070847588
2	273.0520547764404
2	273.10053787776303
2	273.15246887445136
