2	131.67432602335475
2	222.71270124706245
2	245.59566544713192
1	509.6883983746596
1	511.2927696462967
1	539.9473926620515
2	541.7252626528139
1	669.6482356294758
2	1111.256729509824
1	1160.7097452805506
1	1172.208077673736
1	1389.6913890484434
1	1429.7763493359166
2	1658.0861483927183
1	1705.6950839057793
1	1721.7026869517047
1	1834.8652894849124
1	1972.7936791810562
2	2341.636488396693
2	2409.9520636034604
2	2409.9899461509667
2	2455.5513614702263
1	2543.009172794866
1	2543.6125786043613
1	2551.522418765542
1	2931.7821289670323
1	2944.4913576424533
1	3023.744031964628
1	3054.0997054954573
1	3161.975921941174
1	3189.7734513560913
2	3207.3545297723435
1	3340.0664991150097
2	3457.9547546579347
1	3515.0189493531243
2	3549.061191215634
1	3642.012486105492
1	3786.8316145298736
2	3799.74940381206
2	3845.2207555825444
2	4050.366527504198
1	4240.705551269592
1	4340.963867604791
1	4398.730082995632
2	4460.3868055640505
2	4483.154231861555
1	4637.050442165453
1	4656.640442025687
1	4764.858997632492
1	4780.828613556084
