1	80.12356885530644
1	80.54337580166352
2	93.46844106734979
2	104.06098678544814
1	110.58654310783743
2	117.32356450213359
2	117.35169466292297
2	117.37560712442568
2	117.45659447560757
2	117.5068567391916
2	117.51280653537889
2	117.60204046089183
2	117.65405934183691
2	117.68187544609938
2	117.75183327716215
2	117.78450375620304
2	117.86207967947041
1	120.13118676059321
1	120.2332421949387
1	120.31258439801348
2	127.31397261587587
2	127.3803533985278
2	127.39950256589549
2	127.5097255673889
2	127.53331165627912
2	127.53524742031813
2	127.5401862658557
2	127.62725254111943
2	141.21263186278514
2	141.2510678896873
2	141.29536156461
2	141.37959759554872
1	150.16272020309086
1	150.19176440976236
1	150.2645534121682
2	150.40236061827855
2	150.43370717018288
2	150.52736398179536
2	150.54866560183908
2	150.6052631772148
2	150.62405141984053
2	150.72160616293618
2	150.8883659048923
2	150.96245215896568
2	151.01326824243486
2	151.0876983698967
1	151.24778941083846
1	151.49186460979016
1	151.53695113671432
1	160.67380366567457
2	165.02051648794728
2	165.11896464182868
2	165.159163364481
2	165.20750147281788
2	165.2299200568448
2	165.2558642890493
2	165.33479302636397
2	173.72096730059022
2	173.73811069459424
2	173.76610103020312
1	180.60130724911548
1	180.9464332290021
2	188.8330004551653
2	188.92451925916635
2	196.80471145441246
2	196.87092636912317
2	196.89247747268143
1	200.1400075747047
1	200.2625938508957
1	200.86984452738847
1	201.1404153281749
1	201.20890614186408
2	212.7250987742772
2	220.06110381716644
2	220.26064298165934
1	230.8043314705654
2	236.53881868588653
1	250.2543253828416
1	250.34469834584198
1	250.65550244366176
1	251.13465320468057
1	251.32998777238734
2	260.4083881130576
2	260.43586096415515
2	266.348554537517
2	266.3852982813021
2	284.28749278767384
2	289.5841886559706
