2	131.3698898467306
2	199.8213529818516
2	245.62213686939896
1	509.4234101937702
1	511.3026967216013
1	539.8441814825968
2	542.2227894648006
1	669.5724553040442
2	1112.7901346550605
1	1160.5611452383052
1	1172.012803852849
1	1389.3966593801042
1	1429.5008029313308
2	1660.499845828594
1	1705.5028792407334
1	1721.4685366840592
1	1834.6927461780372
1	1972.7486279793075
2	2345.1422329995876
2	2413.558712856808
2	2413.6260731403777
2	2436.462315724371
1	2542.8122613879814
1	2543.4043413410136
1	2551.4107590771346
1	2931.71593644005
1	2944.3831811361038
1	3023.73319419432
1	3054.0147883818595
1	3161.8204322811216
1	3189.559716915515
2	3189.560592912434
1	3339.932207763004
2	3486.199819694218
1	3514.9865891829095
2	3554.6985869229675
1	3641.9560387371334
2	3782.876692131868
1	3786.695538468568
2	3828.5697896625456
2	4033.971803031401
1	4240.567245506325
1	4340.808103146132
1	4398.523046955673
2	4444.787885720252
2	4490.424697969104
1	4636.924501195821
1	4656.622333719288
1	4764.727415682443
1	4780.669813498039
