1	80.16104373107375
1	80.18766649854392
1	80.26096201884751
2	92.34631840233092
2	100.09489612328635
2	100.58142693496879
2	100.63064112026142
2	100.69003036828977
2	100.7174369027403
2	100.7541367339865
1	110.57974755497733
1	110.6146911759846
2	116.23678618317587
2	116.32450949480764
2	116.47301822557048
2	116.47748041214977
2	116.50785544428561
1	120.15995698343116
1	120.28450679010894
1	120.3554086337754
2	123.97794915604945
2	124.00380178355393
2	124.06637811259672
2	124.12796917895353
2	124.16860332011115
2	124.20022105068475
2	124.29760034823913
2	124.31511021242798
2	124.34402946397351
2	124.4175691731135
2	124.51668518596759
2	124.53849173103278
2	124.57885768054622
2	124.63944084948933
2	124.72449412469784
2	124.76511516112483
2	124.80136813136146
2	124.83518254978422
2	124.87177275533008
2	140.08906104737642
2	140.1809961781101
2	140.18131660910439
2	140.19396460090073
2	140.26918900384175
2	140.2998026819052
2	140.33052032061914
2	140.4176362206955
2	140.48279671336613
2	140.4848252374516
2	147.73171808511063
2	147.75950582246588
2	147.85078781576655
2	147.95678578561976
2	148.0135830895163
2	148.04638130760526
2	148.1707785581916
2	148.18351629120295
2	148.28851967095292
2	148.4425279299041
2	148.45294887266456
2	148.48088819051532
2	148.54068192541024
2	148.55442948916541
1	150.14541162632165
1	150.21161008329148
1	150.30338999000037
1	150.31389612366857
1	150.33575287831124
1	150.35950572824518
1	150.37885155758187
1	150.40501367317592
1	160.55201988064945
2	163.96288473423897
2	164.01652535950146
2	171.6954351456637
2	171.83001628615756
2	171.8549885858652
2	172.11111013619418
2	172.12770047827286
2	172.1940999508567
1	180.56501076891948
1	180.6009127922572
1	180.6050483120071
2	187.81237811698537
2	187.822702536558
2	187.94895823463222
2	187.95229422582295
2	187.99480077000698
2	188.0218972080051
2	196.00423530222048
1	200.04480274050692
1	200.10347796372594
1	200.17675923643063
1	200.84907563616494
1	200.8836396815748
1	201.1433959719461
1	201.24252979351638
2	211.69547212177568
2	211.76931682913374
2	211.79718991145114
2	219.20863159121336
2	219.8306494640317
2	219.91390316362398
1	230.63558561130154
2	243.00864759463425
2	243.06148535860032
1	250.06972009458914
1	250.3277565164527
1	250.33457074801302
1	250.97243963500858
1	251.10411703394533
2	259.373960285655
2	267.5251373159188
2	267.5479233528447
2	267.6401456684315
2	283.1905142330565
2	283.20396424620276
2	290.6556349771812
2	290.70549430376167
