2	140.40986839333414
2	234.94976417528406
2	258.58660240050375
1	509.588861676268
1	511.393313526785
1	539.8716986853694
2	565.9207894004205
1	669.6807081875381
2	1109.6518939068624
1	1121.3390971860938
2	1133.3539128661384
1	1160.6801993337938
1	1172.1178568820433
1	1389.5162026338912
1	1429.6112877961236
2	1653.4523280304327
1	1705.8533795773762
1	1721.623230240865
1	1834.7190493333258
1	1972.7805088024204
2	2338.9313206194834
2	2409.856726702302
2	2433.575802072129
2	2457.2285899788176
1	2542.899453527391
1	2543.3673129900703
1	2551.354487842289
1	2931.6948038635715
1	2944.5831676933753
1	3023.700943829014
1	3053.9284942348304
1	3161.916373683414
1	3189.880681935399
2	3189.9943186425007
1	3339.908965143358
2	3473.6757212163884
1	3515.023905270318
2	3568.285166391699
1	3642.031785208458
1	3786.7063203252283
2	3804.7272469038976
2	3828.357352135235
2	4041.087579721772
1	4240.650620105137
1	4290.1963166268515
1	4398.756097013633
2	4442.959026875299
2	4466.641360117634
1	4637.015205619612
1	4656.658649598236
1	4764.769570095618
1	4780.689335110951
