2	134.31211280589193
2	228.58733944460602
2	252.21484355717618
1	509.34274259747303
1	511.1768844773448
1	539.6627092167205
2	558.815495860176
1	669.627646156919
2	1124.7174634123467
1	1160.3698716744198
1	1171.864074728131
1	1389.3701238721508
1	1429.4637809828146
2	1643.583215434782
1	1705.4602945807155
1	1721.3839461026937
1	1834.6024601901993
1	1972.6117204166203
2	2327.4703058195882
2	2398.1526882201233
2	2421.7313128425953
2	2445.33490099691
1	2542.7277258879026
1	2543.3482402584327
1	2551.239895507376
1	2931.607701136171
1	2944.427167894841
1	3023.589747178376
1	3053.791759157556
1	3161.781570249315
1	3189.522166386047
2	3199.9637449707607
1	3339.8560303068675
2	3459.3091024204004
1	3514.8463466537883
2	3553.7175096054216
1	3641.967855522958
1	3786.6030725594414
2	3789.522291947589
2	3836.6729681095344
2	4048.9207444919393
1	4240.496145201593
1	4340.724793539185
1	4398.407570282459
2	4449.839212832536
2	4473.415885227675
1	4636.840542947504
1	4656.5209507783375
1	4764.68375894844
1	4780.65267676214
