2	146.66736670948512
2	240.22968158165497
2	263.6443200886651
1	459.3067465116545
1	461.1781816441494
1	489.586564610856
2	544.2236121938615
1	619.5335095862617
2	1105.388465041483
1	1110.5450211293512
1	1121.8527234573548
1	1379.387581524547
1	1389.3550741816484
2	1666.6253110995192
1	1671.548029526802
1	1705.1842846293168
1	1784.6167416028356
1	1922.7025624614246
2	2321.3220161983927
2	2414.908089174415
2	2414.937123249439
2	2438.3091781407397
1	2492.844577159369
1	2493.3566367040207
1	2501.2837088530227
1	2881.6465211080363
1	2894.3662858822545
1	2973.6483203333623
1	3003.2927819529286
1	3111.8586141928595
1	3189.271350699351
2	3209.9745621761217
1	3289.8404573382145
1	3464.7603991802844
2	3467.1198107717196
2	3560.6525624828773
1	3591.9276281439884
1	3736.6523294316435
2	3794.5353658204485
2	3841.345356162348
2	4051.7700845525937
1	4190.561818714823
1	4290.848880114562
1	4398.17334172334
2	4472.698983383999
2	4496.0687178260005
1	4586.127271768642
1	4606.578102372067
1	4714.653355459064
1	4730.606096030637
