2	118.15305523329921
2	209.7948902952912
2	255.55676327745067
1	509.667056080894
1	511.28429802401257
1	539.7635111977419
2	553.0969878546913
1	669.6353603199836
2	1102.448289822563
1	1160.7475688335398
1	1172.1189613992533
1	1389.557284163901
1	1429.705743282056
2	1651.7404275027038
1	1705.7607741195977
1	1721.631954612958
1	1834.8323660297206
1	1972.7866879286876
2	2338.4438268931845
2	2407.1345508657155
2	2429.9658528969458
2	2452.9299670254422
1	2543.0162279750894
1	2543.4903368805526
1	2551.458152460581
1	2931.77541954764
1	2944.5088521100447
1	3023.763619975383
1	3053.955058815451
1	3161.8181094399124
2	3185.3822566111794
1	3189.8293281672454
1	3339.925756623349
2	3460.0201149850604
1	3515.015087615189
2	3574.4909489718107
1	3642.009283400945
1	3786.7190509552224
2	3803.35695397344
2	3826.273686435917
2	4032.221687891918
1	4240.733678330963
1	4340.809591962744
1	4398.835024241413
2	4444.258704816343
2	4467.112120244665
1	4636.98201058118
1	4656.660180820462
1	4764.802364669464
1	4780.730088518565
