2	139.85844555330078
2	231.270394500632
2	254.11371575351504
1	509.5810386824965
1	511.2336829756979
1	539.7797936356573
2	551.2963109088039
1	669.7290845339763
2	1100.039871064749
1	1160.6289944571845
1	1172.0306119259656
1	1389.4731662809218
1	1429.5974351145044
2	1671.5316373661014
1	1705.7471886358003
1	1721.4844100640944
1	1834.7162765485587
1	1972.663959647894
2	2334.4914014220826
2	2403.0569367811145
2	2425.9167694733924
2	2448.8279164520063
1	2542.908661453547
1	2543.4499952119486
1	2551.3696608716814
1	2931.7076101719776
1	2944.3817587463495
1	3023.5853280072743
1	3053.9234172610563
1	3161.7661141273798
2	3180.3293573655087
1	3189.6633418075558
1	3339.848632924447
2	3454.680826004266
1	3514.954250588751
2	3546.0893884323223
1	3642.0009030816864
1	3786.6868869371638
2	3797.5729172128576
2	3843.338120529835
2	4026.176276794054
1	4240.629779252845
1	4340.787107596384
1	4398.5905385674105
2	4460.532154380466
2	4483.451746825523
1	4636.913023027176
1	4656.633292360195
1	4764.7046530372145
1	4780.638970491041
