1	80.66573818359588
1	80.75253662360392
2	95.9225421788072
2	113.91502204937706
2	113.99152426078584
2	114.0659673064739
2	114.11668740062954
2	114.13804302468027
2	114.20012884673027
2	114.21740047614048
2	114.28945497852239
2	114.30991905259539
2	118.62989198595486
2	118.64218074158237
2	118.71175934303314
2	118.80086002043751
2	118.80691654451016
2	118.88071174520415
2	118.93013571337727
2	118.98106556640117
1	120.18025803035236
1	120.48287412917438
1	120.64027230934812
2	141.51732795237712
2	141.69508657720675
2	141.73110080413616
2	141.76661595099333
2	141.86445901608195
2	141.95214156431467
2	142.04990186156905
2	142.1493051493613
2	142.21267285658948
2	142.3547422511865
2	142.7936009605311
2	142.80339746464625
2	142.8143178695506
2	142.91238135077543
2	143.00194356373186
2	143.09780117002686
2	143.15623612949412
1	150.89554564325604
1	150.93752677888327
1	151.00854663129167
1	151.06970259033162
1	151.14385443583382
1	151.1929013399579
1	160.6424092397937
1	160.68055898062067
2	164.17136745910952
2	164.26153555094763
2	164.29219651090858
2	164.31735362285804
2	164.32855801911333
2	170.7089901273031
2	170.87471428175468
2	170.91715034216404
2	170.96358533523804
2	170.99621355894882
2	171.0443099473776
2	171.1187491420448
1	181.12027792968797
1	181.19600752543712
2	187.29284521148813
2	187.30703332219215
2	187.45212339165397
2	198.69243705266953
2	198.8228695065075
1	200.1469968262045
1	201.3133759734912
1	201.3656277471719
1	201.7550075762517
2	209.61511782624845
2	209.6839868064955
2	227.07158071966956
2	227.10803780617465
1	230.73830984724103
1	250.23955372087931
1	250.2929017310852
1	250.68458247458528
1	251.03688058858344
1	251.06839678792988
1	251.1585854944174
2	255.1212261308099
2	255.2586059702631
2	277.88514138529797
2	277.89782810701445
2	283.4334242581726
2	283.5132149661126
