2	130.99228883083285
2	226.29335227716726
2	226.37625423479417
1	459.3212071405128
1	461.12651986416034
1	489.5645923416649
2	535.9125962074647
1	619.5047861245263
2	1107.57277546277
1	1110.438061678507
1	1121.8004713526502
1	1379.330030035649
1	1389.3001564652955
2	1655.4665860101636
1	1671.442798460121
1	1705.2570031216078
1	1784.5179996494658
1	1922.6234105573672
2	2322.4927270238722
2	2393.8762576276463
2	2417.718106613481
2	2441.570343297
1	2492.892825286277
1	2493.227978910619
1	2501.2607057852
1	2881.598567598825
1	2894.3861842082524
1	2973.6141328050307
1	3003.9168780200835
1	3111.7639104766654
1	3189.233407994404
2	3203.8599373271577
1	3289.7656867345886
1	3464.780991969179
2	3465.821089413643
2	3561.1249952397643
1	3591.884017709867
1	3736.610459747164
2	3799.2732800871236
2	3846.9440782422603
2	4037.556338097643
1	4190.496358988877
1	4290.676914975303
1	4398.262031259447
2	4466.283494592461
2	4490.197629496886
1	4586.830280295398
1	4606.5607647090965
1	4714.65694977486
1	4730.5222328755635
