2	122.15198173753849
2	193.61060355087807
2	265.12261942198654
1	461.17338807291395
1	489.55038837184395
1	509.3000708593706
2	551.1153232032843
1	619.3687819300511
2	1099.1657869781363
1	1121.8289675835465
2	1146.8363577102373
1	1160.3948342000272
1	1171.6371139051862
1	1389.2297909394865
1	1429.4070909386753
2	1671.1513055911048
1	1671.3868431003482
2	1694.9854669306021
1	1705.3171550209202
1	1721.2836931904492
1	1784.3558966461958
2	1814.0498574662802
1	1834.4060609644546
1	1922.4436013919606
2	1957.0987335959724
1	1972.328400040744
2	2338.4159282630458
2	2409.880815416828
2	2433.6762757360825
2	2433.741593354356
1	2492.599256245042
1	2493.3980678902785
1	2501.3813337760607
2	2505.17525512375
1	2542.5290102700546
1	2881.5369489155637
1	2894.3841103149393
1	2973.4277480989367
1	3003.705491063405
2	3029.4676046468044
1	3053.5356923580725
1	3111.5367114614573
1	3189.337031597453
2	3196.2352957165394
1	3289.5817921238972
2	3315.4653914441174
1	3339.6107424152733
2	3458.43345058155
1	3464.6550254808503
2	3482.2731031924673
1	3514.4344186097383
1	3591.724187175641
2	3625.192205762648
2	3625.2219498474246
1	3641.5571250701064
1	3736.4075170529914
2	3768.1735930030304
1	3786.372020965519
2	3792.007603845396
2	3863.540630761668
2	4030.2873811412246
1	4190.439257119099
1	4290.557482510531
2	4316.320630330187
1	4340.331374579812
1	4398.281305884891
2	4435.439681005769
2	4483.142920774884
1	4586.5849385855145
2	4602.2726862250465
1	4636.602712574164
1	4656.299213752178
1	4714.484402024251
1	4730.368083103798
