1	80.17588578642851
1	80.27282025336342
1	80.40579262514969
2	91.6284438633249
2	105.15218172066348
2	105.24833045059292
2	105.28309259611889
2	105.33064523092042
2	105.33666018307345
2	112.63373504844445
2	112.64043441577351
2	112.6962041615832
2	112.76078318492989
2	112.79818087062193
2	112.89714716346622
2	112.93030469329244
2	112.94441245952339
2	113.02481566561771
2	113.02989835157574
2	113.09079173838758
2	115.49558852799215
2	115.5660837386001
2	115.68747944372404
1	120.12883359386385
1	120.27499668005919
1	120.37018551127288
1	120.43403843530037
1	120.46287052337138
2	129.02655673496642
2	129.0811100751528
2	129.17079760723394
2	129.2237596527885
2	129.2486572551492
2	129.32515171766218
2	129.36773016829687
2	129.44526943903014
2	139.34619232948876
2	139.37568580094572
2	139.38229953893972
2	139.4575619082886
2	139.48074838996467
2	139.50863217435545
2	139.50867342653387
2	139.58945563694456
2	139.64645810468326
2	139.65859437893724
2	139.72525149911397
2	139.76832812996182
2	142.4435425890416
2	142.49977014885698
2	142.70781854166356
2	142.73728360883948
2	142.82635718752098
2	142.85436549555797
2	142.92856659763063
2	142.9384790445105
1	150.09881844333296
1	150.1835050472078
1	150.2402704458501
1	150.25181905463998
1	150.64716115542953
1	150.77678483994114
2	152.96144205853267
2	153.08423045912673
2	153.16842959498635
2	153.26651705746337
2	153.35430411747845
2	153.37413229368985
1	160.23165002782886
1	160.52614231432722
1	160.59825778660885
2	163.1327509146838
2	163.14988242646095
2	171.63505292219702
2	171.72894951784986
2	171.8193622723066
2	171.86931760865374
2	171.91877471610175
2	176.62662517572494
2	176.69446511251795
2	176.72440585836796
1	180.57611392507522
1	180.65583057510565
1	180.7590562262006
2	187.03788324947456
2	187.13503207503035
2	187.32890995562343
2	187.3564797287085
2	187.44412038781172
2	187.5051154538668
1	200.08994750479943
1	200.15033798594112
1	200.17364439607084
1	200.2337770929784
2	200.48449013522512
2	200.48636818320762
2	200.64004802571503
2	200.7889407271553
2	200.80364276971423
1	201.17177654196314
2	210.83908287240868
2	210.8879856917895
2	210.89748004636382
2	224.3268572412168
2	230.22928222719182
2	230.40001723272638
1	230.62822638738797
1	230.66002783586592
2	248.21667411719898
1	250.07153780863317
1	250.2843556237467
1	250.35184335506943
1	250.5008628555018
1	250.58536524934507
1	250.61639857663508
1	250.9657748477753
1	251.06993637962685
1	251.09497083144882
1	251.18270551829406
2	258.6172574302757
2	259.5464378088072
2	271.97688534754997
2	272.066281776741
2	272.1527240671668
2	282.41640394155354
2	282.44887898107606
2	289.0708432442212
2	289.1706964259939
