2	189.30647757750896
2	237.00761908620245
2	260.8567668103392
1	509.18164338486616
1	511.1537491381874
1	539.6712573167462
2	547.1101169144324
1	669.5501999385139
2	1095.8238911148874
1	1110.4464248579015
1	1171.8002166378662
1	1389.2171866905458
1	1429.265928608786
2	1644.53797491352
1	1705.3032384520848
1	1721.3041555938564
1	1834.4877307635543
1	1972.5083126614215
2	2312.4292751137614
2	2407.8634453375817
2	2431.707720387156
2	2455.589393371809
1	2542.7263662265054
1	2543.287103101772
1	2551.2251879326063
1	2931.6292341943963
1	2944.3335692125875
1	3023.5551746508554
1	3053.839068135959
1	3161.670155757636
1	3189.303300432215
2	3195.1132324991404
1	3339.7769345910524
2	3481.452178669856
1	3514.8165513400872
2	3552.8999223139003
1	3641.8423335312395
1	3786.5417778527276
2	3791.498934946773
2	3815.362034658785
2	4030.0810616836006
1	4240.49600378413
1	4340.659608687267
1	4398.307193907498
2	4435.61121730381
2	4483.238923671839
1	4636.83087538619
1	4656.5167631767745
1	4764.640265403955
1	4780.472769454403
