2	120.84841336055426
2	240.10785979587064
2	263.9058692316728
1	459.2830935535476
1	461.05252209335595
1	489.6177940304298
2	550.1982877074324
1	619.586185752341
1	1110.3603616898283
1	1121.86205226425
2	1122.5339779929084
1	1379.3222306663988
1	1389.1630073522329
2	1647.2496845446838
1	1671.3983265662876
1	1705.263973246254
1	1784.5312635469645
1	1922.5122658218352
2	2338.9663292185205
2	2410.4993575372905
2	2410.5133618212017
2	2410.584321297074
1	2492.6677757502966
1	2493.199369416141
1	2501.3237840644256
1	2881.5511169260903
1	2894.284330363021
1	2973.611016400749
1	3003.979158075779
1	3111.639792633866
1	3189.3581842949284
2	3197.6006051607555
1	3289.7694778668965
2	3459.907033767473
1	3464.81060403588
2	3579.1860672929374
1	3591.915551782955
1	3736.521811796913
2	3793.8784870100017
2	3841.534874870162
2	4008.5183459009395
1	4190.46282274161
1	4290.702931791288
1	4398.199792856489
2	4461.704163986387
2	4485.527719766801
1	4586.8200144680695
1	4606.541953122617
1	4714.522269819219
1	4730.57311778566
