1	80.45645099913988
2	115.3759748768506
2	115.42876634932689
2	115.45598573120574
2	115.49699418208463
2	115.59263650991545
2	115.66677744990636
2	115.71266713583219
2	115.80954352766376
2	115.85929725629546
2	115.95342600697974
2	115.97572044884247
1	120.25570835219763
1	120.31822566437992
2	138.2411255827274
2	138.3094188120504
2	138.31426957225793
2	138.3806570831378
2	138.43973738441744
2	138.54633179308394
2	138.59815434270834
1	150.3578522049804
1	150.5088147902009
1	150.58235207442044
1	160.63077278584254
2	161.18992983669722
2	161.23573334969166
2	161.25729336965
2	161.26601013337952
2	161.322587799976
1	180.88058263017268
2	183.9083189963749
2	183.90853257787305
2	183.98457628472298
2	184.0333387960236
1	200.24556525320273
1	200.3437640482694
2	206.6626091767795
2	206.7508052554399
2	229.69196851451434
2	229.72475004835655
1	230.7779873332267
1	250.3294283416953
1	250.57315083392345
1	250.9809186489442
1	251.2470932328852
2	275.143795354263
2	275.1975372945735
