2	140.85398951009162
2	236.54000702706355
2	260.44403776112097
1	461.199388131906
1	489.7344586290264
1	509.382632197466
2	547.3504875557704
1	619.6192338798735
2	1097.2707355589394
1	1160.357787776538
1	1171.7032313628843
1	1389.258955175492
1	1429.316438501693
2	1671.0865208716712
1	1705.27620537599
1	1721.3262047914855
1	1834.3701909690635
1	1972.289079425025
2	2340.5038929245743
2	2412.263783175517
2	2436.2038418360407
2	2460.055049012231
1	2493.258690827143
1	2501.3025217102017
1	2542.4784109753496
1	2881.6768445356693
1	2894.289370215145
1	2973.590014558576
1	3053.4811813705714
1	3111.402129063235
1	3189.3887401387915
2	3201.2170867616787
1	3339.436865795876
2	3488.1461620639666
1	3514.4350492730478
2	3631.6510705085884
1	3641.5924820409073
1	3786.326579052908
2	3798.9943467064627
2	3894.651989554751
2	4038.0621934883625
1	4190.515995888305
1	4340.35535483684
1	4398.2119439064845
2	4468.4484587402385
2	4516.303234520955
1	4606.222836465156
2	4635.841027316845
1	4636.520834725306
1	4656.36908135461
1	4714.683981741754
1	4730.24520812515
