2	123.5225210354382
2	211.06460147539877
2	269.42192237489206
1	509.6154389871871
1	511.31658970119275
2	532.057521574769
1	539.8522024516245
1	669.6792325252314
2	1115.7195638597514
1	1160.6761066436459
1	1172.1884803473934
1	1389.6031937636353
1	1429.7845101583512
2	1670.1268684868687
1	1705.7819295276263
1	1721.6957255060686
1	1834.843823590603
1	1972.780973215887
2	2341.301310273371
2	2428.8671163573663
2	2428.8993627865707
2	2428.93037488929
1	2543.0451923125447
1	2543.529760166811
1	2551.5001066002105
1	2931.8625039864787
1	2944.5330665650185
1	3023.766992088727
1	3054.08992599208
1	3161.9122795167923
1	3189.826461798121
2	3216.762536572693
1	3340.0860940384737
2	3479.4912337215624
1	3514.9831610213055
2	3566.9818515146762
1	3641.9372531065364
1	3786.8494830777486
2	3800.4900032191053
2	3829.6335686380858
2	4033.867616505202
1	4240.73753066286
1	4340.892532638819
1	4398.924165318434
2	4471.615915427595
2	4500.840646008616
1	4637.084873056348
1	4656.685896628664
1	4764.82639190609
1	4780.736280395998
