2	104.10557423639929
2	221.94982387399753
2	269.02222164523954
1	509.589109640705
1	511.2106374555138
1	539.7979866719093
2	551.6697595229144
1	669.5688487830485
2	1116.9615298379224
1	1160.589134155277
1	1172.093431227922
1	1389.5297379073886
1	1429.6715153886262
2	1682.2249300427968
1	1705.801342633306
1	1721.5344672059714
1	1834.686555466946
1	1972.7295022988271
2	2341.6998687073306
2	2412.3963477778234
2	2412.493171873375
2	2435.897013721655
1	2542.92511431355
1	2543.341917586958
1	2551.426869222232
1	2931.7293020280536
1	2944.4447828293364
1	3023.679628653572
1	3053.8836596081173
1	3161.8919852484178
2	3189.542753814505
1	3189.7042239670423
1	3339.971132504895
2	3472.208853585792
1	3514.939014787332
2	3589.964228332114
1	3591.245698421708
1	3786.7388134949088
2	3802.0016873245786
2	3849.069397504559
2	4037.476367474245
1	4240.628003570529
1	4340.846446541094
1	4398.791008159107
2	4437.931211127609
2	4484.9605865019785
1	4636.88816801113
1	4656.620827053913
1	4764.777096323394
1	4780.612011014296
