1	80.11141567943015
1	80.20131752376886
1	80.35253399336845
2	102.80902894865423
2	102.83084965693837
2	102.89006642395896
2	102.95654200337552
2	103.03558347825455
2	105.84497202445971
2	109.9919164839682
2	110.06058137411839
2	110.13976378721577
2	110.14705316883578
2	110.21936015663421
2	110.31473498248967
2	110.39565839954072
2	110.40772829632536
1	110.50432853160379
1	110.50983283065472
1	110.56503965385805
1	120.20749411802791
1	120.35591306871993
1	120.38534198439298
2	126.63989448603844
2	126.72800173590595
2	126.9055679339109
2	126.93486959714895
2	126.98339765286796
2	127.07508820659545
2	127.11468073166564
2	127.17582236377335
2	129.64740393675305
2	129.6598162490815
2	129.66552578673515
2	129.7432774883947
2	129.84012646860984
2	129.89559789141538
2	129.92611342261895
2	129.95476067561134
2	129.98337436312303
2	130.01664351663612
2	130.02063754879472
2	130.1056059570353
2	130.1359708327582
2	130.22515879316992
2	130.24037636425516
2	131.26347153165042
2	133.7239263275184
2	133.73190342325023
2	133.82997352607637
2	133.85898092344306
2	133.94092457304606
2	133.9797721969349
2	134.1435903764843
2	134.15926662828232
2	134.80238307069556
2	134.90037484785222
1	150.08283147535758
1	150.0961030742001
1	150.2119838016217
1	150.29807499331787
1	150.34036628704658
2	150.52906157408938
2	150.70032090628467
2	150.7038102850918
2	150.77081730726837
2	150.868061724588
2	150.8691967080942
1	150.93195726845443
1	150.95912365623062
1	151.05473575276525
2	153.45824044829962
2	153.5894434114315
2	153.67815088072382
2	153.8578334176648
2	153.96596671697742
2	153.96934311794573
2	153.9800903489488
2	155.05002291534785
2	157.60109375506164
2	157.68088683057994
2	157.84898060712993
2	157.93131261115903
2	157.981725045945
1	160.2324407032006
1	160.39310109923667
2	174.3244048958572
2	174.34632364348326
2	177.26389670158406
2	177.32702479188754
2	178.80448196116066
2	178.89362535569268
1	180.3899926452933
1	180.61068334808456
1	180.61177415978085
2	181.57976599707902
2	198.1016854599663
2	198.17167268395085
2	198.24551631489325
1	200.0745369903012
1	200.0750870752044
1	200.178060075503
1	200.3477132986023
1	200.42777240010508
1	200.44615345424646
1	200.69390192681678
1	200.86180623056254
1	200.96135956587025
2	201.08475622122882
1	201.1752345800539
1	201.19508953268954
2	202.66657535000869
2	205.2987853089989
2	222.00749139309247
2	224.96169769337305
2	229.0921295871772
2	245.78133617608236
2	248.79021472611458
1	250.37863326993374
1	250.45409711755664
1	250.5418769347699
1	250.5875006726423
1	250.6230902349099
1	250.72034735959238
2	252.8580105697587
2	269.59281946881464
2	269.6597026764674
2	269.690423728518
2	272.5989320649368
2	276.6770525493865
2	276.7204219724612
2	297.81508555784194
