2	142.59170771217543
2	212.80370169297143
2	259.6663686853086
1	461.1514286288696
1	489.7944046377523
1	509.3875595277866
2	540.8199605974371
1	619.7289525146317
2	1103.038060397753
1	1160.3998395537922
1	1171.746635538878
1	1389.3628432591124
1	1429.4606355316862
2	1665.3098719763245
1	1705.5032350213162
1	1721.349138138905
1	1834.5460850683967
1	1972.4111161243104
2	2344.7155866771895
2	2414.9688920821454
2	2415.0410141063403
2	2438.455433956954
1	2493.412188862567
1	2501.5085286902276
1	2542.5952387456446
1	2881.6670987354273
1	2894.582380618222
1	2973.6034818383105
1	3053.548298781372
1	3111.7222834051518
2	3188.1456548575056
1	3189.468430151391
1	3339.5789172358327
2	3469.2395078786735
1	3514.5991552910236
2	3562.9292278458047
1	3641.6291540467896
1	3786.3754239736986
2	3797.232958708022
2	3844.0878926349537
2	4031.4489028449475
1	4190.6639390888495
1	4340.40717258727
1	4398.343191391077
2	4453.196949952621
2	4476.643800992807
1	4636.629739313784
1	4656.295742608421
1	4714.672911886209
1	4730.610811365204
