1	80.67398125604389
2	114.4423486156918
2	114.53375726106754
2	114.6259927805477
1	120.25634478770137
2	143.02328476955879
2	143.06453677862248
2	143.09430165353837
2	143.1620956407794
2	143.2047108373155
2	143.22417062936745
2	143.36880142846996
2	143.44573853175507
2	143.53975619612987
2	143.6148211107341
2	143.67940481501566
2	143.76227697235504
2	143.7865800612737
2	143.82871258387513
1	150.84905057343718
1	150.99978390421293
1	160.8065893920952
2	171.80956946927841
2	171.84652893067235
2	171.93709403340492
2	172.02685293381026
2	172.1569645707494
2	172.23559552484429
1	181.15561123201843
2	200.0964433300724
2	200.1537274839182
2	200.2024697604915
2	200.28276763257554
1	200.3740962478825
1	201.21096015225828
2	228.7090858989375
1	230.84652276226308
1	250.3493818463785
1	250.46020017935422
1	251.13486646971143
1	251.3968302483665
2	257.1824221016058
2	285.7829391056517
2	285.7996394888904
