1	80.18089858299503
1	80.40965101935905
1	80.43462159384977
2	98.42341421082155
2	98.46302603647904
1	110.3927080471073
2	113.7860449247777
2	113.80958474972273
2	113.88452444659433
1	120.14950221632536
1	120.19669938886071
2	122.29298878067716
2	122.411950479125
2	122.45023615896118
2	122.54996987313035
2	122.63482884223417
2	122.72356519218879
2	122.81937067976375
2	122.90478282809556
2	122.95101380939441
2	122.97184485977058
2	125.99555824029022
2	126.0598285957632
2	126.14681840321023
2	126.24312330880602
2	126.25659654826472
2	126.33656378057
2	126.38288541928581
2	126.47885968688516
2	126.55501514434654
2	137.64583082304858
2	137.69947992528995
2	137.70031933144966
2	137.70601811984466
2	137.72037474502787
2	137.73805643992134
2	137.8180666830883
2	137.84707010421184
2	137.8582910702793
2	137.90780135130015
2	137.92274798672432
2	137.97801429035476
2	138.01624084337783
2	138.10451809457416
2	146.16448697825817
2	146.34657939953834
2	146.43093525434287
1	150.12764822074303
1	150.17608182610056
1	150.47919255676243
1	150.51473104051317
1	150.59423120302623
1	150.60523238174272
1	150.68924367444717
2	154.877459531237
2	154.9961179182955
2	155.1606426165895
2	155.23077053195806
2	155.2904439473539
2	155.36715747552196
2	155.38805673473627
2	155.42583932409784
1	160.37443731588755
1	160.42429729568337
1	160.56616724045114
2	161.47114766758503
2	161.4965432038687
2	161.55486734911528
2	161.67005181158044
2	161.6887194049496
2	161.7041688213658
2	161.75945528848987
2	161.78514210963434
2	169.93305427885096
2	170.02549749432168
2	170.09737913264917
2	170.2022888781324
1	180.43073921760134
1	180.6225967737659
1	180.79644168824328
2	183.64010642454326
2	183.75461026990362
2	183.76874869380154
2	183.8518118810334
2	183.93879965903847
2	184.03259196506218
2	185.64251528932573
2	194.01542517916508
2	194.0597923875587
2	194.11091920162622
2	194.1781906390446
2	194.25275291228064
2	194.26833495335177
2	194.30653056434465
1	200.18427793680308
1	200.42172986572027
1	200.67036912585874
1	200.7307896268793
1	200.7689288283588
1	200.94987297016849
1	201.39821239852674
2	209.11324058690505
1	230.64625255868273
2	232.9986095978808
2	241.04227440230528
2	241.1380955958945
1	250.10721134476316
1	250.36829866369962
1	250.62041640501036
1	250.78517991894503
1	250.83310051253395
1	250.89477151773474
1	251.1512797168361
2	256.768079609462
2	265.3938371725537
2	265.4052852156744
2	265.500746995317
2	269.76916985213234
2	269.77410782296266
2	280.6094663668614
2	298.70407877222885
