1	80.58395316800873
2	104.4381536215314
2	132.51669248703226
2	132.55891539711942
2	132.58451114534034
2	132.66161326193048
2	132.7265538542154
2	132.78101741808487
2	132.8470497609228
2	132.95605640527336
1	150.8281997180909
1	150.90912775116965
1	151.02810770449838
2	160.63728263014303
2	160.65289611443396
2	160.72913777452078
2	160.76265868918557
2	160.8336335705755
2	160.8855630673398
2	161.00735137395566
2	161.0995416198989
2	161.10856405097098
2	161.1786590827371
1	161.22879910651716
1	180.92143384584514
2	188.65292843897066
2	188.7920262557357
2	188.88502860854152
2	188.97939849739453
2	189.0994267616988
2	189.18990638345656
1	200.22967339477094
1	200.94588373042367
2	216.73348729793184
2	216.8469949238265
1	230.65284212434804
2	244.8938773632385
1	250.34832698615764
1	250.70812932226931
1	251.08425298437396
1	251.287131373857
2	272.86754334478115
2	272.91885730120407
2	300.88975218320553
