1	80.17375321791204
2	101.18938160249732
2	101.2108949761636
2	101.23774452222595
2	101.31711763888103
2	101.31830971359406
1	110.65434750280392
1	120.34733694136828
2	124.96635863496225
2	124.99811825439109
2	125.01516336889429
2	125.03373461511043
2	125.04772582134898
2	125.10936130463584
2	125.10945816454439
2	125.1530051833785
2	125.20945402619319
2	148.90516493295402
2	148.97033035152575
2	149.0164732429473
2	149.06938495424288
2	149.1302782548297
2	149.1439574937043
1	150.14826969293347
1	150.177396391415
1	150.3500929487026
2	172.74059793886414
2	172.757908936809
2	172.84998020812978
1	180.6274119845036
2	196.60189783286035
1	200.14115631574634
1	200.85058620114017
1	201.16122879995456
2	220.45206714878555
2	220.50022594142206
1	250.27121711340615
2	268.1651463602212
2	268.2344774203544
2	268.32353175776194
