1	80.51706595301562
2	109.70361632146296
2	109.71048785167135
2	109.73988994529317
2	109.83408888715763
2	109.87995870993208
2	109.88684345738059
2	109.89231250874246
2	109.90073404063699
2	109.99333648332235
2	110.03014910079816
2	110.1138124562783
2	110.2054390809405
1	120.11309757804449
1	120.29319878834552
1	120.4202641798701
2	133.37568300062597
2	133.48848298170742
2	133.53154080117335
2	133.57148372033674
2	133.62752777510534
1	150.4507115394518
1	150.65402436770904
1	150.71700994977476
2	157.0072694740354
2	157.02770058186
2	157.12639041199364
2	157.13391433951833
2	157.2321239674609
2	157.30991310289352
1	160.46427339553995
2	180.62100848249764
2	180.68599475364888
2	180.77272508333118
1	180.80922173451995
1	200.5767701621996
1	200.79478565804132
1	201.2292380238559
2	204.44287390092782
2	227.92051448121273
1	250.55308866561154
1	250.61918804739182
2	251.54259227771146
2	275.155322324559
2	275.2134361700336
