1	80.16123214745733
1	80.73114455545861
2	99.93347029298253
2	100.01370600975034
2	100.04280509338679
2	100.11814732383063
2	100.21785432507494
1	110.67181184460044
1	120.59140817560402
2	121.2568831871381
2	121.26912356551938
2	121.29069932952082
2	121.35506656460107
2	121.42426305353139
2	121.49502264745061
2	121.52294123587052
2	121.57190683880457
2	121.60373685384029
2	121.63858282499757
2	128.6921217494135
2	128.82869226316433
2	128.83603505881032
2	128.8945837759513
2	128.99276754410937
2	129.02049954503633
2	129.0844462236621
2	129.09845061897317
2	129.16909273247484
2	149.95331127988914
2	150.05048897598442
2	150.06025274801266
2	150.15361182297238
1	150.2827046099676
1	150.3465789253252
1	150.3630057298235
1	150.78713861351122
1	151.03132973744556
2	157.54189155174936
2	157.74901051222224
2	157.78718404892132
2	157.82653615033507
2	157.99011927009346
2	158.03714945932472
2	158.09527503226715
2	158.1689569785346
1	160.66696922633068
2	178.71812457182364
2	178.81570427607582
2	178.8454026590629
2	178.8981384916814
2	178.9533331101288
2	179.026702900652
2	179.06624339428032
1	180.7102416627601
1	181.03239873489125
2	186.24890099242805
2	186.30757521668787
2	186.3475207240121
1	200.1407085692833
1	200.21769557113475
1	200.90712261355966
1	201.2611145814062
1	201.27921085164843
2	207.42345887131466
2	207.44866720819257
2	215.1807522181003
2	215.2121412294827
1	230.63965337804675
2	236.06547682772361
2	243.75656051642937
1	250.22731449142935
1	250.67805430058257
1	251.0134900068969
1	251.33729922947774
2	264.8620594806988
2	264.9084076265213
2	272.42174018615634
2	272.51015100040536
2	272.52530235244205
2	293.4729917156995
