2	131.04777623001866
2	224.1164346508634
2	247.42029335285767
1	509.3321089711546
1	511.08418699115754
1	539.6818083994978
2	550.1540612704263
1	669.6110724568273
2	1108.9126971206376
1	1160.3304049350234
1	1171.9360035369266
1	1379.166599332093
1	1389.245015352424
2	1644.3365186286303
1	1705.431129229232
1	1721.4465429090158
1	1834.5030006425495
1	1972.610331643698
2	2342.8210193908376
2	2412.690252290634
2	2412.7821082106566
2	2435.9503712410087
1	2542.7572525008977
1	2543.232430101749
1	2551.305882407767
1	2931.6164905620694
1	2944.367089670822
1	3023.5478011962955
1	3053.8502736205583
1	3161.652510677474
2	3180.986370100278
1	3189.4096783148507
1	3339.8293504013163
2	3483.6562724668106
1	3514.789584341894
2	3553.476124096375
1	3641.8855994559876
2	3786.364073911645
1	3786.628164684107
2	3832.895719183758
2	4042.479847536976
1	4240.498253636374
1	4340.663149212009
1	4398.432578510086
2	4461.567929314743
2	4484.791771731374
1	4636.851507174557
1	4656.563286081277
1	4764.6852039769365
1	4780.569314649453
