2	126.92009097046638
2	242.75196992476134
2	265.8837138688063
1	461.50262113367165
1	490.0166504992242
1	509.6409664024419
2	543.724007676847
1	619.8636786429385
2	1099.4425917312592
1	1160.7417330732865
1	1172.0682589489934
1	1389.6020220906812
1	1429.6265667091527
2	1655.1158845495165
1	1705.679242301457
1	1721.6257605413598
1	1834.8339207249087
1	1972.5624321683088
2	2326.5385907078307
2	2396.0046804398326
2	2396.0580073421206
2	2419.139035095042
1	2493.6856380141658
1	2501.754227556802
1	2542.845725451788
1	2881.889055983605
1	2894.6750295496113
1	2973.878770492655
1	3053.8713926984497
1	3111.9530824925505
2	3183.252046513626
1	3189.8535138365332
1	3339.8285031710243
2	3461.090998540772
1	3514.68593065138
2	3576.8462113692076
1	3641.9186423375295
2	3785.275868810339
1	3786.5924734047626
2	3831.595497652434
2	4016.752735509762
1	4190.819010260836
1	4340.665764780198
1	4398.756529769216
2	4456.684916247406
2	4479.927343157245
1	4636.9934604475975
1	4656.513690831943
1	4715.065530376444
1	4731.053665925751
