2	134.15526690514292
2	229.79984070675533
2	253.78671066603448
1	461.367169430656
1	489.63980035700774
1	509.41477251961913
2	540.7945795897989
1	619.2648019449963
2	1114.9706652291081
1	1121.465408807375
2	1139.0047495114093
1	1160.4801391547342
1	1171.8726820020436
1	1389.3056774252595
1	1429.485839857486
2	1665.2148357431781
1	1671.1171871275133
2	1689.1463208673706
1	1705.605763924086
1	1721.4052855492475
1	1784.2666416978714
2	1808.7538608898071
1	1834.527671760071
1	1922.2856471140321
2	1952.2426771523287
1	1972.4105569579604
2	2335.059662812755
2	2406.8134830523813
2	2430.719334963879
2	2454.583834813817
1	2492.544821400521
1	2493.442594320225
1	2501.4595098454874
2	2526.370993446838
1	2542.676244561293
1	2881.686237637976
1	2894.672045131115
1	2973.2546905769445
1	3003.4714256205407
2	3004.8797399440327
1	3053.647672873018
1	3111.286337506268
2	3172.260750496216
1	3189.562390405508
1	3289.4813883806387
2	3315.864300662489
1	3339.648286741318
2	3459.334261148315
1	3464.2537336133737
2	3483.3447224560773
1	3514.6279270648383
2	3555.086610007959
1	3591.4259128589447
2	3626.840886793152
1	3641.698686550369
1	3736.2564449307642
2	3746.4867792171813
1	3786.516104909311
2	3794.304082474773
2	3842.176177087337
2	4033.5359504966946
1	4190.131718255108
1	4290.442042156966
2	4320.632540056105
1	4340.484094851465
1	4398.458289549855
2	4440.19000233712
2	4488.090462438753
1	4586.288253771491
2	4607.655053957758
1	4636.639703430249
1	4656.440231223252
1	4714.357507167482
1	4730.7388507903515
