1	80.45858773405223
2	105.39482322691138
2	105.42649060012602
2	105.48898668689017
1	120.82767617384408
2	133.9803972444196
2	134.02010713125452
2	134.0731459881592
2	134.07400694894255
2	134.16121421708738
2	134.22673540879586
2	134.25310411129445
2	134.32763432448408
2	134.40666919653557
2	134.41627879264414
2	134.49566573734026
2	134.51753579108296
2	134.53482068574414
2	134.61590439085862
1	150.44743388149854
1	150.5827899284143
1	150.64487971333276
1	160.64937317745853
2	162.35012211411305
2	162.5395271443169
2	162.58199676434876
2	162.60863530169036
2	162.63145068032824
1	180.91694701460585
2	191.06108059827557
2	191.0867081213121
2	191.10634088103743
1	200.43167983718448
2	219.55144774700486
2	219.63821703990536
2	247.8840913038883
1	250.23514249191112
1	250.5349900393261
1	250.96341357327285
1	251.28790417434453
2	276.231649583832
2	276.2856848519096
