1	80.42266508035293
2	92.77425320976391
1	120.10415633439563
2	140.55560990118508
2	140.61273778138283
2	140.68404923271677
2	140.71395335150095
2	140.8090875511754
2	140.8372141500086
2	140.92544586922867
2	141.0166162925704
2	141.10455076646207
2	141.12262267929236
2	141.2174674863019
2	141.2840450965083
2	141.31954776595302
2	141.40368143353032
1	150.56021536416878
1	150.61598775918839
1	150.65039529680965
1	160.40098405205208
2	164.60482604124246
2	164.74953741904633
2	164.8221710274498
2	164.82698677846614
1	180.26109275662986
2	188.4239955393994
2	188.44483027060332
2	188.5250487736165
2	188.55554346351104
1	200.45414009280114
1	200.46487506846202
1	200.66797713769404
1	200.76183504298487
2	212.3957133340179
2	212.52445283303535
2	236.29030679877187
2	236.33834345260573
1	250.10796675697117
1	250.74661066632117
2	284.1863017523625
2	284.27415304622076
