1	80.55608209821987
2	95.90902724331444
2	119.89651214697689
2	119.9668806234849
2	120.03829481608912
2	120.16983163602426
1	120.40328008828436
2	144.0020078150542
2	144.125201359815
2	144.22259334354183
2	144.34529645085743
2	144.40976265969752
2	144.4350193885678
2	144.44327523597843
2	144.52164779749393
2	144.6056591973526
2	144.62191382275392
2	144.6511709696601
2	144.69683114509422
2	144.73741207920685
2	144.7672551282873
1	150.6537123943708
1	150.83150846524182
1	150.9254440978229
1	160.53842474221898
2	167.9366674516121
2	168.0318404048681
2	168.03700073270605
2	168.0426349384959
2	168.11906644429214
2	168.15195276737623
1	170.2876890437222
1	180.82188884041122
2	192.12074023460778
1	200.6208925274681
1	200.80904175983548
1	201.31206830243164
2	216.02574988762942
2	239.9561500275138
2	239.98240112745293
1	250.57340668262333
1	250.7543222425686
1	250.79364505060897
2	263.9550264368145
2	287.9014827717905
2	287.9282628790343
