2	124.55514607836999
2	243.86681958160074
2	243.94433396738955
1	461.07917230963983
1	489.62152401770766
1	509.2859470081186
2	530.2356708395783
1	619.2885126632294
1	619.5848082538124
2	1103.0139533953973
1	1121.5292022304184
1	1160.253494878731
1	1171.6001682881754
1	1389.1963407673438
1	1429.3533992664204
2	1651.885066199713
1	1671.113232538198
1	1705.2027271642573
1	1721.2181277621085
1	1784.2918788434165
1	1834.3305157793116
1	1922.1745468281501
1	1972.311361084095
2	2320.120747068894
2	2391.784644242365
2	2415.596184059384
2	2439.529703734818
2	2473.0845693763013
1	2492.463658865926
1	2493.2505412020932
1	2501.26162968566
1	2542.3882338317144
1	2881.681963323677
1	2894.3164291260164
1	2973.228028763305
1	2973.5802397772304
1	3003.421512004113
1	3053.405496377064
1	3111.2299910619686
1	3111.6720700240394
2	3179.3551338298107
1	3189.2776734888093
1	3289.4390611000485
1	3339.3774315912146
2	3453.935971261644
1	3464.2950170125455
2	3465.6674369969182
1	3514.366435959761
1	3591.376349967591
2	3608.9809259463527
1	3641.5905649122924
1	3736.243774461501
2	3775.9638408167107
1	3786.3583512358496
2	3871.424338937116
2	3884.5089917713035
2	4028.0756597234367
2	4038.5261239522033
1	4190.124267628534
1	4190.5185970544
1	4290.433796107138
1	4340.242994386475
1	4398.215107968666
2	4444.199212870264
2	4458.657830879729
2	4482.68455703252
2	4491.9123926455395
1	4586.2948505819995
1	4636.456548563118
1	4656.298402078071
1	4714.223096647726
1	4714.600804730368
1	4730.682342683286
