2	123.8801505094704
2	219.22834597524042
2	242.98279139105168
1	459.27370050127024
1	461.1458635378221
1	489.5847758715699
2	528.8824023326092
1	619.5023259903123
2	1100.5285773210078
1	1110.3864632663913
1	1121.843487899897
1	1379.3723967807157
1	1389.2536941634887
2	1648.444777755996
1	1671.5086210619916
1	1705.2051827321984
1	1784.4913852381057
1	1922.5592387096763
2	2315.450565953386
2	2410.6557847141644
2	2410.715386365692
2	2434.4872083959585
1	2492.8597762897143
1	2493.2079975357965
1	2501.2697462570836
1	2881.5671539057535
1	2894.383886208045
1	2973.6274531775753
1	3003.893518234574
1	3111.7817559010787
1	3189.2348282152802
2	3196.7914887740108
1	3289.7892546181847
2	3458.7570777001843
1	3464.791939430534
2	3554.1002414749914
1	3591.8963675507885
1	3736.563048516753
2	3792.2911933590285
2	3839.9257082625427
2	4030.4782211349916
1	4190.487122509821
1	4290.678971588751
1	4398.240940370153
2	4459.1956037714
2	4483.199748675442
1	4586.787457111175
1	4606.553007256493
1	4714.672143812603
1	4730.496405185173
