2	130.37428315916188
2	132.10267446187726
2	152.602906335228
2	225.79728213549208
2	226.69466001140597
2	243.59477602752037
2	249.62056806941996
2	250.28857340513775
2	266.3773792720548
1	459.3165402950473
1	461.080034870074
1	489.6508708639526
1	509.44632327537846
1	509.58847278774505
1	511.2935567405014
1	511.3786557099914
2	535.7983579168564
2	539.4752825468466
1	539.7628711313366
1	539.834910290355
2	557.6455880703774
1	619.5379143423828
1	669.5912876981243
1	669.7333605430902
2	1101.4030364580392
2	1108.2622611405757
2	1108.405851276789
1	1110.3261412398876
1	1121.3709100572946
1	1121.7702182720698
2	1125.0935625543173
1	1160.4721428004138
1	1160.618794843749
1	1172.0337164652353
1	1172.136437400281
1	1379.3310450763825
1	1389.1939168847375
1	1389.4408583912755
1	1389.537955446865
1	1429.4909952742803
1	1429.5657989947085
2	1654.518407342468
2	1656.85744382652
2	1668.766042241192
1	1671.4201932508354
1	1705.2489366302032
1	1705.5870703296907
1	1705.8512250968536
1	1721.5453200269983
1	1721.6346561175437
1	1784.1696619949637
1	1784.5170171605464
1	1834.740909506847
1	1922.5021908623419
1	1972.6440729344108
1	1972.8351086254097
2	2324.5977443150173
2	2330.646631547505
2	2337.2969602804046
2	2396.1904347475615
2	2396.2241049210515
2	2401.6475329130476
2	2405.5249840041247
2	2405.537167627968
2	2420.0720841153566
2	2425.2459419816173
2	2428.2657531684254
2	2448.874737260396
1	2492.7403599173845
1	2493.1643124374664
1	2501.3392413080646
1	2542.7920701064318
1	2542.8841954089103
1	2543.378428544399
1	2543.470073850325
1	2551.2915840981564
1	2551.423947620053
1	2881.612143077191
1	2894.306950390677
1	2931.719416217422
1	2931.746095045897
1	2944.3894111892573
1	2944.515232074212
1	2973.535592139855
1	3003.9360035902855
1	3023.5988753738975
1	3023.7214627568123
1	3053.847739875335
1	3053.9218311097893
1	3111.613178242044
1	3161.836381020748
1	3161.8989912040793
2	3183.2562009479107
1	3189.3018915385155
1	3189.6330658229326
1	3189.839811431211
2	3202.0003313422003
2	3205.3594839313605
1	3289.809552035729
1	3339.832772534169
1	3339.9661502860145
1	3464.7742684378827
2	3465.3721016964832
2	3469.4131454325575
2	3475.064843485021
1	3514.946228762521
1	3514.9611421218433
2	3559.9468327630843
2	3564.8634778260875
2	3566.130512261331
1	3591.8488701663364
1	3641.9443004760606
1	3642.0184608937943
1	3736.555774685136
2	3779.5189088277593
1	3786.7177778927153
1	3786.799436020241
2	3793.752318627905
2	3796.3466804497757
2	3820.016529207842
2	3827.2650949812023
2	3839.174836505246
2	4018.048805307948
2	4021.2581782071784
2	4032.7598415886546
1	4190.459333998899
1	4240.630871073902
1	4240.686159681092
1	4290.136470476049
1	4290.629906663912
1	4340.69462008869
1	4398.145007603439
1	4398.521503787777
1	4398.744897656226
2	4434.687032931739
2	4447.354753781411
2	4453.675657972073
2	4471.169044669775
2	4476.423930851352
2	4481.9570625445085
1	4586.842523332018
1	4606.571457999582
1	4636.909654189221
1	4636.9968701309845
1	4656.6498857960105
1	4656.71426586169
1	4714.553012339408
1	4730.598400726343
1	4764.690108512417
1	4764.759144911381
1	4780.693802047499
1	4780.70706439599
