2	145.28455062167686
2	214.83306016011616
2	238.07197509899976
1	509.3733138322032
1	511.23203127326383
1	539.67190784651
2	562.4993965886104
1	669.5948648880222
2	1095.649273317648
1	1160.5076480729535
1	1171.9481273514216
1	1389.3656835968543
1	1429.4665237023016
2	1651.884907573398
1	1705.514284990907
1	1721.467034377806
1	1834.5948770779257
1	1972.6498451181446
2	2347.2483624910374
2	2393.640939414199
2	2416.742312613829
2	2439.9689616503724
1	2542.7326159532563
1	2543.3584056595155
1	2551.2518701283375
1	2931.683764535397
1	2944.418975972816
1	3023.56195501136
1	3053.89118401712
1	3161.8397166767486
2	3181.6129065130344
1	3189.405592415645
1	3339.8372041675857
2	3459.7514562694973
1	3514.8572987349594
2	3552.4680094603887
1	3641.9184986378973
2	3784.2899742476166
1	3786.6347926087924
2	3830.640295346113
2	4039.2203361434754
1	4240.548307227115
1	4340.672131714782
1	4398.457724410429
2	4456.471508903543
2	4479.625685968069
1	4636.89937322335
1	4656.494968421848
1	4764.7152618018235
1	4780.637879731838
