1	80.23165429565651
2	120.9632535831977
2	121.02562302878695
2	149.71439126245386
2	149.74186452242785
2	149.7680144141666
2	149.77354006674952
2	149.85632201529893
2	149.93745480932364
2	150.04546170049827
2	150.0761836582978
2	150.14886058108596
2	150.156596901497
2	150.16964910701586
2	150.17363949601628
1	150.20412484620616
1	150.2520157744134
1	160.37980756759225
2	178.4111949598916
2	178.43754758109634
2	178.5167568450322
2	178.6151095755379
2	178.6641663648576
2	178.79256019808383
1	180.68765350803767
1	200.19230860715817
1	200.205218859464
1	201.2607262000791
2	207.10054774698813
2	207.19498522264752
2	207.28808385202979
1	250.5283094893693
2	264.51495995578404
2	264.57920406848126
2	293.2343431246391
2	293.2978890684826
