2	130.5372961276707
2	245.24127442775168
2	245.3207669694087
1	509.41648245374336
1	511.2571604817802
1	539.7954567617004
2	560.6029455055503
1	669.6397261166683
2	1105.3512598696298
1	1160.4906771648211
1	1172.0478860945025
1	1389.4687673549088
1	1429.5006931273495
2	1650.144864276061
1	1671.0984248786383
1	1705.6286178337655
1	1834.707803835569
1	1972.6860323633748
2	2338.2953472659774
2	2395.645565386423
2	2424.330203539578
2	2453.017766681586
1	2542.8257093656803
1	2543.3372107016944
1	2551.374452524181
1	2931.737446793273
1	2944.361224538573
1	3023.5403746870124
1	3053.947694059312
1	3161.786116617419
1	3189.615859737615
2	3198.497764298693
1	3339.8556695782036
2	3485.237366175366
1	3514.852203185021
2	3571.277598863575
1	3641.90128505097
1	3786.712626012455
2	3800.6435932170607
2	3829.342482377809
2	4029.966539472589
1	4240.599978553595
1	4340.78674816672
1	4398.573967264899
2	4460.099571023853
2	4488.742906455347
1	4637.0004531670975
1	4656.607680892736
1	4764.753025840891
1	4780.645513698198
