2	137.96257701185374
2	234.12437642983002
2	258.1845108979897
1	509.4859785709617
1	511.23678633285823
1	539.7580152520069
2	546.7368450902899
1	669.5829039384331
2	1099.8427893505113
1	1160.5501714451484
1	1172.0852039395131
1	1389.519276773398
1	1429.5725563065803
2	1676.979322108721
1	1705.7269124241232
1	1721.5095337893285
1	1834.6122785337277
1	1972.6920289840214
2	2326.2018773640866
2	2398.3404249000446
2	2422.3370613634693
2	2446.4295293437494
1	2492.2386796290243
2	2518.613174121085
1	2542.6440066681307
1	2543.3470956593264
1	2551.489193125129
1	2931.6992769319895
1	2944.4763909262274
1	3003.231161097536
2	3023.5874297339733
1	3023.656389469197
1	3053.8714972679086
1	3161.8194086114495
1	3189.7438901314945
2	3191.850030026179
1	3339.9451079138207
2	3456.355081889634
1	3514.928685249737
2	3552.506101470089
1	3641.9628689705296
1	3786.6701446676834
2	3792.983052250925
2	3841.0666391158197
2	4009.4104465873297
1	4240.6486082693245
1	4340.766805042558
1	4398.678879546022
2	4442.250862221797
2	4490.288138632933
1	4586.193432953805
2	4610.5414487224725
1	4636.922096793849
1	4656.615566591123
1	4764.686650648996
1	4780.756208837382
