1	80.44341850869878
2	107.34240274744091
1	120.44142585799553
2	131.42995804328942
2	131.482574363707
2	131.56441358437945
2	131.62460544804853
2	131.71916876798312
2	131.79145455350434
2	131.85789328425693
2	131.93089018059283
2	132.02068831392998
2	132.06872306114275
2	132.12874271040855
2	132.22327370033008
2	132.29862779432872
2	132.34397463574552
1	150.58038175989336
1	150.68745063478391
1	150.80455734324403
2	155.3911262259154
2	155.41134335224044
2	155.61340022710243
2	155.76240740761304
1	160.41538866797902
2	179.6255621607355
2	179.66952590905186
2	179.68193728058222
2	179.76931016997727
1	180.16793524599797
1	200.2438015710779
1	200.93171696578347
1	200.96256608707085
1	201.26315569618285
2	203.46423181123555
2	203.64848954364535
2	227.4928717430519
2	227.5615697345336
1	250.37158048981007
1	250.78461561311556
2	251.44410126056923
2	275.550509332395
2	299.5078497408737
