1	80.18022797550213
1	110.53185384874904
2	119.44474012001227
2	119.4943917361585
2	119.49724311283403
2	119.59052560326883
2	119.68976302628285
2	119.77611467551937
2	119.78903380878528
2	119.85340419785229
2	119.91581491769564
1	120.41891472111955
2	143.2606659208742
2	143.3279238429045
2	143.34786294553456
2	143.41647516205379
2	143.44066154332046
2	143.52108213201362
2	143.55032513442924
2	143.61589751567266
2	143.66772834964667
1	150.07287220417064
1	150.21389174384592
1	150.3138085797464
2	167.08605820254112
2	167.35119686844754
2	167.3968505684923
2	167.45332389465437
1	180.54955156782503
2	190.84095548064886
1	200.09793933610135
1	200.89960407757985
1	201.2163635322561
2	214.7227234029556
2	238.50507471050588
2	238.56026625988898
1	250.37611129734216
2	286.14808185621894
2	286.16421621369324
