1	80.19691446919767
1	110.64329278827998
2	112.32842335099043
2	112.35509549642549
2	112.41958140606293
2	112.51199503879624
2	112.5538951484921
2	112.60557389270068
2	112.6966172577189
2	112.79095566613519
2	112.79321028864528
2	112.8466479994827
2	112.91162583933725
1	120.21787660029797
1	120.32479421447711
2	136.17609783444038
2	136.2987510240483
2	136.37955330506105
2	136.44136268503527
2	136.4825510635492
1	150.07706980715196
1	150.22053702604202
1	150.35843147190513
2	160.1643685009626
2	160.23558081384158
2	160.28169175495924
2	160.32313697944116
2	160.33561346437725
2	160.4260278583528
1	180.63388289739865
2	183.86593708322349
2	184.00188531243504
2	184.0693230105668
1	200.1402908791004
1	200.9231532244053
1	201.24218936425368
2	207.76113306143031
2	231.55849564332974
1	250.27448090721302
2	255.48234222097898
2	255.57747182727798
2	279.2669278175991
