2	109.50856284920606
2	224.51992950172098
2	253.2948162448206
1	461.3052815996272
1	489.82668594795587
1	509.5148138143856
2	540.8853940245132
1	619.8098515838697
2	1116.0308778320607
1	1160.458013435891
1	1171.8397450662162
1	1389.4956879502693
1	1429.531191956775
2	1662.537568636067
1	1705.467309099124
1	1721.3815058527598
1	1834.4454593486696
1	1972.3578260685329
2	2323.9846454715516
2	2410.2393877954823
2	2438.9533710210576
2	2439.1426215354786
1	2493.579361186227
1	2501.578873920945
1	2542.6509631152367
1	2881.8014725183125
1	2894.568609620431
1	2973.6917504248568
1	3053.622412102298
1	3111.6819023010344
1	3189.5523914126215
2	3215.519878645988
1	3339.548374070541
2	3474.3116466551737
1	3514.5527995510406
2	3589.3773999833825
1	3641.7179415149253
1	3786.450082888361
2	3819.481288190281
2	3876.980580882177
2	4049.481508217765
1	4190.641299600062
1	4340.568336556965
1	4398.437799081089
2	4452.162078368934
2	4509.697118356093
1	4636.667562166444
1	4656.499706024985
1	4714.876846125081
1	4730.786449425996
