1	80.59087562721021
2	102.80733988681494
1	120.41404407298478
2	126.77439112058791
2	126.79244011464952
2	126.8882851614464
2	126.92661335464315
2	126.94427242425226
2	127.07467975943591
2	127.13837654030476
2	127.17716931867425
1	150.69182745963155
2	150.75003794946153
2	150.92838297581406
2	150.97365778742915
2	151.04458474795103
2	151.11673381568653
2	151.1345152899564
2	151.16861714123507
2	151.19626834574083
2	151.3340325699528
2	151.41630956259692
1	151.55034882833357
1	151.56844887506384
1	160.57242734070874
2	174.72857796202007
2	174.90953630466026
2	174.91942322775824
2	175.01020162221857
2	175.1011045867066
1	180.75106763464558
2	198.85385541202987
2	198.93773425986723
1	200.6395695458449
1	200.82365520160926
1	201.3042487901776
2	222.86646491171024
2	246.8228838245726
1	250.54963186122203
1	250.75630439056124
1	250.7872669381604
2	270.79468511456247
2	270.851645832114
2	294.8558189707513
