1	80.61928264400377
2	114.59051034759631
2	114.62400904460742
2	114.64200582232813
2	114.74192149737257
2	114.8054701647304
1	120.18742768156004
1	120.39257203101326
2	138.1024272544171
2	138.15165754965824
2	138.22408395089272
2	138.237914325545
2	138.2882849074836
2	138.49539404556464
2	138.55085691266328
2	138.60077607487727
2	138.66734229454858
1	150.30207334629387
1	150.76431182175557
1	150.8479451496984
1	160.51004285599467
2	161.65726068093034
2	161.75854112760084
2	161.80211091167087
2	161.8474039234614
2	161.9342333377142
2	162.0456766053387
2	162.1118680293253
2	162.15626110141636
1	180.86905875242385
2	185.226450869978
2	185.25982585217656
2	185.34336268807644
1	200.82410412875797
1	201.36512367442194
2	208.81729465624298
2	232.26083681892416
2	232.37094869916118
1	250.2527638019957
1	250.39362100803697
1	251.01216652868925
2	279.3473078255764
2	279.39121474098465
2	279.4071525973662
