2	105.46871583895734
2	224.66923741071096
2	248.54845300253962
1	459.36909795474793
1	461.0467956023496
1	489.58985996576445
2	534.7050807810642
1	619.5653408197925
2	1107.1879009219542
1	1110.366925775462
1	1121.7833553058158
1	1379.2840662396973
1	1389.1468798408166
2	1655.7266372820732
1	1671.4301779163416
1	1705.2477844035732
1	1784.5570526190277
1	1922.4678432967526
2	2323.4833570692867
2	2395.056895266513
2	2395.105784838496
2	2418.9458804921846
1	2492.6516048154776
1	2493.256410251999
1	2501.3029968147616
1	2881.6245387957074
1	2894.2877538686334
1	2973.562556985092
1	3003.9839031218016
1	3111.65903936584
2	3182.19699816183
1	3189.3495389645936
1	3289.7935155765117
1	3464.772167076411
2	3468.3836503020007
2	3563.7918824212093
1	3591.8394360445473
1	3736.550318276069
2	3778.427036934303
2	3826.1526345033512
2	4016.876407119223
1	4190.43806849528
1	4290.700088399026
1	4398.217893496372
2	4446.227720330664
2	4470.058227531783
1	4586.858349547274
1	4606.556371729401
1	4714.572751419521
1	4730.5419953166365
