1	80.18849550382394
1	80.54220391093226
2	106.2205236620998
2	106.29356907398609
2	106.31039760955909
2	116.99465447995354
2	117.04405373078353
2	117.13226249995898
2	117.22053098258975
2	117.22422350635742
2	117.24319982824952
2	117.34185503755128
2	117.35554132682954
1	120.09521648849989
1	120.38676207957054
1	120.54621717332112
2	134.5617672915185
2	134.64935070967832
2	134.73886378001234
2	134.76006441786254
2	134.79891731871965
2	134.8669255230237
2	134.91438295093363
2	134.96669496500175
2	135.03417236288962
2	135.12417397102172
2	140.83507730915827
2	140.8737341070472
2	140.96119639444154
2	141.10604509636866
2	141.15366266760134
2	141.15750019440353
2	141.19934499930315
2	141.23314552492107
1	150.04759770991623
1	150.14325281970193
1	150.6311010996863
1	150.78009706004246
1	150.83887327932172
1	160.2744210945543
1	160.46285498446062
2	162.8238433674585
2	163.00447667192114
2	163.1567544990273
2	163.37510853276294
2	163.53343125738826
2	163.53814765942647
2	163.62194994769496
2	164.62196295432184
2	164.6393142832572
2	164.7865585214196
2	164.7961865842579
2	164.81020104070066
2	164.8498944123883
1	180.54451236256068
1	180.9412487687124
2	188.50064311203005
2	188.50784236375364
2	191.1663324180993
2	191.26014626849823
2	191.36520050686406
2	191.50870162629266
1	200.09943052316726
1	200.1568213741584
1	200.17266529483854
1	200.65164168589953
1	201.19549328248982
1	201.50489197023515
2	212.30699538500477
2	212.4995470360104
2	212.623057123664
2	219.47340917767352
2	247.8291668360636
2	247.87050739102375
2	247.9379308235136
1	250.3125660221427
1	250.44330951361533
1	250.66390940305436
1	250.8703449410079
1	250.93445183799503
2	259.9625463448614
2	259.9865551657246
2	276.07226913564017
2	276.17321614697056
2	276.2152785415329
2	283.883389629374
