1	80.71396802783411
2	113.84539927734815
2	113.89358387074162
2	113.99295074071634
2	113.99297655175984
2	114.0729779402151
2	114.17053760303496
2	114.26265267832467
2	114.34827900428061
2	114.43983461119429
2	114.5090228207579
1	120.29708320198215
1	120.69598969349833
2	136.66604617321389
2	136.73568439143037
2	136.76339769762285
2	136.7873432899931
2	136.83627624777037
2	136.9031196147613
2	136.9102420370973
2	137.0009548471382
2	137.00630101262453
2	137.08248231465703
2	137.08778274336328
1	151.23386976109404
1	151.39626183745042
1	151.45704318868022
2	159.81863212495688
2	159.8648742584178
1	160.73491492275457
1	180.99828755449582
2	182.09547385099808
2	204.7322192871327
2	227.4255775888597
2	227.4485902932441
2	227.59829317171906
1	230.6981419997436
2	250.12108285056087
1	250.33521535646406
1	250.65473576133178
1	251.20118794529557
1	251.3447610679677
2	295.5309449034943
2	295.5728431708687
