2	118.83960628555892
2	123.83400624982721
2	203.54542853930354
2	227.4426821863749
2	235.99630982946024
2	243.22416906351418
2	243.22545717360714
2	251.32385431696946
2	265.3519858397164
1	461.10803752429035
1	489.616070935378
1	509.1899818288695
1	509.24044831440636
1	509.2536594499135
1	511.0923064375878
1	511.0935038418552
2	529.5478762480462
1	539.6074505349985
1	539.6634566261316
2	558.3337646131757
2	561.3754670747323
1	619.535848436794
1	669.5100294235905
1	669.622770055593
2	1102.3877666097912
2	1110.0778655627553
1	1110.417632448749
1	1110.5209536417726
2	1114.9973571041894
1	1160.247889617373
1	1171.6170354909857
1	1171.882643809367
1	1171.9499017313974
1	1389.2188788184026
1	1389.2374186614327
1	1389.4273225852082
1	1429.2770850738082
1	1429.3617169683819
1	1429.4168467407476
2	1642.3963228418143
2	1651.209086074892
2	1658.7744476888495
1	1705.2423112040963
1	1705.2560761286456
1	1705.5589363371582
1	1721.2383984804294
1	1721.387797293019
1	1721.4562274194022
1	1834.3012165932753
1	1834.4793923653417
1	1834.6203598246686
1	1972.2568836530124
1	1972.5406630109544
1	1972.5516981119451
2	2319.4427466532024
2	2326.6526675011246
2	2345.5735168994197
2	2391.07925903946
2	2398.3040712232914
2	2404.1537776445666
2	2414.9639644604545
2	2433.467760268989
2	2433.4789883870594
2	2438.8187680992605
2	2446.006239859142
2	2446.0225104282754
1	2493.171991692803
1	2501.2694162915286
1	2542.443385837419
1	2542.7313083848826
1	2542.8291860822083
1	2543.2304339623715
1	2543.291391661625
1	2551.244429545583
1	2551.353229950569
1	2881.631516694453
1	2894.298599218291
1	2931.590518011199
1	2931.6503538943703
1	2944.289817400344
1	2944.318499097079
1	2973.605387860126
1	3023.5680497029643
1	3023.649039646516
1	3053.44874932118
1	3053.7959081889267
1	3053.9200097694215
1	3111.6393453537867
1	3161.653562828703
1	3161.724187981835
2	3178.628134112591
1	3189.254949937746
1	3189.3435377316996
1	3189.4759421899594
2	3195.2834199874296
2	3209.3080786499704
1	3339.4027112930467
1	3339.784562034465
1	3339.8683919364444
2	3458.9884706588596
2	3465.022426776792
2	3495.632406698559
1	3514.414352540674
1	3514.7890347117204
1	3514.812009214165
2	3543.3164975320083
2	3546.9130504922596
2	3608.2729292523186
1	3641.53482086268
1	3641.865374973449
1	3641.9474219894937
2	3775.2403920428933
1	3786.293255067189
1	3786.5707105173697
1	3786.652203898055
2	3805.7717676922202
2	3810.5807799308946
2	3829.612192687832
2	3839.858697284007
2	3870.6880825999374
2	4015.6816048414466
2	4037.7872566452497
2	4044.3105579269213
1	4190.474156212014
1	4240.499640343746
1	4240.552064405284
1	4340.249822352462
1	4340.595310103849
1	4340.714050008705
1	4398.127390171893
1	4398.317566652722
1	4398.464330080494
2	4443.460743085229
2	4449.840532023311
2	4455.1562994581245
2	4473.695313693323
2	4484.42045933554
2	4491.213249787381
1	4636.518118402579
1	4636.820083007577
1	4636.882712469247
1	4656.353555115826
1	4656.522040468972
1	4656.553604035043
1	4714.608939383994
1	4730.688621260379
1	4764.679561403087
1	4764.7679170736155
1	4780.539011115029
1	4780.581929846185
