2	123.93231548908949
2	134.33727157492257
2	140.64132675339155
2	212.11991520803448
2	219.18470779132164
2	227.57725304128917
2	250.81153875061239
2	259.6508734180523
2	266.94234721660314
1	461.0576470954869
1	489.61493400929595
1	509.2410136184585
1	509.40656306314503
1	509.5663375025868
1	511.1426909167095
1	511.31325054006277
2	530.4355852246441
1	539.7437787606435
1	539.801322341424
2	545.3970790607664
2	552.932201322849
1	619.6060821454507
1	669.5864326322137
1	669.6217739592638
2	1092.8787053321048
2	1101.0938396011466
2	1112.6943216048298
1	1121.258563133817
1	1121.5300300136887
2	1140.5305618709172
1	1160.2994049388838
1	1160.514223855826
1	1160.6584076308181
1	1171.6690455321746
1	1171.9891208152035
1	1172.1693333473897
1	1389.1306593673114
1	1389.4162081269549
1	1389.5819396316901
1	1429.35457341606
1	1429.4519044913882
1	1429.7017932563842
2	1664.3187429368966
2	1671.6784590651223
2	1673.1611504667105
1	1705.2519320800045
1	1705.5993949830595
1	1705.8335343348797
1	1721.2566978105272
1	1721.384606101255
1	1721.5842753271718
1	1834.401435394803
1	1834.5839948113182
1	1834.7465138190914
1	1972.2862708714238
1	1972.6144230539069
1	1972.7934000258747
2	2316.773041977304
2	2323.840364654343
2	2330.8542247181904
2	2388.3050962933144
2	2402.3401531440504
2	2402.356789736225
2	2412.101650336753
2	2417.070113938968
2	2417.1621112938697
2	2435.914906207621
2	2440.2817910078847
2	2449.9169945810245
1	2493.30640252685
1	2501.361979678163
1	2542.432612722741
1	2542.8111858313046
1	2542.93169584317
1	2543.285518442917
1	2543.420644696956
1	2551.3095507067546
1	2551.5162977133778
1	2881.631939809036
1	2894.344587903665
1	2931.6158074717328
1	2931.712612560575
1	2944.423682785583
1	2944.586522578392
1	2973.469760074559
1	3003.3323603108374
2	3021.2474893753333
1	3023.6331905822663
1	3023.6971408347167
1	3053.443979433517
1	3053.8105676169826
1	3053.8425692783176
1	3111.617698234655
1	3161.7053878292095
1	3161.7643338072135
2	3174.7881835668404
2	3187.88315403683
1	3189.339633588301
1	3189.658802991618
1	3189.8366795420297
2	3208.9718588638
1	3289.4334773593364
2	3306.9464959210277
1	3339.5287375876155
1	3339.846492849518
1	3340.0957125978466
2	3460.835550889281
1	3464.2519875937223
2	3465.1793850703875
2	3473.563425435668
2	3473.6387066787383
1	3514.3707814641775
1	3514.888229781656
1	3514.996804983079
2	3545.0154313439043
2	3558.3441355609584
1	3591.3885963440666
2	3592.629496131804
2	3627.6469451499415
1	3641.503653286911
1	3641.8171752041108
1	3642.0465503282107
1	3736.20015689904
2	3759.308759753547
1	3786.287505551669
1	3786.5787584610675
1	3786.7707269771977
2	3791.2241296909747
2	3794.4958474389327
2	3806.859461714944
2	3830.7538902711844
2	3861.148662494191
2	3866.0157993487164
2	4021.1981208192005
2	4024.236950873848
2	4032.8127040640707
1	4190.435285951739
1	4240.463628770091
1	4240.666493886379
1	4290.259926928873
2	4306.825382078331
1	4340.310313743482
1	4340.713697014481
1	4340.844585081165
1	4398.266139668683
1	4398.6579639852425
1	4398.682779838169
2	4438.018987555797
2	4443.502155646982
2	4449.7270528037
2	4483.335415871143
2	4485.727114541335
2	4490.049875155066
2	4497.344042897037
1	4586.406531570359
2	4592.50508447163
1	4636.564045705353
1	4636.83517871176
1	4637.036836131783
1	4656.291257025941
1	4656.54144491156
1	4656.728997253801
1	4714.6742261012
1	4730.528223135823
1	4764.692738560831
1	4764.705458354694
1	4780.488497698976
1	4780.633801703934
