2	217.34407239258857
2	217.4293031776529
2	240.13770435538436
1	509.26231621075567
1	511.2107162971662
1	539.6761555861021
2	558.5383848858006
1	669.5975987347346
2	1104.3359913193242
1	1110.4260051480383
1	1171.8398708436246
1	1389.2302263336564
1	1429.3087000200799
2	1650.1849617535845
1	1705.319837526039
1	1721.3820644331809
1	1834.580394216507
1	1972.604727602667
2	2332.4713767071544
2	2423.524643135225
2	2446.2407183273276
2	2469.0207123732375
1	2542.7543307808273
1	2543.2659947769916
1	2551.3597482100577
1	2931.608398211994
1	2944.3519186681137
1	3023.5710799433764
1	3053.862861933474
1	3161.6442848397423
1	3189.3645384787164
2	3219.470186800514
1	3339.784627605534
2	3492.4208543983045
1	3514.923603230452
2	3560.6527042025486
1	3641.932451515049
1	3786.6023983254677
2	3810.8531892431115
2	3833.580522663702
2	4038.2655142935346
1	4240.5221141718985
1	4340.704580020987
1	4398.367276858405
2	4447.696610500083
2	4470.44718870434
1	4636.860826133899
1	4656.514016968839
1	4764.684746011406
1	4780.529965650444
