2	109.50563631882723
2	223.3710303393159
2	246.09812666165087
1	509.66834251899655
1	511.27112742131226
1	539.7851411162536
2	541.9609356611396
1	669.6097347494135
2	1111.0518031753536
1	1160.694934417236
1	1172.2016616109927
1	1389.4641246571398
1	1429.7895574706008
2	1657.3111751502245
1	1705.826257198033
1	1721.6636790058308
1	1834.7877803053982
1	1972.8544543363284
2	2340.1439628750413
2	2408.3935800146305
2	2408.4604146992397
2	2431.1112461050798
1	2542.92193047126
1	2543.4722533273753
1	2551.5879679145705
1	2931.7759770027596
1	2944.5750177709333
1	3023.7347375288105
1	3053.9559396957598
1	3161.9746910136337
2	3182.2279912590507
1	3189.8247464212113
1	3340.032299873425
2	3478.1609164753727
1	3515.095879101997
2	3569.1893929235202
1	3642.0262199989515
1	3736.550099190641
2	3773.998214909287
1	3786.7533303203854
2	3796.8165120410367
2	3842.3659700805115
2	4024.4252700692496
1	4240.760678364547
1	4340.800880417413
1	4398.8306003951175
2	4456.878319563957
2	4479.610032586189
1	4636.951637448488
1	4656.783627383348
1	4764.745868141464
1	4780.790039614936
