2	213.0210270738056
2	236.2941452610538
2	259.5695513132736
1	509.31047082676633
1	511.17319675958424
1	539.6806851376559
2	562.0180104668669
1	669.5388938043958
1	1110.4537097211871
2	1120.488446143123
1	1171.90450060361
1	1389.2723931686326
1	1429.27701942717
2	1655.6267801509584
1	1705.4031987416734
1	1721.3715017594777
1	1834.5649329930854
1	1972.6274586236439
2	2330.4041839898537
2	2400.2195716776264
2	2446.775177166018
2	2446.8676625803355
1	2542.681740361107
1	2543.2685457085786
1	2551.357805838189
1	2931.6975120929296
1	2944.28962816653
1	3023.623666581714
1	3053.8862039503465
1	3161.7642430596115
1	3189.3903078196186
2	3191.357387686965
1	3339.8255079875744
2	3493.9359471342577
1	3514.874632368741
2	3540.474084041709
1	3641.9541395582437
1	3786.665276687621
2	3819.6218629744917
2	3842.936008944029
2	4052.314084976407
1	4240.467288735126
1	4340.690363304035
1	4398.300079306055
2	4447.9569220500125
2	4471.173952317293
1	4636.849579358466
1	4656.550193282512
1	4764.6808158712465
1	4780.606576902623
