1	80.1513501873706
1	80.1876908641144
2	106.50335023747164
2	106.57897200411485
2	106.6252656312716
2	106.65355153399325
2	106.72865783391735
2	106.74173782191444
2	106.8077945635932
2	106.86807315931794
2	106.918847003025
2	107.00779312396467
1	110.6263894032826
2	114.57386720339088
2	114.58777747530377
2	114.63643147426434
2	114.66990794739661
2	114.70936371997738
2	114.85227972459676
1	120.15652357423042
1	120.31354801325134
1	120.35948774830666
2	130.30681299736497
2	130.39853401557892
2	130.53760142680994
2	130.63371741434597
2	130.6532102200776
2	130.67666930367895
2	138.40594835948278
2	138.5111612290692
2	138.5472241702312
2	138.60142299817088
2	138.64887242102088
2	138.72743343444836
2	138.8102788293326
2	138.8706661066655
2	138.94354168393102
1	150.059285283937
1	150.16925649079013
1	150.19872656622246
1	150.22068851347535
1	150.35899058048372
2	154.2496008093202
2	154.25435065040196
2	154.29717410460339
2	154.3779805369666
2	154.4702669198642
2	154.47752455229545
1	160.23193511751387
2	162.28096598692716
2	162.3156127127654
2	162.44696126937805
2	162.45534671632805
2	162.51491175599756
2	162.59397305626086
2	178.00547492375208
2	178.16016319106905
2	178.2147591185358
1	180.55764533268731
1	180.61246369256838
2	186.14045117824622
2	186.23220104426179
1	200.10928381123512
1	200.2073531772651
1	200.30048409757848
1	200.90581217599646
1	201.15633335485154
1	201.20408651347415
2	201.8656047483948
2	209.97198269161368
2	210.10742146679206
2	225.73386612465077
2	233.73462483766295
2	249.6259118070537
1	250.26407118701252
1	250.34017735954313
1	250.40815809878646
2	257.5864321051404
2	273.439149969644
2	273.48487421317213
2	281.40954014342
2	281.5024240501259
