2	158.60204541613456
2	197.7010816514059
2	221.53046477118974
2	244.13486049853412
2	244.18950360801793
2	245.4791105278102
1	509.2017073109593
1	509.5949539893314
1	511.1274128210819
1	511.2436024562121
1	539.5927123039813
1	539.8025260935557
2	555.5093246186772
2	557.9348548406871
1	669.5594455295677
1	669.6551795729744
2	1104.1836848913335
1	1110.3566846694757
2	1128.446634189768
1	1160.682754775747
1	1171.8128416305406
1	1172.1001683517588
1	1389.1423056700148
1	1389.5649551109889
1	1429.3318159259086
1	1429.6874155797177
2	1652.8744993864875
2	1670.4246447884
1	1705.3389959860706
1	1705.6881444390997
1	1721.372914202144
1	1721.5427137776735
1	1834.515043281587
1	1834.8225882569773
1	1972.5904923909459
1	1972.7824739628536
2	2320.835558295681
2	2326.496105655434
2	2392.3937853494235
2	2412.0376965978653
2	2412.0884666886623
2	2440.082349169884
2	2440.6110129899857
2	2464.0215572749808
1	2542.7472613296586
1	2542.9827156867455
1	2543.274603586965
1	2543.3706842070956
1	2551.215178627577
1	2551.4174776071823
1	2931.555310200287
1	2931.6925615135515
1	2944.2954348018543
1	2944.572304929722
1	3023.5657206332426
1	3023.7263523987494
1	3053.843017114752
1	3054.024659191248
1	3161.6661298365557
1	3161.8404638715374
1	3189.2995137679227
1	3189.7649826214442
2	3203.4670970034445
2	3210.724849610451
1	3289.300451873512
2	3324.8062975257203
1	3339.7332337864104
1	3339.943787422943
2	3467.4367216667474
2	3489.778422956129
1	3514.84271176088
1	3514.977628973291
2	3561.33689612128
2	3581.5834126190985
1	3641.8699135444417
1	3641.9836151796194
1	3786.5639487201156
1	3786.746504625324
2	3799.8894137316706
2	3809.749313804301
2	3823.7030534532378
2	3838.328807882813
2	4037.9519040374953
2	4038.4422284702086
1	4240.4885738522535
1	4240.605287564697
1	4340.618424874011
1	4340.810425615962
1	4398.269571296298
1	4398.755458174665
2	4443.921381587385
2	4465.829922662988
2	4467.791182463046
2	4494.357145846579
1	4636.784283753313
1	4637.051163106724
1	4656.498576213124
1	4656.67894222338
1	4764.59975941513
1	4764.849168310603
1	4780.543597055998
1	4780.645665858108
