1	80.12690769978919
1	80.16621545287829
1	80.18229111334665
2	94.25810899125126
2	107.89722079529287
2	107.90584902029322
2	107.95720058770004
2	108.00789955428085
2	108.08945048360157
2	108.11314105174236
2	108.1169137351428
2	108.19423984972757
1	110.58110096662166
1	110.64367532191848
2	110.66853728323362
2	110.76493512990145
2	110.77427052232875
2	110.82319198762413
2	110.85593783322449
2	110.94078741791942
2	110.96388316822032
2	110.98521681221537
2	111.0440200380821
2	111.13918752395257
2	111.15152334439132
2	118.00803772658678
2	118.05609532303995
2	118.11067891911286
2	118.17260766686924
2	118.18432174992728
2	118.19271935129328
2	118.2717828323572
2	118.35230562304989
1	120.09160624479387
1	120.16658933375247
1	120.36257593033581
1	120.39096346502309
1	120.41356777585386
2	131.74090623785457
2	131.8250043147111
2	131.82760250180493
2	131.8493739154536
2	131.89431524523064
2	131.91085033043424
2	132.00950701231153
2	132.04637765137844
2	134.52797434262726
2	134.53500441973995
2	134.62433531281033
2	134.6701056936727
2	134.73289551182592
2	141.86542028894362
2	141.91265098106152
2	141.99544621891405
2	142.0414828962498
2	142.14099012422128
2	142.14400340442964
2	142.21331572565327
2	142.21961317824787
1	150.077931925955
1	150.07838032183457
1	150.10598556095937
1	150.2282048160185
1	150.25865160052794
1	150.30127051465973
1	150.3845357293185
1	150.3912954781514
2	155.60164795718978
2	155.69398655652697
2	155.78975098433676
2	155.801719171076
2	155.89600452940925
2	158.4493853298019
2	158.53442794978469
2	158.61040249181653
2	158.66509824654878
2	158.6870612973707
2	158.69845783094084
1	160.1931958980473
2	165.67103894368816
2	165.815853558605
2	165.9032366919651
2	165.98771211314929
2	166.06440492667443
2	179.41324780412245
2	179.67101657082216
1	180.60637078711176
1	180.70027365680704
1	180.71200970531234
2	182.26033287170722
2	182.41275296097535
2	182.4957828515277
2	189.5835078672615
2	189.6596076255818
1	200.0426362355148
1	200.08871369783188
1	200.11571871728754
1	200.12436099333684
1	200.87536574825472
1	200.96316398251346
1	201.12349165635686
1	201.16312614212953
1	201.20942151421863
2	203.251688260502
2	206.12619326294143
2	213.38399695585687
2	213.56927803822634
2	213.70437723849972
2	226.9912357672181
2	229.94659056146463
1	250.3467908330248
1	250.35987265943857
1	250.43495796925234
1	250.46376730461148
2	250.8548743275263
2	253.77159316564828
2	253.785281883587
2	261.0486115514862
2	261.1451394244454
2	274.69502078613726
2	274.73329359344814
2	277.68345969685544
2	284.9259128473726
