1	80.13466753415
2	97.81436257720877
2	100.18390563740834
2	100.22867175708447
2	100.28365591699875
2	100.36415673714487
2	102.39010806839303
2	103.83115872878406
2	103.90754382288854
2	104.41321943724783
1	110.1728018316048
1	110.28516990712431
1	110.3596526338974
1	110.48369889531962
2	114.82184695494286
2	114.89392557443554
1	120.18243353025649
1	120.25100153236873
1	120.3267031416187
2	121.71735086920305
2	121.80138734891783
2	121.85658498154777
2	121.88569487680816
2	124.06277789292801
2	124.11089742884104
2	124.12592272842578
2	124.15277008336273
2	127.67818583225221
2	127.68452039295265
2	127.73392983363934
2	127.76162686410147
2	127.78371283765385
2	127.78454352192344
2	128.23018585406862
2	128.2638771336921
2	128.3131877821331
2	131.6899386121112
2	138.60230745282817
2	138.63942852442858
2	138.6640429250441
2	138.75908166903778
2	138.79028377545032
2	138.85113060770828
2	138.9351616368582
2	140.42776217026554
2	142.0316898822482
2	142.05107472868445
2	145.54223662684024
2	145.60573947946637
2	145.66313167154706
2	147.85212481408698
2	147.90907715845975
2	147.9150755351271
2	147.95244283793403
2	147.97181156702268
1	150.04782667417592
1	150.16672506910666
1	150.17532320337537
2	151.51477629599083
2	151.52508632489102
2	151.6493760733434
2	151.70966402031954
2	152.08657552074374
2	152.15372485833754
2	152.20200636778267
2	152.2066249667723
2	152.25715239943267
2	158.93070145870868
2	162.54965747229417
2	162.59276778171375
2	162.60909246061843
2	162.6423992851039
2	164.2564970571789
2	168.245630023382
2	169.4077592862077
2	171.69106417692103
2	171.75679394984024
2	175.39382353293053
2	175.46144724921746
2	175.49562036847797
2	175.8553418377812
2	175.9024199972861
2	178.33250010131007
1	180.1648675036168
1	180.3035247059163
1	180.35628481864
1	180.36942029386844
1	180.54583042499576
2	182.68824673044884
2	186.6394052308232
2	193.25481369777881
2	195.6039709763562
2	199.732297922319
1	200.0370965647565
1	200.14165292698354
1	200.25647121214982
1	200.31199400044014
1	200.36199954422582
1	200.40199892590104
1	200.54059189844074
1	200.6059760753606
1	200.64888894936342
1	200.78538442066744
1	200.82483756742312
1	200.86035160591058
1	200.9254660163643
1	200.98700022133275
1	201.1167007463382
2	217.14040446444523
2	219.43126544578627
2	223.08062389688078
2	234.07068135475575
2	235.97861461542345
2	246.9427556751995
2	247.3182793560583
1	250.19096895209302
1	250.20538573088726
1	250.2306713964237
1	250.32084188754203
2	264.86314550717725
2	267.06685851229616
2	270.76045531934085
2	281.4961682864048
2	281.82594697961036
2	290.8701417753584
2	294.59899242341214
2	295.0137560571182
