2	142.48714946692914
2	238.16270905257232
2	262.0673434541548
1	461.36244106881924
1	489.67475929454105
1	509.45057477515434
2	549.1191482769963
1	619.2647664535816
2	1099.3534726233163
1	1121.5131409329597
2	1147.2591767391584
1	1160.4304739148574
1	1171.8677135803184
1	1389.322521264157
1	1429.4769108932794
1	1671.1531360236688
2	1673.4748628087455
2	1697.4569041633333
1	1705.5235196037686
1	1721.4207017620236
1	1784.2996532026425
2	1816.9869455751766
1	1834.5957879646878
1	1922.285500226732
2	1960.5727505324483
1	1972.4796029934896
2	2343.330297806126
2	2415.0888926944954
2	2415.096646987651
2	2439.0878380940158
1	2492.564149378348
1	2493.504930484844
1	2501.5275030396133
2	2510.7448490583115
1	2542.7054792231716
1	2881.6426218290003
1	2894.6317273459026
1	2973.2722252284398
1	3003.461110003224
2	3013.12736878736
1	3053.6519115515757
1	3111.291518803677
2	3180.6243670180147
1	3189.5729832317716
1	3289.5434496603684
2	3324.0873286081683
1	3339.707000081575
2	3443.793122564226
1	3464.2353004654806
2	3491.6292175808226
1	3514.540393349891
2	3563.364728237974
1	3591.3602420833404
2	3635.1516983304887
1	3641.672198400875
1	3736.312559386672
2	3754.7759402744764
1	3786.4978915845013
2	3802.584048348091
2	3850.479843744613
2	4017.903712753038
1	4190.1734846581885
1	4290.41016498417
2	4304.921912720839
1	4340.457838614013
1	4398.468686947297
2	4448.5321296051825
2	4496.354976949257
1	4586.255914023272
2	4591.984014126343
1	4636.666940304362
1	4656.428617644434
1	4714.361499203838
1	4730.724201948648
