1	80.13703463018763
1	80.16533056530744
1	80.19577011937426
1	80.83816099894644
2	105.10132316804064
2	105.17658636527729
2	105.17867742766401
2	109.30324687594805
2	109.34159264753423
2	109.42460843521295
2	109.44548165643154
2	109.47971154729105
2	109.5617789984619
2	109.58786223356913
2	109.59411471998001
2	109.65177120526563
2	109.72777025153574
1	110.4938905218759
1	110.58567612142645
1	120.18044678767957
1	120.34709562709456
1	120.41576753018285
2	120.75533326492149
2	120.84440037236854
2	120.88601623783106
2	120.9126062770725
2	120.96080920754768
2	121.04537784609406
2	121.05385568425338
2	121.13249500038033
2	122.90818962258952
2	123.0080522936933
2	123.04228342995799
2	123.09010768568801
2	123.17343597000085
2	123.22350014295947
2	123.28986850931585
2	123.3910023114263
2	123.48017520361354
2	123.53925645495633
2	123.6038170905681
2	128.9952355465707
2	129.00082344597493
2	129.0757139790598
2	129.08938239302867
2	129.13678633836386
2	129.23493574027657
2	129.24297140451375
2	129.31621432767932
2	129.41919667708848
2	129.46625048429163
2	129.54377237490533
2	133.16565843910962
2	133.18016937207753
2	133.20822967665205
2	133.27232135527515
2	133.28676166856025
2	133.33689857463497
2	144.62599168420275
2	144.66572211097377
2	144.7148993755676
2	144.79752436889373
2	144.83365847607107
2	144.9304451610987
2	144.93959264811997
2	144.96100210516258
2	144.9682883376617
1	150.12482654105136
1	150.19712354902248
1	150.2815999088443
1	150.32048377516105
1	150.35780170901856
1	150.42983596354824
1	150.48144321571584
1	150.50541652684655
1	151.5093701765378
1	151.52946782381125
1	151.56915242302352
2	151.8013739570076
2	151.9464939215686
2	152.0037441566826
2	152.1142765792294
2	152.26727018503502
2	152.35794648037614
2	152.37759575403777
2	152.9188978472546
2	153.0161317286498
2	153.08211862827648
2	153.1459404116727
2	153.1837827520611
2	157.07399096905556
2	157.16058845460992
2	157.171783940851
2	157.21777336176427
2	157.25349055554372
2	157.2846297025051
1	160.2504142210485
1	160.82747134305293
2	168.38185730251604
2	168.57022995350135
2	168.6050562733813
2	168.65460918370792
2	176.6812516290212
2	176.7171673746604
2	176.80465137928786
2	176.90260189383906
1	180.61908524332614
1	180.62157408703715
1	180.62822811281953
2	180.89510539951277
2	181.0572670890845
2	181.14638106729188
2	181.2217756627919
2	181.31323185264066
2	181.32181996180336
2	181.44787973185902
2	181.5690414376144
2	181.6416258166186
1	181.7348500654863
2	192.2444766761228
1	200.0963239898927
1	200.1092248893378
1	200.19648583702642
1	200.200862628573
2	200.5673080748822
1	200.8513327806455
1	200.87270523187428
1	201.07674508966517
1	201.19877663594656
1	201.22424573600102
1	201.28586179326956
2	204.73655149064706
2	209.9307347964213
2	216.0547047826091
2	224.4634412988479
2	224.53967561074296
2	228.62155261746435
1	230.914277692285
2	238.62637762383798
2	238.7927699686828
2	239.9089097711741
2	239.91390078690733
2	248.37635599678026
2	248.39809923336566
1	250.35290959203817
1	250.43134114367027
1	250.49001752849648
1	250.49794558530925
1	250.53809949955755
1	250.53954151918967
1	250.69700008361482
1	251.17306855511762
1	251.45111889438797
2	252.41349555918487
2	252.49311511670558
2	267.62915190110095
2	267.64368529085476
2	272.2059379660205
2	272.2338221490061
2	276.29391990386375
2	287.4901398421793
2	287.5390783439627
2	296.56250200185156
