2	103.29401064796318
2	121.10369099871659
2	204.36454009229274
2	222.4569082610579
2	228.22642902207073
2	238.94272540186404
2	246.2804751942891
2	252.0495914672475
2	262.554643100414
1	461.1078145619652
1	489.65563457706173
1	509.208637896938
1	509.29560277340727
1	509.46967860941766
1	511.0934086589226
1	511.2759752307727
2	532.2690893147404
1	539.6257250422117
1	539.7389931145833
2	562.228725246659
2	568.8821363789377
1	619.5759876956243
1	669.5191191923949
1	669.6784024751881
2	1104.3218155667319
1	1110.401751707446
2	1110.8749100641094
2	1110.9328170590486
1	1160.3916453280656
1	1160.629906778176
1	1171.5837310009508
1	1171.8343820290013
1	1171.992546069514
1	1389.1625194875542
1	1389.2056829748449
1	1389.4057653715172
1	1429.2913622110223
1	1429.325763606563
1	1429.42920812941
2	1653.0595587872194
2	1659.5339937944948
2	1676.41006973483
1	1705.2500395096156
1	1705.2693154692547
1	1705.6609450837661
1	1721.2270867998627
1	1721.3297487647533
1	1721.440560632082
1	1834.4211317105069
1	1834.5386373259673
1	1834.6542849589357
1	1972.2371577536335
1	1972.5759420901777
1	1972.7406771771964
2	2319.9644591729157
2	2327.4459388537643
2	2336.535501352743
2	2391.471278805231
2	2399.0844465460077
2	2415.2535028610187
2	2430.847873948847
2	2430.9401456964674
2	2430.9435855597485
2	2439.082948245369
2	2446.8133253650813
2	2446.8688573899885
1	2493.2455313473242
1	2501.292316621431
1	2542.513631287523
1	2542.661718339124
1	2542.8400284158256
1	2543.192535024652
1	2543.335166870733
1	2551.1938328205993
1	2551.4505034472354
1	2881.586693777969
1	2894.3378430659545
1	2931.638629617281
1	2931.687341471085
1	2944.2893747773837
1	2944.4350996986136
1	2973.5396371209317
1	3023.5024261693197
1	3023.64612455529
1	3053.417079325527
1	3053.832409513601
1	3053.874948816518
1	3111.6487197032443
1	3161.721079345409
1	3161.830285137575
2	3177.9977765104654
2	3185.0414057544785
1	3189.340863058824
1	3189.39666329922
1	3189.6457156567176
2	3210.173681250271
1	3339.526842397127
1	3339.7530103170493
1	3339.9176422174646
2	3464.0167449145847
2	3467.826865841135
2	3496.414642125522
1	3514.443896146332
1	3514.779957212187
1	3514.9882553723796
2	3544.1453216844393
2	3562.1069851610155
2	3630.889674258593
1	3641.4922990269088
1	3641.891393322643
1	3641.9422233352716
1	3786.2736685181967
1	3786.547801292127
1	3786.7493576866495
2	3797.70898722005
2	3797.7805074495623
2	3806.54092530314
2	3830.3648511917663
2	3844.897901630004
2	3869.241682656369
2	4033.4985805356955
2	4036.09055938182
2	4045.050824772495
1	4190.47407849351
1	4240.432764421905
1	4240.679718716041
1	4340.36630448859
1	4340.666873025413
1	4340.785615683971
1	4398.197920716666
1	4398.23379632768
1	4398.625062919848
2	4441.285441342701
2	4450.591416590252
2	4457.719817437845
2	4474.479988269832
2	4481.30489001358
2	4488.888937202039
1	4636.551857408489
1	4636.772431832083
1	4636.894571338751
1	4656.304040953452
1	4656.463040948982
1	4656.647929810456
1	4714.6003352388925
1	4730.564969709494
1	4764.58180191728
1	4764.802636415949
1	4780.503320518271
1	4780.622432922868
