2	120.14345708848384
2	232.33974194297227
2	260.35192961125665
1	509.48864409145307
1	511.2577600830737
1	539.7487590973276
2	569.0268672571716
1	669.6375443057374
2	1130.0182561944916
1	1160.6099193341936
1	1172.0205302199465
1	1389.4393230523067
1	1429.4238724779968
2	1663.0098227127494
1	1705.5101960199468
1	1721.5279097374232
1	1834.6116595640387
1	1972.5923256319268
2	2336.381799361273
2	2420.5069004388256
2	2420.558551980975
2	2448.51575455821
1	2542.879423757012
1	2543.4527826517947
1	2551.307692162086
1	2931.707571555437
1	2944.3464858927223
1	3023.682927048638
1	3053.8185152881365
1	3161.8069694294986
1	3189.479659893717
2	3206.0003041324876
1	3339.899613733113
2	3486.559799430372
1	3514.877005828376
2	3542.602188075185
1	3641.974328281015
1	3786.7360130694183
2	3795.128025296183
2	3851.1964948152217
2	4047.5897564406787
1	4240.604702096222
1	4340.713706196528
1	4398.496964959755
2	4468.3826126632075
2	4496.458279449586
1	4606.159777317518
2	4636.649124838675
1	4636.921884757099
1	4656.687068210208
1	4764.7582733045565
1	4780.708258119018
