1	80.36731979522325
2	110.55768176926165
2	110.55989709131543
2	110.57321870394651
2	110.6523442977142
2	110.74649837914592
2	110.79964412981965
1	120.60494882596603
2	139.46471623019175
2	139.4677242046615
2	139.52030936052785
2	139.55195027464467
2	139.62761899482584
2	139.71310174983938
2	139.82667591895841
2	139.8573969949494
2	139.93732059995781
1	150.34049260954552
1	150.46721148837767
1	160.48767854000917
2	168.01011530572282
2	168.0387430281118
2	168.0854877990098
2	168.24381941106287
2	168.25663555984556
2	168.27452743716478
2	168.29462060693487
1	180.79149411502692
2	196.3678315237637
1	200.29870307814764
1	200.37838707644508
1	201.3423837979472
2	224.90833729422934
2	224.95123307354743
2	225.00964059158323
1	250.5930313987754
1	250.7751769047971
2	253.50282329008414
2	282.0976756090287
2	282.1227024774259
