2	115.75998668698347
2	232.94735636864092
2	279.8703628162429
1	461.0541478368264
1	489.7678821223539
1	509.35468182762247
2	561.2566250536951
1	619.637986352689
2	1124.0923146076377
1	1160.3803808617947
1	1171.5914382135422
1	1389.2849574623888
1	1429.3870085824633
2	1686.8940740436055
1	1705.3557886656433
1	1721.2892329810254
1	1834.4536986945084
1	1972.3422921000954
2	2320.0684586927855
2	2390.5833816762024
2	2413.918034308278
2	2437.3769431312357
1	2493.3223333611595
1	2501.344387634732
1	2542.5609640367716
1	2881.6194760370436
1	2894.403230810095
1	2973.5363004529236
1	3053.506658165932
1	3111.709260923078
2	3187.748925484543
1	3189.3890862460134
1	3339.5590995964944
2	3469.2563151711583
1	3514.510252890817
2	3633.380281473203
1	3641.515716962966
1	3786.4010439257363
2	3797.524396232797
2	3867.850462271892
2	4055.5225472731895
1	4190.53711498712
1	4340.297041719225
1	4398.277079843895
2	4454.128569584808
2	4501.071805774774
1	4636.567299880387
1	4656.247182404368
1	4714.641151249655
1	4730.62280140887
