1	80.59719900210146
2	122.44742237891789
2	122.50055268055597
2	122.58092975689117
2	122.63323480224905
2	122.71654804698856
2	122.7805711727545
2	122.85109508588849
2	122.93646141644281
2	122.96983322759885
2	123.05838413067573
2	123.09495217535016
2	123.09683517589481
2	123.19392214643636
1	151.15075736638937
1	151.34883125147425
1	151.39865927336433
2	151.59542700370994
2	151.69477254155944
2	151.74278850730553
2	151.80577651756184
2	151.82640257969706
1	160.48441450130443
2	180.74093476880233
2	180.75480190214995
2	180.7623281020089
2	180.77677214668844
1	180.83935923610423
1	200.1774448412001
2	209.85510373026614
2	209.98109305451158
2	238.98657449622064
1	250.3327751550213
1	250.62166327768426
1	251.06431722263795
2	268.0520843503461
2	268.0606655175969
2	268.0737488569385
