1	80.34413021478674
2	120.73013863286192
2	120.80104369481215
2	120.80414442022773
2	120.8798579230744
2	120.93723327196723
2	143.8065207629955
2	143.8310727614836
2	143.91101766503746
2	143.93661569016118
2	144.0184689070706
2	144.0940599455375
2	144.1439822637889
2	144.22270148366852
2	144.3011078643056
1	150.18057768664514
1	150.353376562603
1	160.3081506816179
2	166.7908350810862
2	166.9258309351936
2	167.01021892220325
2	167.01461971050156
2	167.10586541614617
1	180.72839494938958
2	189.93748902366428
2	190.01698786858864
2	190.02964316633808
1	200.21915553914073
1	200.26407494365623
1	201.22240157442693
2	212.79437800676683
2	212.88524261794174
2	235.93328556205182
1	250.45354354777896
1	250.53633530702706
2	258.85200900180274
2	281.8326448242553
2	281.8928625638633
