2	127.2775598916751
2	128.51391065956153
2	129.72164308649047
2	221.84578507513962
2	223.28473798709493
2	225.22196160588064
2	245.46947020999923
2	246.952794501601
2	249.087381404438
1	461.1138512460244
1	489.62668468219033
1	509.3424667855917
1	509.57104803343447
1	509.6231076169793
1	511.16883837362764
1	511.3695393284737
2	535.4927863213696
1	539.6655505482021
1	539.8789521492005
2	552.8306324911716
2	554.690903163279
1	619.5330053388938
1	669.5047653873015
1	669.699543779818
2	1108.2008938753545
2	1120.2222572770938
1	1121.3496782822465
2	1122.935269122123
2	1143.8653822235135
1	1160.2909472218334
1	1160.5755318183408
1	1160.6325940708318
1	1171.6549804785734
1	1172.0726350383832
1	1172.1300963996453
1	1389.2594983481317
1	1389.5253888368493
1	1389.6168845930647
1	1429.2944102167396
1	1429.6102616388243
1	1429.7007821990642
2	1657.1108515448518
2	1663.9674833228057
2	1667.5697318575415
1	1705.1960346750757
1	1705.6738440921856
1	1705.7967088756864
1	1721.2970333302712
1	1721.552444093693
1	1721.6568111154845
1	1834.2970697530989
1	1834.668887683018
1	1834.7445218781809
1	1922.1614732170026
1	1972.3196444395833
1	1972.7511867138876
2	2325.3334554754656
2	2325.825355692653
2	2330.5070208377792
2	2396.7290852236556
2	2396.9151751388004
2	2401.5163739355394
2	2401.583181089982
2	2420.4608099695397
2	2420.796747032611
2	2425.1810595908582
2	2444.097573470217
2	2444.6974165298507
1	2492.3719042881003
1	2493.245086710675
1	2501.3066631407155
2	2519.916287811563
1	2542.461184904621
1	2542.88560262666
1	2542.907587778265
1	2543.2859030210025
1	2543.3718462219854
1	2551.2209906436024
1	2551.4126799259866
1	2881.646387822346
1	2894.2973427847583
1	2931.5802121476872
1	2931.7763297437496
1	2944.325718065503
1	2944.585865015697
1	2973.602347021399
1	3023.6077245198817
1	3023.701283500497
1	3053.466296804914
1	3053.8935471707405
1	3053.963252259309
1	3111.629280421518
1	3161.715166996926
1	3161.909210056344
2	3182.805772423411
2	3184.5420539276497
1	3189.2738021237355
1	3189.658353585339
1	3189.8303982150223
2	3200.589878197774
1	3339.4536953189668
1	3339.7761942338243
1	3339.9431121315197
2	3443.3236478777576
2	3460.546765729969
2	3470.93835969662
1	3514.3382212722076
1	3514.842252019008
1	3515.0075032359655
2	3561.6185925187747
2	3578.7546694026296
2	3614.10426689672
1	3641.59216421642
1	3641.96937975002
1	3642.059772382548
2	3781.1841436920245
1	3786.2983357894936
1	3786.755465685089
1	3786.853132855962
2	3791.5368332889593
2	3798.437160606147
2	3838.8789355667313
2	3845.80504472453
2	3876.6221714787685
2	4027.9923132574686
2	4035.1949313338946
2	4043.7184168112
1	4190.433602658419
1	4240.609189648835
1	4240.693732637971
1	4290.206576862047
1	4340.226189945208
1	4340.668099307727
1	4398.223167096167
1	4398.622191227949
1	4398.74033510816
2	4429.867481534554
2	4449.357247908193
2	4461.419647316012
2	4477.124333823521
2	4485.047233789082
2	4497.087908049724
1	4636.450314212555
1	4636.964109954255
1	4637.017030989402
1	4656.338509693013
1	4656.596163809291
1	4656.7522015877
1	4714.149432514214
1	4714.586122173694
1	4730.675760732448
1	4764.67421574283
1	4764.727924781304
1	4780.659249884949
1	4780.693446747675
