1	80.10842192889154
1	80.39744239357267
2	100.87591578120903
2	100.93326647651531
2	100.99654815669159
2	101.04396597168041
2	101.12637689855706
2	106.40736007390585
2	106.46214382687658
2	106.52613594857442
2	106.57890542949231
2	106.62358092971769
1	120.38601856570592
1	120.43301607316526
2	124.69034849614401
2	124.73636894311495
2	124.80181438178215
2	124.86567222935024
2	124.90149210517895
2	124.99537425969855
2	125.03410155966156
2	125.03960713730966
2	130.41858609400668
2	130.45222856927182
2	130.56852882438656
2	130.5756917419279
2	130.63686088778317
2	130.71413096245374
2	130.73300637614793
2	130.753987164009
2	148.60001267657432
2	148.77331312140245
2	148.86788084128938
2	148.90509584271618
2	148.94467636111432
2	148.99632580713248
1	150.06463757576537
1	150.20507298705257
1	150.52075423904685
1	150.76402957279274
2	154.33362576022915
2	154.52553851203817
2	154.6823642240582
2	154.79135587184174
2	154.8111612357754
2	154.85563933632517
1	160.25392896241073
1	160.46499233594682
2	172.31141877103911
2	172.32448081049185
2	172.36457899310648
2	178.26862122899072
2	178.27001939415564
2	178.27424132058653
2	178.28579912564936
1	180.60843039365002
1	180.692244212495
2	196.21505535858273
2	196.29249055993867
2	196.41871392876746
1	200.1203980188211
1	200.14599355346706
1	201.0211214158987
1	201.0674343550275
1	201.21127079700352
1	201.39191320792034
2	202.31638485706864
2	202.34340440521774
2	220.03926542345465
2	226.34543732788617
2	243.8045176660559
2	250.19979551960435
1	250.30799651604434
1	250.48369552464777
1	250.5405690434493
1	250.62521703777546
1	250.6277640050929
1	250.92260228971995
2	267.678176819783
2	267.7476341697287
2	267.8096651842076
2	274.20239955062885
2	274.2918922216766
2	274.3558461922894
