1	80.18992658609342
1	110.58948651040458
2	120.38482959676747
2	120.45719253805588
2	120.54195549032481
2	120.58643398486494
2	120.58708174449015
2	120.6184085888208
2	120.66206982446825
2	120.69821696082249
2	120.78838717998104
2	120.82453444126473
2	120.92036954019491
2	120.9295988609502
2	144.16464042453103
2	144.26447015996345
2	144.39047632733804
2	144.4379494324571
2	144.45640692236577
1	150.0933702129279
1	150.22282004974448
1	150.3090668674925
2	168.0342026915756
2	168.32668126838752
2	168.38738808050167
2	168.44821832278814
2	168.45825716834125
1	180.6443273363083
2	191.96037262741274
1	200.17508381061353
1	200.89679115981858
1	201.2450405560242
2	215.73999945638658
2	215.76989071775884
1	250.32206842637288
2	263.4097460233131
2	263.48908286828663
2	263.5358654896482
