2	126.98498573566201
2	219.97833251849207
2	266.53018459774495
1	509.44176204754905
1	511.18409847909356
1	539.696813924814
2	568.9057123154452
1	669.5677004521652
2	1103.848647054264
1	1160.4565613824948
1	1171.923415880156
1	1389.4235996938764
1	1429.566765882234
2	1662.012958010146
1	1705.5529165165956
1	1721.444105683292
1	1834.690801845592
1	1972.6182385121883
2	2336.485340366894
2	2406.333530003167
2	2406.366449682467
2	2429.5837355717204
1	2542.803198622977
1	2543.26127861885
1	2551.2700029540006
1	2931.6378269815523
1	2944.39825413091
1	3023.5935007412068
1	3053.8954046179038
1	3161.77972991551
1	3189.6110586651143
2	3197.1339877783425
1	3339.822740789496
2	3452.9594529173482
1	3514.8584974641435
2	3545.984647739322
1	3641.9309482817744
1	3786.5924152907305
2	3801.8642628242383
2	3848.311059118081
2	4034.4572624726625
1	4240.557712515045
1	4340.731250368075
1	4398.550434892086
2	4453.0732964049885
2	4476.293587442449
1	4636.865528817633
1	4656.497548996292
1	4764.722219543975
1	4780.556647009477
