1	80.580377146577
2	125.83815761256668
2	125.91228592680719
2	125.96736765770798
2	125.99292632633346
2	126.04203021337786
2	126.14608692896559
2	126.18727438303354
2	126.2664539823606
2	126.30155352941144
2	126.38986724435749
2	126.43351095935094
2	126.46130216064515
2	126.54202612727741
1	151.16145779906532
1	151.368840711188
1	151.45464020467622
2	154.9787469969714
2	155.18779767207994
2	155.20404103940305
2	155.2880564787832
2	155.37130624130927
1	160.5578079538372
1	180.83405675359208
2	184.2100462454255
2	184.31003158668491
2	184.38518519890863
2	184.39748654748757
2	184.4074506963162
1	200.16814599038463
2	213.19423576963456
2	242.30135030821904
1	250.32450908205925
1	250.6075362759681
1	251.01293724320564
2	271.4418848445514
2	271.4591260096916
2	271.5404291642085
