1	80.1496204590617
1	80.1570406428904
2	92.97722230028597
2	113.50891104530619
2	113.56568262925754
2	113.6311082724423
2	113.70202556857484
2	113.73515538591053
2	113.80401760931281
2	116.79094032499137
2	116.82878637337198
1	120.38863237166805
1	120.38924062741042
2	137.41410711393635
2	137.53662643435874
2	137.5492465119064
2	137.55588098443533
2	137.6373333150518
2	137.71197860005574
2	137.75983292899681
2	137.7830114644212
2	137.79363021569236
2	140.63629338315133
2	140.6955726521382
2	140.74494027127574
2	140.8387058564971
2	140.88114908240476
2	140.9753494014406
2	141.0373450341232
2	141.1228936012749
2	141.12455578273347
2	141.20350795495355
2	141.23350637988244
2	141.25463632803957
1	150.0683082766432
1	150.1209325710336
1	150.15669875587412
1	150.2562181467943
1	160.25460283995835
1	160.34193284209582
2	161.20583469217223
2	161.22869272836667
2	161.32032503231943
2	161.37466299173042
2	161.40167067253302
2	161.43392950586303
2	164.53398604700192
2	164.5644645842998
2	164.58071111380343
2	164.64406593201096
2	164.71873934708523
2	164.80120639539902
2	164.86618122366093
1	170.17967084991122
1	180.57427072212758
1	180.65396324718358
2	185.01775846177006
2	185.0192065017718
2	188.4162242656745
2	188.51397159677578
2	188.56307750136105
1	200.0580032273056
1	200.0958809097784
1	200.16775350872197
1	200.2521778326712
1	201.2420880969942
1	201.3062797503812
2	208.90477755751604
2	209.10270004910728
2	232.76013712276145
2	236.15794674836138
2	236.2575118997445
2	236.3016432679081
1	250.38854979904872
1	250.4018434670986
1	250.4915748466053
1	250.49243013282714
1	250.55403427225832
2	256.5204239388127
2	260.0221686350283
2	280.42960482591076
2	280.5022496899016
2	283.90908713018933
2	283.9840522592479
