1	80.19495786666096
1	80.5555621643058
1	80.56612676866679
2	93.16584055465823
1	110.64577482766836
2	111.41372722782806
2	111.42712116094941
2	111.46017815266659
2	111.46303105556473
2	111.55677602165399
2	111.6293126113118
2	111.7164100122733
2	117.04345717712799
2	117.05607595574195
2	117.06307252373287
2	117.13393965903175
2	117.2103180985349
2	117.22871618873137
2	117.26743381181653
2	117.34499085919992
2	117.40014424335904
2	117.43468950086543
2	117.50741359576325
2	117.58445460181181
2	117.58664841217009
2	117.6178923408914
2	117.62324609180597
2	117.65534215405282
2	117.72283051130462
1	120.1873072491663
1	120.18751185785128
1	120.28266973054731
1	120.44435574192563
1	120.50523644502222
2	135.00245772588414
2	135.05498835100812
2	135.11497077597244
2	135.16154476442082
2	135.25382712682082
2	135.3222252654838
2	135.3332402074329
2	135.4007054319201
2	140.87624906622966
2	140.9138910030218
2	140.99962264409473
2	141.03197495655846
2	141.36547035745002
2	141.5397695326312
2	141.70427746281453
2	141.7394176042528
2	141.744750192001
2	141.81516536786185
2	141.8624114708832
2	141.92056294774383
2	141.9671802389376
2	141.98620569030038
2	142.07179006179726
2	142.1477937864305
1	150.174721102637
1	150.20120303664248
1	150.26973233656545
1	150.67283489183487
1	150.79182730223357
1	150.85245038674205
1	150.93515512846142
1	150.965042574823
1	151.03036620451812
2	158.49812731286102
2	158.59157958279087
2	158.6471187257861
2	158.74431318330502
2	158.769035975358
2	158.81813096929116
2	158.87527677356456
2	158.88972753485558
1	160.5912110048593
1	160.6800938382717
2	164.73249742750005
2	164.75602969984905
2	164.81565250422983
2	164.87718703715962
2	164.8843431900594
2	164.9119539964696
2	164.98088087880478
2	165.2140706683851
2	165.28380124169445
2	165.3767637792542
2	165.4581618137031
2	165.5226096506216
2	165.61319399226863
2	165.6515161721385
1	180.66676217950499
1	180.83976367169836
1	180.90612509088876
2	182.20331715748122
2	188.5659952401341
2	188.63528850712282
2	189.4106937881964
1	200.16342045487096
1	200.58242266466752
1	200.89320693140812
1	200.93601076477194
1	201.1905163132584
1	201.28186961458584
1	201.34991579682156
1	201.4438753377476
2	205.63172342715765
2	205.69104958833722
2	212.42652783034373
2	213.33789799132964
2	229.38247991194453
2	236.26978973493155
2	237.34583150916936
1	250.25544663260044
1	250.3138451673762
1	250.59859447201035
1	250.67310182524432
1	250.77500613870922
1	251.06451814304327
2	260.0791111862709
2	260.128183907593
2	261.2449222573187
2	276.34873426823776
2	276.4220312988331
2	276.42603029564503
2	283.9092129908249
2	285.3056636072595
2	285.37871390307373
