1	80.4116972022824
2	105.0514300915974
1	120.36229285748603
2	129.14204149676655
2	129.23523166029423
2	129.3335406440256
2	129.37545617065913
2	129.4577025443546
2	129.47720009793034
2	129.57082875313824
2	129.64733694106818
2	129.6808832810805
2	129.7131144659646
1	150.59185389703887
1	150.74457011006467
1	150.77051338815554
2	153.19749482129473
2	153.27060084736422
2	153.3556856372505
2	153.4595073274775
2	153.56325797125746
2	153.56688380059174
2	153.63931704981462
1	160.43339300995694
2	177.17845408982973
2	177.25396045895468
2	177.28520904501542
2	177.32119059576866
1	200.3122998477149
1	200.90439966796663
1	200.92862223170704
2	201.100770855688
2	201.22470464947585
1	201.29114556078045
2	225.1493000828613
2	225.17088098917048
2	249.2071816057894
2	249.26203230832354
1	250.35178076598356
1	250.69836207399624
1	250.85582355145854
2	273.2309247986607
2	297.22484936409575
