2	118.15698635473741
2	231.17613895089644
2	231.21890936374433
1	509.7248750324191
1	511.23856146695425
1	539.9414744182462
2	542.0417652789047
1	669.5723223909962
2	1107.3487335376237
1	1160.6762765974597
1	1172.0948376830893
1	1389.6449573993182
1	1429.6658114412835
2	1672.708922579837
1	1705.8319814338397
1	1721.7098183545413
1	1834.8437428990426
1	1972.8340562391302
2	2322.788867748753
2	2407.5293061548273
2	2407.549824660404
2	2464.0903955768845
1	2542.9788357803386
1	2543.3616970376006
1	2551.369191243803
1	2931.807417205868
1	2944.4528010136537
1	3023.736299851874
1	3053.958394081126
1	3161.883089331557
1	3189.7711825326087
2	3198.934933214173
1	3340.0645257186916
2	3481.659799030482
1	3515.013142355516
2	3566.3937573401213
1	3641.7839496721504
1	3786.780662515456
2	3792.5112726830275
2	3849.1339478578566
2	4046.9556737453822
1	4240.769201348162
1	4340.892179814737
1	4398.823508342968
2	4442.682185495505
2	4499.1941701954165
1	4636.961951843296
1	4656.7662835923675
1	4764.906121846952
1	4780.791328235661
