1	80.60515427318224
2	112.09669619260791
2	112.19152273144972
2	112.25985933462773
1	120.50571036205709
2	135.28205291490588
2	135.30162084901914
2	135.3624143306091
2	135.41154286365725
2	135.47434882001068
2	135.55012327567346
2	135.58143970690725
2	135.6622862819899
2	135.75780448465838
1	150.22313235400313
1	150.89027552866258
1	150.96358758666582
2	158.47714212260084
2	158.55724085884762
2	158.57273411775688
2	158.6157457853955
2	158.71046757542422
2	158.7163624141777
2	158.73711653834692
2	158.7532501956847
2	158.82445217388872
1	160.75146120831303
1	180.8401474153016
2	181.53991308652252
2	181.8328612829133
2	181.96697970590625
1	200.87341258957076
2	204.93539927063648
2	204.97515434379162
2	227.7849607728234
1	230.71848345508215
1	250.1681785763389
1	251.08483069057806
1	251.27082174484664
2	274.11698194992886
2	274.19229428665824
2	274.28907935630207
