2	164.7959639600556
2	222.88708879913077
2	251.96034474887324
1	509.5511114768389
1	511.5488587588902
1	539.9801373357554
2	571.6517541429039
1	669.9263442763719
2	1123.7071348146392
1	1160.7602226470472
1	1172.2243533330493
1	1389.7029852907706
1	1429.7717030827944
2	1675.766281997765
1	1706.0409661941226
1	1721.7758912263678
1	1834.8837084780225
1	1973.0062550774085
2	2344.067651500554
2	2402.222787699525
2	2402.2791621796514
2	2431.440425770753
1	2543.0088234283357
1	2543.6633763357836
1	2551.8049077598644
1	2931.858933551193
1	2944.7070935786073
1	3023.8766662258736
1	3054.044938207285
1	3161.9487837805254
2	3186.7570102632667
1	3190.009355363717
1	3340.2636774319935
2	3448.2363229532943
1	3515.105028119001
2	3564.469999401619
1	3642.172583790624
1	3786.955632932432
2	3796.957217028706
2	3826.0072246212444
2	4029.3520700127915
1	4240.808008326655
1	4340.969394059884
1	4398.879315840785
2	4465.21855891669
2	4465.248939997816
1	4637.288652084489
1	4656.828645771388
1	4765.091629684287
1	4780.978240082374
