1	80.2317534939678
2	106.44970092819503
2	129.5787781007305
1	150.23049625173982
2	152.8009886243031
2	152.8106100444664
2	152.8565011740642
2	152.90091436534098
2	152.97500639608398
2	153.01787291294897
2	153.03539423412954
2	153.0772270602265
2	153.144615134714
2	153.24226614013824
2	153.2804303472106
1	160.59433106000415
2	175.91953143229367
2	175.95664884898977
1	180.67669362457727
2	199.02569526002205
2	199.0337765030468
2	199.18873267235008
2	199.2224499926806
2	199.3154035231221
2	199.3365758114043
1	200.1980055471742
2	222.2157998301183
2	222.3006127375975
2	222.3155930935802
1	230.66859459294182
1	250.17354228445149
1	250.94958953489916
1	251.11553579080766
2	268.4790632015383
2	291.5906264598357
2	291.64571890645124
