2	107.21668380487901
2	124.84338061530659
2	185.51101934715427
2	216.7830922503156
2	226.37630928131736
2	226.40062085590102
2	233.17636732549707
2	257.052319934669
2	262.73204304994806
1	459.31083948808146
1	461.09337418841443
1	461.305462209015
1	489.6154693452064
1	489.7722909445809
1	509.1936489108347
1	509.3890334484069
1	511.14716347772037
2	536.060401421173
2	538.4350800462034
1	539.6183436864602
2	543.3429450763555
1	619.5184451982007
1	619.6433214499596
1	669.5345181004302
2	1092.0626795127578
2	1107.6711778572321
1	1110.3867355338712
1	1110.4537961126514
2	1112.8954984380903
1	1121.847237680311
1	1160.532453530101
1	1171.6923407224822
1	1171.803416897118
1	1379.3637475783366
1	1389.2291624631632
1	1389.285332569262
1	1389.472151201819
1	1429.3198713209042
1	1429.525034485739
2	1640.7341315200038
2	1655.5782827431242
2	1664.2785695794664
1	1671.5098046855023
1	1705.2632504542664
1	1705.2905874582748
1	1705.4469071559786
1	1721.334733987068
1	1721.3828994967678
1	1784.5271550248408
1	1834.5178352749772
1	1834.5931741284232
1	1922.5759430701735
1	1972.502768404802
1	1972.5876025214436
2	2322.5865277161465
2	2330.605436813783
2	2332.5320672376843
2	2394.0534341867615
2	2399.5279120198293
2	2404.0863646478174
2	2417.871210985785
2	2422.4984278085185
2	2427.9211142184763
2	2441.6768518729473
2	2445.547878139011
2	2451.7311408947394
1	2492.2442553510878
1	2492.9028149180317
1	2493.2503170506416
1	2493.4839094281865
1	2501.222538592741
1	2501.492208465232
1	2542.694649694154
1	2542.7386105608016
1	2543.2500933532465
1	2551.1994856282013
1	2881.6444531256116
1	2881.798740538244
1	2894.3875501276284
1	2894.5429842591016
1	2931.6170434990054
1	2944.3161157326103
1	2973.6232083351724
1	2973.7004506805274
1	3003.167780538452
1	3003.9494422980797
1	3023.514950706456
1	3053.5843793992794
1	3053.802242774297
1	3111.7250989703944
1	3111.869466903608
1	3161.6365798538786
1	3189.20437499446
1	3189.341966979562
1	3189.430113910544
2	3191.280485122474
2	3203.70727292026
2	3203.926615767408
1	3289.832948423617
1	3339.6818134283976
1	3339.775174989445
2	3456.448534062838
1	3464.7669545168774
2	3465.9421984000905
2	3477.5597852637557
1	3514.610103954456
1	3514.8313714354035
2	3549.163284314728
2	3561.173889900026
2	3571.384368060472
1	3591.9121011843267
1	3641.645482824704
1	3641.862457379208
1	3736.6161110286926
2	3778.1182109527776
1	3786.3660509021956
1	3786.565052264197
2	3787.6269058275425
2	3799.377445284018
2	3835.410400995788
2	3840.19886672362
2	3847.0986187219455
2	3847.180863777659
2	4026.2112423616945
2	4030.93103132679
2	4037.64589509468
2	4048.511839949028
1	4190.56778506986
1	4190.587835354771
1	4240.47181801756
1	4290.762235634638
1	4340.401520734445
1	4340.599638171738
1	4398.219321779019
1	4398.316526437933
1	4398.36139283023
2	4444.450933000157
2	4455.612077377361
2	4466.377819139764
2	4479.5212686304185
2	4490.266263699942
2	4490.447716324367
1	4586.139621521382
1	4586.79293623417
1	4606.564034819313
1	4636.697683468496
1	4636.789994365642
1	4656.445490962222
1	4656.539539787837
1	4714.641377559285
1	4714.791309129117
1	4730.533522097196
1	4730.775197444662
1	4764.596575426707
1	4780.545276621853
