2	112.90348082474497
2	187.57929016679682
2	232.11072051900197
2	235.28649372735265
2	255.95313942493584
2	259.1352398854598
1	459.3317447923883
1	461.08977275973746
1	489.61899019785506
1	509.18231617082574
1	511.11720404889786
1	539.6470550271349
2	542.129930526756
2	545.416346481994
1	619.5718897591623
1	669.4946474832346
2	1094.0118462426083
1	1110.361564513865
1	1110.384812621567
2	1114.596712717298
1	1121.8525657341543
1	1171.831900028824
1	1379.2857020274091
1	1389.1144700155903
1	1389.1512315440343
1	1429.314969268143
2	1639.260478485041
2	1642.7119785649784
1	1671.3754418166789
1	1705.2847965791022
1	1705.285912354418
1	1721.3942912476912
1	1784.5151614054528
1	1834.5065060752013
1	1922.4656217073768
1	1972.5658559821052
2	2331.00459287956
2	2334.5106510167993
2	2402.4991768543073
2	2402.559462927963
2	2406.1052074158883
2	2426.3737544585947
2	2429.941184270949
2	2453.88313285732
1	2492.729419062143
1	2493.1914811863294
1	2501.3431865160305
1	2542.737449002326
1	2543.248585646108
1	2551.270927944717
1	2881.5651257263557
1	2894.313230749823
1	2931.5652654373152
1	2944.3363359500254
1	2973.5157757641873
1	3003.9824110050795
1	3023.5407292112254
1	3053.747871961476
1	3111.612546099211
1	3161.6502386393913
1	3189.25198076892
1	3189.3187658534157
2	3189.6391798456307
2	3193.2985550676444
1	3289.783368683312
1	3339.785305948346
1	3464.792822514674
2	3475.8317900022694
2	3479.5973740917057
1	3514.7980934695843
2	3551.1347920909893
2	3571.2450863444124
1	3591.9149544377215
1	3641.8544726481487
1	3736.5700092605525
2	3785.900854771534
1	3786.5871342967894
2	3789.742305092703
2	3833.5575249446683
2	3837.388095480446
2	4024.3451283229583
2	4028.288899079251
1	4190.526718636494
1	4240.448406635459
1	4290.718169780451
1	4340.682505574161
1	4398.183369071236
1	4398.2751729541105
2	4453.722200694666
2	4457.692688508708
2	4477.529516893296
2	4481.514891962389
1	4586.79651058061
1	4606.552843869823
1	4636.821936629872
1	4656.431007285724
1	4714.582775282985
1	4730.582195634777
1	4764.643607290832
1	4780.487346685053
