1	80.12303910359122
2	105.806771243342
2	105.87556282637884
2	105.87636017759922
2	105.94372729432034
2	105.9452908515966
1	120.39973298316049
2	129.73217829867153
2	129.80969102564583
2	129.86375477065144
2	129.9172689039032
2	129.97275751654956
2	130.00212214099386
2	130.08634765195873
2	130.16161047981242
1	150.1112101710715
1	150.23721864704498
2	153.51475589995937
2	153.64205544352285
2	153.66143381789652
2	153.77002882796018
2	153.8470899075553
2	153.88091924673745
1	160.23662002793134
2	177.34029826750333
2	177.35664104998318
2	177.4396576052012
2	177.44373255317868
1	180.61357302583835
1	200.0634634884924
1	200.19113556271913
2	201.18470029321946
2	201.3702135598983
1	201.53771045192525
2	224.9784859018377
2	248.79179444494088
2	248.87540653305493
1	250.3280462160943
1	250.42531933729282
1	250.54641609076305
2	272.682058179903
2	272.699664251636
