1	80.40304601197217
1	80.5644160691167
2	100.29444943360879
2	100.32220601770531
2	109.982957771933
2	110.02705095171127
2	110.09186958354097
2	110.10911778039525
2	110.1389199078285
2	110.18571970639404
2	110.28202173608975
1	120.48065757467916
2	128.6688557701378
2	128.7270939437996
2	128.83518396828583
2	128.90026561019167
2	128.96450228133156
2	128.9821102215391
2	129.02091699251267
2	129.0813885466359
2	129.1110721995911
2	129.16458658603457
2	129.18330827256597
2	129.25409122044442
2	134.22615177534064
2	134.29541654558966
2	134.3221976129286
2	134.3707726005229
2	134.43009723628518
2	134.43791646176817
2	134.5358176236503
2	134.55918311865773
1	150.21935502053006
1	150.6771481584875
1	150.69401466067626
1	150.83616614357058
1	150.88055979756268
2	157.05711549899482
2	157.09317711596017
2	157.26499403104978
2	157.41563933208897
2	158.52864287998662
2	158.7458164491956
2	158.77618434580694
2	158.87009009208307
2	158.88574427538208
2	158.96423601019634
2	158.96810338436137
2	159.03186955593628
1	160.51779240591696
1	160.71100566577147
1	180.87514300339382
1	180.91319011221495
2	182.35293453903083
2	185.3882399308095
2	185.4450410042688
2	185.601587272078
1	200.28256583565727
1	200.79098829291405
1	201.30928073709063
2	206.31152956479787
2	206.4590281391176
2	213.82474641144094
2	213.86993290931053
2	213.92878112706612
2	230.44548973412574
2	230.53265548821616
2	230.5754692800312
1	230.7066968448117
1	230.72066454510602
2	242.03239705310614
2	242.28813445469828
2	242.3861233424649
1	250.2090254002298
1	250.25065991480318
1	250.55341515665557
1	250.63292801156683
1	251.04864444757953
1	251.09733289653357
1	251.21835431340276
1	251.27351101137145
2	270.49527396393944
2	270.50679978256426
2	278.3579454229852
2	278.4081638318064
2	278.46768795421195
