2	107.63061166245167
2	128.84997779435085
2	224.70134321175405
2	226.7341748481656
2	226.77822409470122
2	272.6647706863998
1	459.28690957495917
1	461.14798575760625
1	461.2284780271356
1	489.5963867252923
1	489.71985771140294
1	509.39418206221353
2	536.3810370272067
2	560.2621539162426
1	619.5092831298788
1	619.7317833535079
2	1108.064568531349
1	1110.4271237744429
2	1111.5857299612614
1	1121.8554901129476
1	1160.4305671666123
1	1171.7894054056396
1	1379.3129406010464
1	1389.2957010443756
1	1389.4189335745953
1	1429.3960060478548
2	1655.9356887153342
1	1671.5071877135638
2	1686.8209741386565
1	1705.2055882599523
1	1705.4093626759682
1	1721.333618615921
1	1784.508608325482
1	1834.4278606902271
1	1922.5655394958064
1	1972.3759584582542
2	2310.0553325134697
2	2322.9278025724
2	2394.3362425843798
2	2405.9222657896153
2	2418.166940589658
2	2429.9146970752604
2	2441.977891518298
2	2453.8593829589204
1	2492.8225840627124
1	2493.2410363127324
1	2493.4474074838067
1	2501.315187253793
1	2501.5031256323027
1	2542.5396625206276
1	2881.616301289017
1	2881.767400290983
1	2894.3076759361334
1	2894.497310957258
1	2973.584467952033
1	2973.6965130453254
1	3003.954316461097
1	3053.5029149189686
1	3111.68442452545
1	3111.7165611770783
1	3189.2311703138366
1	3189.476503296605
2	3196.968307420041
2	3204.2936746781625
1	3289.7627029473533
1	3339.5539060641
2	3460.6276469238815
1	3464.819636210506
2	3466.313044342798
1	3514.510896612844
2	3561.606613346633
2	3580.456706717424
1	3591.86198492442
1	3641.6451210215623
1	3736.5318662049503
1	3786.4008795125037
2	3796.213953569386
2	3799.776657165949
2	3844.0970874654113
2	3847.4033345028715
2	4035.840649201587
2	4038.0113271681375
1	4190.506319539011
1	4190.614180335604
1	4290.709604414132
1	4340.4119449756245
1	4398.232593633041
1	4398.403746851392
2	4443.378040149438
2	4466.79812726178
2	4490.630075585463
2	4491.326655932445
1	4586.856938710826
1	4606.587124840834
1	4636.525918490749
1	4656.490685717046
1	4714.590241530137
1	4714.859356291023
1	4730.443683516958
1	4730.604773416636
