2	134.88894640211572
2	149.12083134911015
2	229.62650153893682
2	242.6130967243516
2	253.32289088956708
2	265.94636356453077
1	459.32671025609477
1	461.1687421754258
1	489.6258969519392
1	509.56798070035666
1	511.21367832872306
2	537.4090858219939
1	539.6674801339368
2	546.4268620871611
1	619.5634133516529
1	669.5476555978382
2	1105.6841863357135
2	1107.260536294253
1	1110.5205440383652
1	1121.8711853200743
1	1160.5702481429983
1	1172.0275538427425
1	1379.307185290201
1	1389.314459037184
1	1389.5297477842562
1	1429.5573024178038
2	1668.0921393793612
1	1671.518508376492
2	1673.95786434747
1	1705.266939827243
1	1705.6615762563752
1	1721.5159363461996
1	1784.5576771868616
1	1834.676421676335
1	1922.2023613315437
1	1922.704687905558
2	2322.443497149034
2	2336.887639362592
2	2407.8974013923876
2	2407.9615530590427
2	2415.8788630583845
2	2415.9752855613297
2	2431.573088073769
2	2439.33891318563
1	2492.3549881465005
1	2492.905174904029
1	2493.3246529163334
1	2501.299470562894
2	2502.6397247650984
1	2542.8353718778726
1	2543.204105459288
1	2551.249652107328
1	2881.67027896261
1	2894.3490839222686
1	2931.6461739152123
1	2944.3591802445812
1	2973.6119462308875
1	3003.9282853210725
1	3023.6549823466735
1	3053.876873427896
1	3111.8156718562445
1	3161.723192382639
2	3189.241997315423
1	3189.2566228953233
1	3189.6395446872325
2	3210.5021893136477
1	3289.9145222427246
1	3339.7829169494735
2	3449.6797864949713
1	3464.8033089599285
2	3467.568325408146
1	3514.8613876843237
2	3561.041517604289
2	3568.011074079454
1	3591.924688091598
1	3641.8943784643393
1	3736.5495056570135
2	3781.1231680941432
1	3786.7302814005157
2	3794.7413128594867
2	3828.454638845487
2	3841.425406589199
2	4017.932618350443
2	4051.731900937706
1	4190.530235755629
1	4240.527450307407
1	4290.749628999081
1	4340.714462821009
1	4398.297744617171
1	4398.630333220815
2	4444.087438412704
2	4467.789824773248
2	4472.396366357919
2	4495.756527178308
1	4586.859970884811
1	4606.626421707837
1	4637.011781922309
1	4656.551291263188
1	4714.7171210676315
1	4730.506150956167
1	4764.657243567756
1	4780.624491131156
