2	147.31907095071205
2	239.18810931876357
2	239.2791598994655
1	509.3014494035024
1	511.24673173255877
2	537.753647672736
1	539.7000180292981
1	669.6202862858364
2	1111.8616477405535
1	1160.3359484287862
1	1171.8655873990513
1	1389.4037326217056
1	1429.386536643829
2	1663.0133829579097
1	1705.397159164592
1	1721.435766630879
1	1834.5902359945906
1	1972.6968291363003
2	2328.9706634302725
2	2397.8432152052605
2	2397.876630801935
2	2443.8033978926223
1	2542.8919035329245
1	2543.2789619518694
1	2551.3347990856237
1	2931.7108558959612
1	2944.3044805936224
1	3023.6098250359137
1	3053.8775262745603
1	3161.7301423483364
1	3189.4694707460417
2	3201.6285217458963
1	3339.9008833201788
2	3454.2090220959562
1	3514.964716481458
2	3546.049187309829
1	3641.948881103563
1	3786.707011781572
2	3798.6775255603593
2	3867.594062590515
2	4051.2667543820107
1	4240.533631933389
1	4340.752213673704
1	4398.365854113121
2	4441.728904003659
2	4487.631590469024
1	4636.951141621821
1	4656.592564080411
1	4764.725047239465
1	4780.5511867214955
