1	80.11641912401024
2	123.11565359726387
2	123.15561584249764
2	123.18710941028657
2	123.26689175123404
1	150.0672474028697
1	150.31572270301947
2	152.06999793904788
2	152.18725581200167
2	152.2593082591869
2	152.33738324135015
2	152.41335992352126
2	152.46749601965647
2	152.50270990740742
2	152.5398656105603
1	160.27510336507024
2	181.05150884298996
2	181.21726801374112
2	181.30158452163133
2	181.3603783279312
2	181.45797514210167
2	181.48710605155208
2	181.57378589327345
2	181.65646600397648
1	200.07030896832975
1	200.13253867503292
1	201.50521834437285
2	209.98029377213763
2	209.98417160878634
2	210.1093505694348
2	238.88868332250104
1	250.3350215451462
1	250.48120609978707
2	267.8217883241225
2	296.73038704225155
2	296.79310089518606
