2	116.57288519240639
2	232.39527181876971
2	261.34019938798355
1	509.588877290681
1	511.44809700288334
1	539.9161678831334
2	550.7436155793101
1	669.7553374522224
2	1129.5857719578462
1	1160.6278703251464
1	1172.211966226421
1	1389.6694236031906
1	1429.7924165747875
2	1650.4469106029555
1	1705.9843391151596
1	1721.7138550303014
1	1834.764116902247
1	1972.960281625941
2	2345.114700390581
2	2402.9619135708635
2	2403.0049257926694
2	2431.880929213613
1	2543.020780154418
1	2543.5789876570293
1	2551.7337843166
1	2931.913058936692
1	2944.654432611756
1	3023.841749011446
1	3054.118607706955
1	3161.9299484503836
2	3184.3659049728576
1	3189.9550642945755
1	3340.2168031651418
2	3444.81793483377
1	3515.085068441892
2	3560.644413655168
1	3642.119959457979
1	3786.7584059273863
2	3792.1925417842895
2	3821.1143723982436
2	4023.7318295790983
1	4240.729999410504
1	4340.946758981179
1	4398.874767537475
2	4457.8320811502645
2	4486.709564928298
1	4637.169430345653
1	4656.760980056201
1	4764.969053173328
1	4780.898345915262
