1	80.1366111961482
1	80.57669139200186
2	102.8432944635107
2	102.89684341325878
2	102.94401617158348
2	102.96348464379318
2	102.96514686371668
2	102.97305321890983
2	103.03326431068147
2	103.09671110570834
2	108.24529711363826
1	110.66495739471823
1	120.21168622153589
1	120.31849531078184
2	126.69378058193344
2	126.79015845996229
2	126.84108427330617
2	126.84228100363798
2	126.86396701635887
2	126.90481795005851
2	127.00047376787042
2	127.03550822070324
2	137.30115577017392
2	137.38696321814868
2	137.42158969628053
2	137.43022329165265
2	137.52353920636554
2	137.63003495600853
2	137.65886623473708
2	137.66536677964655
2	137.69847597440963
2	137.7972730157431
2	137.8068429173772
2	137.81180504198667
2	137.8855852376962
2	137.8993123315714
2	137.9748489192572
2	138.04408871121632
2	138.1184621976495
2	138.14564903807914
2	138.1521278068381
1	150.09272759596035
1	150.17843001485815
1	150.35439598682606
2	150.55117253221883
2	150.6174732140215
2	150.6645414089071
2	150.6815481833898
2	150.74695514478023
1	151.22208732320425
1	151.3362099239052
1	151.41309318082705
1	160.56129189615467
2	166.4018502345684
2	174.3601679555029
2	174.44808189824863
2	174.46345588771428
1	180.6245072036641
1	180.92817992873276
2	195.48764434403222
2	195.6451159080939
2	195.65932608376193
2	195.8301528851605
2	198.24240175407505
2	198.28642213844287
1	200.1612503149812
1	200.26600056028232
1	200.76513043985338
1	200.89063250098252
1	201.25661264124815
2	222.08265419672944
2	224.56776210728398
2	224.57342020480672
1	230.66931330330158
1	250.30693982209547
1	250.32267486627455
1	251.10868414768893
1	251.1512363659181
2	253.68204858561725
2	269.7863422532284
2	269.82662596235076
2	269.9172286502763
2	282.86782984278176
2	282.88400194350845
