1	80.32319114483197
2	106.62484769130843
2	129.68316417292903
2	129.72101853317932
2	129.80938821352788
2	129.85992924083766
2	129.94458196476006
2	129.99948051678518
2	130.11005426143964
2	130.1260437194429
2	130.17243016687306
1	150.19301796590827
1	150.3887774518304
1	150.44451672831127
2	152.77816792699917
2	152.7894926671822
2	152.78998753471515
2	152.89399805711653
2	152.92689156767688
2	153.05911000478744
2	153.11780189448692
2	153.14703065639497
2	153.16601258916032
2	153.17911778193812
2	153.26861686321155
1	160.48230996537498
2	175.83185783561456
2	175.92078712997892
1	180.783291731093
2	198.8645884295989
2	198.9578327423982
1	200.1775747275115
1	200.20231889656986
2	221.87157365301513
2	222.01734241782034
1	230.62658550670335
2	244.90749624246098
2	244.98690261379602
1	250.13983097809466
1	250.46798743115318
1	250.9663093003831
1	251.19096425314652
2	267.920337525044
2	290.9923749694888
