1	80.46311345870923
2	103.8756934232212
2	103.90810721380629
2	103.91295480893402
1	120.56567626167049
2	127.50354218688474
2	127.52950877433321
2	127.54118240597468
2	127.56303873826596
2	127.58527460209214
2	127.64354908335534
2	127.74094703057533
2	127.85718190252035
2	127.88781721025198
1	150.65487811217727
1	150.77739146524868
1	150.90574821312194
2	151.02394942118255
2	151.10430498666852
2	151.17622259651446
2	151.30161675567402
2	151.38381359444782
2	151.39721854817566
2	151.44338135668121
1	160.47954781760828
2	174.61380837730192
2	174.6559274499641
2	174.733565137286
2	174.7786901517892
2	174.85696562531695
1	180.81981879717154
2	198.26322323967264
1	201.00524390555412
1	201.01937988679978
1	201.06983474919065
1	201.4459454581235
2	221.79727920126788
2	221.85423684567584
2	245.38354722557912
1	250.40124889272613
1	250.81890966758624
2	269.0505884590455
2	269.1132921856015
2	269.1420782639013
