2	126.85446413264668
2	222.35916876066148
2	246.31017251728684
1	461.12124461705884
1	489.6057486008785
1	509.31641836525205
2	532.5795097054742
1	619.5297802715476
2	1105.3603922060909
1	1160.3149278959313
1	1171.612498363411
1	1389.2105565073434
1	1429.3643907930123
2	1654.2528717970554
1	1705.2623621187577
1	1721.2322971482447
1	1834.3513847453578
1	1972.32419950111
2	2322.4744482552405
2	2394.045315152663
2	2417.9868948175645
2	2441.8937683766585
1	2493.196061041383
1	2501.324103172029
1	2542.4542598568464
1	2881.7002914873715
1	2894.2692201458285
1	2973.570995167485
1	3053.4555122733173
1	3111.6792657230862
2	3181.691441584127
1	3189.340105851416
1	3339.406018695676
2	3468.0616576123957
1	3514.4067811326927
2	3611.2605417811715
1	3641.502248267316
2	3778.30346890951
1	3786.329858417814
2	3873.7063240974994
2	4040.834372145385
1	4190.486686557691
1	4340.270054568622
1	4398.2186961250145
2	4446.503074444408
2	4494.281558737072
1	4636.484171302618
1	4656.264640566014
1	4714.575339359635
1	4730.726116669643
