1	80.28700084612449
2	119.5888526830427
2	119.59210788052769
2	119.6060232055218
2	119.67173112536621
2	119.72767826855431
2	119.81200045507848
2	119.8261155157645
1	120.28308852290607
1	120.46497194178272
2	142.8038150594609
2	142.82280870452448
2	142.893270994025
2	142.96068563733283
2	143.0545707266612
2	143.0955004066508
2	143.16394517390165
2	143.27482685552582
2	143.3431016469948
2	143.3731459399946
1	150.35980286381388
1	150.41828048490595
1	160.543860412287
2	166.09487453274727
2	166.12277894488827
2	166.21385557844098
2	166.24268551254448
2	166.32248263360492
1	180.73189391743756
2	189.32804585539637
2	189.38016776189824
2	189.44758541211507
2	189.53295950043105
1	200.24126976634486
1	200.27979844158662
2	212.6696947494412
2	212.70023134847776
1	230.6852809234499
2	235.86960383635378
1	250.14202236671758
1	250.47489158044257
1	251.034746635094
1	251.17664931336324
2	259.0664652167186
2	282.43895812009714
2	282.53134186047043
