1	80.48382945321396
2	92.67023078035187
2	115.98240192225694
2	116.08055602074624
2	116.15994773723868
2	116.21169960669172
2	116.26692653942847
2	116.32628341673956
2	116.37649225860618
2	116.38193446087304
2	116.4492537079778
1	120.17286721821858
1	120.62605149554705
2	139.37480710054277
2	139.42591948163727
2	139.45588057160992
2	139.53369668389047
2	139.55919333372816
2	139.62497907212378
2	139.73625206306394
2	139.75767067648235
2	139.82690559273925
2	139.84574156550022
2	139.9072075810592
1	150.4083444177668
1	150.42158546787638
1	150.58425956581843
1	160.68763071104257
2	162.8566542756142
2	162.88356369657518
2	162.97791762882915
1	180.95672028469974
2	185.94685486138602
2	185.9839639194649
2	186.04042322599403
1	200.30538919215434
1	200.31563072059436
2	209.36439564397241
2	209.4510614042197
1	230.6925249136744
2	232.59149047329262
1	250.24036185171795
1	250.6062534930031
1	251.0843104378863
1	251.3023234352424
2	256.00086044004746
2	279.32128427750735
2	279.4124563365879
