1	80.44229133950634
2	109.83571803649022
2	109.92804646329957
2	109.93904219971927
2	109.95694488358767
2	110.01585016387878
2	110.05488044925828
2	110.08117239470592
2	110.1665952189167
2	110.23733494444289
2	110.2431344702541
1	120.37519499644034
1	120.49005326485117
2	138.5683865070193
2	138.69892434382194
2	138.71446504944242
2	138.75853643886077
2	138.8605694448996
2	138.93224718061165
2	139.015740497122
2	139.07104985271704
2	139.10229034952982
1	150.410088577345
1	150.4795399064316
1	150.57419355174824
1	160.53197516576884
2	167.28103791839388
2	167.30004426693642
2	167.30346772798308
2	167.30365459553107
2	167.3764261550769
2	167.38069445845244
1	180.73802061525922
2	196.15573359841483
2	196.2348096339492
1	200.25834328109738
1	200.41690861039345
2	224.71141361642876
2	224.86093141363355
2	225.07764281524905
1	230.62855756324717
1	250.11508679020307
1	250.3535786729319
1	250.96694464333956
1	251.1490966327817
2	253.24268430035102
2	253.2467337070144
2	282.0560809469878
