2	133.66136497259137
2	226.31946318251258
2	249.4668001378003
1	459.48832289736396
1	461.27227200624293
1	489.66819120124364
2	550.76772460556
1	619.6895519954498
1	1110.5175433751854
1	1122.0252297061584
2	1130.0394114823669
1	1379.3934376593088
1	1389.379427053072
2	1662.9815707090381
1	1671.684558642289
1	1705.3668292831464
1	1784.617308733749
1	1922.705552127062
2	2334.927734752873
2	2404.4175752353394
2	2404.483588414927
2	2450.7852572353213
1	2493.0421797301246
1	2493.3849566753447
1	2501.50321327802
1	2881.805587743927
1	2894.490849439805
1	2973.7498365821257
1	3004.050544448768
1	3111.815928197262
1	3189.3748445512147
2	3192.3064487830416
1	3289.9737993274866
2	3447.1956035266717
1	3464.8427084955224
2	3562.9843804200873
1	3592.046536811522
1	3736.681626203414
2	3794.755878806759
2	3841.0673791564022
2	4026.4348869204905
1	4190.650547283952
1	4290.86144679386
1	4398.453353567258
2	4466.682367883832
2	4489.829130864053
1	4586.960578783607
1	4606.604425694744
1	4714.797881631447
1	4730.567440391142
