1	80.80902013235726
2	130.9711299197452
2	131.06754904123142
2	131.18061783368765
2	131.22144465686898
2	131.26019967074316
2	131.29803398409115
2	131.3276987390141
2	131.39202868845067
2	131.4025405993809
2	131.46866512583497
2	131.50887016568132
2	131.56877157740763
2	131.62754336471207
2	131.6544627022529
1	151.4749821884486
1	151.61236962847616
1	151.6480433675067
2	160.2762114153841
2	160.36603267516372
2	160.45906459614437
2	160.47965219227547
2	160.49407837607134
2	160.57632167275062
2	160.6585621932277
1	160.87303087985492
1	180.94137063493463
2	189.415391966499
2	189.506155601552
1	201.1417135691242
2	218.5802138210722
2	218.58025030761496
2	218.67821067320008
2	218.8159646912225
1	230.83418701421928
2	247.85324257987284
1	250.35364089589433
1	250.6032428601586
1	251.19274399947187
1	251.30454882437925
2	276.9971121536971
2	277.01720826288556
