2	118.33554112854391
2	127.21860734092608
2	234.94757095019887
2	234.9872813192826
2	242.5881477588031
2	265.65774486671353
1	509.145162388182
1	509.3072007008479
1	511.1930420463604
1	511.2926204792114
1	539.6785290545026
1	539.7651000108716
2	542.4265790374291
2	555.6970035675737
1	669.5306598151698
1	669.656523572282
2	1109.6604568663713
1	1110.550908320329
1	1110.6389609238897
2	1119.0449776502826
1	1171.8448436066355
1	1171.9035711772383
1	1389.298646740352
1	1389.3814811592738
1	1429.3616975528178
1	1429.4331240799677
2	1649.5607498532881
2	1663.6259962088948
1	1671.181726955728
2	1692.7452235899086
1	1705.4044465756751
1	1705.4576499226773
1	1721.45588251558
1	1721.4984725038626
1	1834.605345346657
1	1834.6671958559486
1	1972.598252872417
1	1972.6782410915212
2	2318.4611494888645
2	2334.2405887291397
2	2392.585759279607
2	2410.7006368546413
2	2421.7056811148855
2	2433.817407858719
2	2450.8102315155243
2	2456.873345162059
1	2542.717712237717
1	2542.772079098209
1	2543.2525600884005
1	2543.279701457945
1	2551.243411712039
1	2551.3335560469945
1	2931.651847190005
1	2931.7021961306796
1	2944.315276208118
1	2944.422174055697
1	3023.5468719102964
1	3023.5887187238186
1	3053.869934693738
1	3053.9444241106467
1	3161.7428599694204
1	3161.7613787769783
1	3189.3016947059255
1	3189.433847587662
2	3208.9494228135745
2	3218.0396282795227
1	3339.784548627275
1	3339.8317873360797
2	3471.423041980199
2	3471.749207000214
1	3514.7969179131046
1	3514.8432079365552
2	3558.88491195154
2	3563.931215662361
1	3641.8437893481337
1	3641.887458947928
1	3786.648000268381
1	3786.718078995901
2	3792.0026519566327
2	3794.6601970367187
2	3840.730905652761
2	3850.3825678679386
2	4048.3229758733155
2	4054.4235403238804
1	4240.476805805312
1	4240.535581718749
1	4340.652322297172
1	4340.684432799552
1	4398.321882629948
1	4398.441772083337
2	4462.602089100718
2	4463.467632732518
2	4486.620618933217
2	4491.847566752786
1	4636.765915918124
1	4636.865387580092
1	4656.462626040489
1	4656.517220058785
1	4764.616526073382
1	4764.64043577349
1	4780.556887715136
1	4780.573619115426
