2	109.74202969288974
2	123.16437289100973
2	218.50221252308808
2	229.08390160179204
2	253.0044790750399
2	266.1445289856786
1	461.0610743579496
1	461.09839866836694
1	489.5817105821443
1	489.6466123520836
1	509.2476812500759
1	509.30693436603343
2	539.3714403339517
2	552.1967760175801
1	619.2013613370726
1	619.4997461398796
1	619.5698257846955
2	1100.383313568897
2	1112.0837824217954
1	1121.4549629869487
1	1160.241800090249
1	1160.3747485145975
1	1171.6552640692112
1	1171.7386516785843
1	1389.2156452390902
1	1389.277641711079
1	1429.3312254989053
1	1429.4299117108935
2	1637.1140162780152
2	1672.3698845464057
1	1705.2789929921908
1	1705.302785740323
1	1721.1734455298617
1	1721.2562127660162
1	1834.3190711720915
1	1834.355241548254
1	1972.302783788096
1	1972.3484985160721
2	2329.2294557206856
2	2339.75129647853
2	2387.5470128187226
2	2400.831882203806
2	2406.0429218441445
1	2418.5624717828655
2	2424.658904581031
2	2424.756684845594
2	2435.0964771798135
2	2435.119648084136
1	2493.2318761602683
1	2493.2526587157595
1	2501.2873277623416
1	2501.370596868608
1	2542.390115240871
1	2542.4592997496006
1	2881.6579040866454
1	2881.7249985096214
1	2894.2616907530087
1	2894.3230102383004
1	2973.509366985974
1	2973.5810690763888
1	3053.4340981439987
1	3053.49368657283
1	3111.645517487296
1	3111.663187567147
2	3173.984599240342
2	3188.4390359818476
1	3189.2950931262562
1	3189.370161625499
1	3339.388035505451
1	3339.4402464363775
2	3460.005773659432
2	3474.795014458668
1	3514.356925983759
1	3514.396103904058
2	3617.979352113309
2	3626.9403562561465
1	3641.5050611182446
1	3641.6023300150227
1	3736.2004516483094
2	3785.0616882285153
1	3786.282526960565
1	3786.3568633314617
2	3793.739135974434
2	3856.6040626412423
2	3865.2050194023495
2	4023.675558095576
2	4032.1268298328696
1	4190.479115914923
1	4190.553069542087
1	4290.371819329524
1	4340.305893170438
1	4340.350188670125
1	4398.217564339584
1	4398.261131170628
2	4437.254342960127
2	4453.249322755237
2	4473.248635959522
2	4484.957581287768
2	4497.310289781623
2	4501.0470791414555
1	4636.466488198341
1	4636.547461924424
1	4656.240041324447
1	4656.313362953666
1	4714.604125706213
1	4714.620256780522
1	4730.500774803747
1	4730.653806612969
