1	80.51542190538481
2	110.74189487284336
1	120.49639350065011
2	133.64948235222292
2	133.65257697824052
2	133.6750444174287
2	133.71028671767607
2	133.74359834899025
2	133.82317848123816
2	133.87162445034627
2	133.89359086982813
2	133.94223886346384
2	133.9625062530237
2	133.98015958750642
2	134.00615523205084
2	134.09837832679543
2	134.11912606188562
1	152.1155167409
1	152.136659522864
1	152.18285081884838
2	156.80030036309643
2	157.0421112892177
2	157.07893223948514
2	157.25512874648012
2	157.3012374430831
2	157.3203992170002
2	157.43674753348617
1	160.45358406528442
2	179.639980040172
2	179.6478460179423
1	180.7691669127823
1	200.59647799597937
1	200.79888592340788
1	201.37417140887018
2	202.46953368878934
2	225.47420105658588
2	248.2919288242891
2	248.33636625176942
2	248.39934071241464
1	250.566802311808
1	250.66532353636396
1	250.69006608620998
2	294.11284141480843
2	294.1350130744236
