1	80.25607823917964
1	110.70118921468895
2	113.16049969647652
2	113.18493132318832
2	113.2213223474488
2	113.23999334160696
2	113.25134356732546
2	113.3178593990578
2	113.38912851173625
2	113.40761608682689
2	113.4710192707364
2	113.51376131895705
1	120.27514624849213
1	120.3820801441867
2	135.8944055190677
2	135.95088208628883
2	136.01697590726434
2	136.0891365136391
2	136.16148212177686
2	136.20028839887075
1	150.12499930663645
1	150.20040057129967
1	150.37743898285092
2	158.52582305523066
2	158.5818190925817
2	158.63287239785143
2	158.69019701004476
2	158.72280021379345
2	158.8050941152847
1	180.6015674703712
2	181.25112500557952
2	181.3706739575026
2	181.43200203119233
1	200.21426184949271
1	200.87285819109528
1	201.27417457381028
2	203.90193677687083
2	226.60526693903464
2	249.4169600829722
1	250.42439932490754
2	294.73916538935146
2	294.8097173465526
