2	118.00297083020594
2	129.18011150279364
2	138.53693634775416
2	209.6501809340539
2	215.9479764898124
2	225.8306720767121
2	254.999343269343
2	273.741053450831
2	278.4090518233517
1	461.2619165799025
1	489.8230841823895
1	509.3708201548897
1	509.5636074720547
1	509.60422850848164
1	511.1857238861206
1	511.35344041475685
2	533.737460089152
1	539.9015249277141
1	539.9265262214169
2	545.7656125082141
2	553.4251095289195
1	619.7054457095822
1	669.5957705564047
1	669.6759363847553
2	1098.3814186526981
2	1103.5182504916522
2	1111.691912131253
1	1160.4515356987492
1	1160.6261094283443
1	1160.7248424108643
1	1171.7127233588542
1	1172.1112151370633
1	1172.1668376385387
1	1389.4779558147443
1	1389.5334645141077
1	1389.5358127573277
1	1429.455757665062
1	1429.6170324995392
1	1429.690717769943
2	1651.1155459214383
2	1660.7602587093813
2	1676.4352262546574
1	1705.4002045704483
1	1705.6923890518567
1	1705.7893976579767
1	1721.2583243981119
1	1721.5159069298431
1	1721.567798804458
1	1834.5712625340216
1	1834.6690253421632
1	1834.7225532372759
1	1972.3685803227363
1	1972.7404359675652
1	1972.8341280320676
2	2325.3938681701943
2	2341.0300932765704
2	2349.1363645254073
2	2407.3482479038826
2	2407.410719458803
2	2409.8391772806353
2	2412.1167170315152
2	2432.709140503838
2	2432.7967176964157
2	2436.3961568009786
2	2440.994165722277
2	2441.0537159767296
1	2493.3985634937553
1	2501.498165781113
1	2542.6340348705326
1	2542.8759266818793
1	2542.959801354396
1	2543.458639043445
1	2543.46537614816
1	2551.3903458233935
1	2551.477966711552
1	2881.843024575698
1	2894.4576555663693
1	2931.7165572968624
1	2931.7903296178533
1	2944.528735127513
1	2944.6013163400826
1	2973.6426902738426
1	3023.704646889848
1	3023.763409025482
1	3053.590900350898
1	3053.9494389199517
1	3053.9765862236854
1	3111.8121443681425
1	3161.798510951648
1	3161.819723505549
2	3189.0733683532326
1	3189.499037528546
1	3189.735908207041
1	3189.7962895229343
2	3192.377323543879
2	3192.608648539394
1	3339.607349868625
1	3339.9443931777155
1	3339.977726397976
2	3452.4428287034902
2	3464.0664448441203
2	3483.5437737449615
1	3514.6022675421373
1	3514.9186341956256
1	3515.023957708456
2	3568.0255255452316
2	3570.798361215163
2	3578.631101221914
1	3641.6077111009918
1	3641.9089876053204
1	3642.06431386002
2	3784.9040283078016
1	3786.3383035754405
1	3786.7840912323313
1	3786.881290128246
2	3799.201863702872
2	3803.4747756169686
2	3856.986440031121
2	3861.6182493402816
2	3876.5817928536176
2	4030.3829211961056
2	4036.137772660821
2	4036.969666787194
1	4190.674899373732
1	4240.645265242508
1	4240.712316499849
1	4340.390543766609
1	4340.787904287935
1	4340.790401287501
1	4398.325761209534
1	4398.686070223336
1	4398.715641946108
2	4434.934180721286
2	4449.500309692933
2	4472.480405449756
2	4492.72233372997
2	4495.383859933446
2	4501.527704682844
1	4636.681704282995
1	4636.998134148268
1	4637.013774655015
1	4656.3761240311505
1	4656.702133676857
1	4656.731460984366
1	4714.875447431781
1	4730.682340730381
1	4764.775019234333
1	4764.795349210292
1	4780.70417623369
1	4780.772395336229
