1	80.53373611950359
2	98.80592366581288
1	120.53686437930088
2	122.24912453851556
2	122.29643056239824
2	122.31783894513593
2	122.35384225885628
2	122.43936420898127
2	122.50682662571701
2	122.56860821069087
2	122.60513562942496
2	122.69783894189827
2	122.78826704036871
2	145.86819691619195
2	145.94060943380086
2	145.99536370100924
2	146.052601415793
2	146.0981944265317
2	146.1645632039885
2	146.19669352409224
1	151.1334368774878
1	151.23606041840557
1	151.32823181743888
1	160.51084892917567
2	169.4498491694252
2	169.52057287748653
2	169.71516051793114
2	169.78412941980983
2	169.78563630916045
2	169.8463730114297
1	180.863658115812
2	192.99626264368058
2	193.13883840519745
1	200.42396188921037
1	200.78207735310522
2	216.50369975877612
1	250.2750746494875
1	250.59641013139324
1	250.9554638000378
2	263.314130096177
2	263.3671213277316
2	286.8463078675501
