2	118.83917647370892
2	128.30902557976773
2	133.666213314944
2	205.1955261270307
2	214.20294035271198
2	223.70618423675464
2	247.51445294547867
2	261.84107575123573
2	276.66114066399007
1	459.29419767616616
1	461.0423076044918
1	461.0435756041904
1	461.13914804534284
1	489.58761420414976
1	489.6873113420068
1	489.78423950084016
1	509.30563228263367
1	509.36510954109445
2	533.7402364836387
2	547.8486431688436
2	562.6332926040092
1	619.4527627569977
1	619.6132064502991
1	619.6788636214585
2	1096.0614181771598
2	1106.1681638264367
1	1110.3588581882163
2	1110.7542670897985
1	1121.8267162238992
1	1121.8587158720454
2	1158.3578149057983
1	1160.3264611210764
1	1160.3856367802107
1	1171.6465869206888
1	1171.6863152803608
1	1379.2795101983663
1	1389.1778135838742
1	1389.254069823433
1	1389.3528802347664
1	1429.3373887251985
1	1429.3933926660263
2	1654.7509819060288
2	1668.1189416909071
1	1671.421759876071
1	1671.4389004521558
2	1682.657627217232
1	1705.307564049425
1	1705.3596677833466
1	1705.4310981893009
2	1706.515203664402
1	1721.2517499813146
1	1721.2599245828956
1	1784.4178503134374
1	1784.5625442491198
2	1825.6112616463124
1	1834.4142580744076
1	1834.4909637138162
1	1922.4494064768528
1	1922.5269116648392
2	1968.5960743124997
1	1972.2286300504325
1	1972.3754769784446
2	2322.597766648432
2	2335.4865218996824
2	2349.90648906736
2	2394.0760533748994
2	2394.1621428898998
2	2407.007022390117
2	2417.931719329833
2	2421.3944772976524
2	2430.7962592728886
2	2430.885188567253
2	2445.253251633104
2	2445.3481016392025
1	2492.590344047732
1	2492.652215165894
1	2493.200188087108
1	2493.2751968298235
1	2493.32649046303
1	2501.3626905069336
1	2501.406930580045
1	2501.434003693639
2	2516.7017554336235
1	2542.4542015688653
1	2542.531272580418
1	2881.489234428205
1	2881.5665529323414
1	2881.660597866648
1	2894.3672603580285
1	2894.4458304258455
1	2894.5326800886737
1	2973.389516282114
1	2973.4666925231186
1	2973.6024190644193
1	3003.7085646468395
1	3003.980502548174
2	3040.967733130937
1	3053.4219608055478
1	3053.5301835148693
1	3111.5175184801715
1	3111.6097423588035
1	3111.6351072922807
2	3181.1847183915434
2	3183.9618757830017
1	3189.280287923164
1	3189.372001687608
1	3189.421496850006
2	3193.603664822165
1	3289.603628622294
1	3289.7616498759044
2	3326.957552314243
1	3339.492187042764
1	3339.5436102135563
2	3455.7122668652755
1	3464.665183182518
1	3464.8087553572454
2	3467.376180963687
2	3469.956575171843
2	3493.8023296783845
1	3514.417389657033
1	3514.516781647934
2	3562.8109304150335
1	3591.7953139772803
1	3591.8403380989357
2	3622.5512870238676
2	3636.753977367227
2	3636.778635312184
1	3641.5116212638222
1	3641.616272828934
1	3736.413100122198
1	3736.584970045137
2	3777.419718407594
2	3779.768330438456
1	3786.3109782487886
1	3786.316997158896
2	3789.4068547902166
2	3803.60821260785
2	3825.0941529101187
2	3860.9210111352713
2	3875.0402587155636
2	4015.920736158606
2	4027.82832925633
2	4041.859322057523
1	4190.4087036165165
1	4190.505784288318
1	4190.602204618815
1	4290.648057658411
1	4290.679482750606
2	4327.81822330609
1	4340.366056543439
1	4340.379642450112
1	4398.215060627329
1	4398.238023440421
1	4398.251476498757
2	4432.946827086295
2	4445.2254261209955
2	4447.0205049825
2	4469.100015375154
2	4480.622217552572
2	4494.657616518569
1	4586.581084936244
1	4586.809192408377
1	4606.493749978834
2	4613.764223940315
1	4636.545984706268
1	4636.596399595581
1	4656.227511030478
1	4656.257376103984
1	4714.273455308754
1	4714.5620653468
1	4714.589975073936
1	4714.599179840469
1	4730.421086468137
1	4730.569499689066
1	4730.587748445426
