1	80.42339401229385
2	102.34593172074518
2	130.45170459884915
2	130.45653307765807
2	130.53003905397625
2	130.59980901905124
2	130.61468223649356
2	130.6929523968347
2	130.70953684233166
2	130.76989596904863
2	130.8089239092329
2	130.88164952106217
2	130.93078832849298
2	130.94168126999006
1	150.61518772322881
1	150.6784978036555
1	150.74470587156858
2	158.6594307737538
2	158.70361901418687
2	158.78356439216935
2	158.8613866954942
2	159.04417301063074
2	159.1742763404864
2	159.2180431609197
1	160.46110075948687
1	180.66659149729296
2	186.86297148668478
2	186.9499637550059
2	187.04621120258392
2	187.0568014656891
1	200.52831278405432
1	200.81048318962257
1	201.0316315715868
1	201.25738124813137
2	214.85882814628667
2	242.9572021326979
2	243.03839315349066
2	243.12209304927782
1	250.45229512196101
1	250.756918624885
2	271.0585930313716
2	299.2852744705575
