2	145.19736160157734
2	238.74111022877523
2	262.13230166748934
1	459.2988909497124
1	461.1464092269889
1	489.60026821457035
2	542.7067258109785
1	619.4724944218018
2	1103.9054455586631
1	1110.5609991286872
1	1121.8444980742122
1	1379.3864296136926
1	1389.3314726313986
2	1665.1224322125368
1	1671.5493851936646
1	1705.1756008856853
1	1784.6169586986898
1	1922.6449257328634
2	2319.9359419849393
2	2413.416092873319
2	2413.4238044998087
2	2436.778057127669
1	2492.8596832661055
1	2493.3327346507285
1	2501.3031836035575
1	2881.593955362041
1	2894.3874943025753
1	2973.6733624569383
1	3003.3200000478514
1	3111.840415902923
1	3189.2968536736435
2	3208.5107266814002
1	3289.8972242961604
1	3464.787634098662
2	3465.6639009979535
2	3559.275093397176
1	3591.9112929136286
1	3736.578565312565
2	3793.1150981122596
2	3863.195138781437
2	4050.3394337922828
1	4190.5396721188
1	4290.808210033928
1	4398.214369861405
2	4471.236667373716
2	4494.65227927302
1	4586.191559752824
1	4606.639645069582
1	4714.65557151466
1	4730.625898484179
