2	140.7193399689673
2	198.45982508691355
2	209.85904747524313
2	222.36940241472183
2	246.25169679032643
2	255.94897849959517
1	509.1916385043413
1	509.3037836853501
1	511.1097446268714
1	511.18823800441317
1	539.6165666002674
1	539.6883255401149
2	555.5312362141204
2	556.3196079322021
1	669.540654804417
1	669.6368395329247
2	1085.4710188412216
2	1105.0049032591346
1	1110.4502591245864
1	1160.3719623632758
1	1171.7892956606643
1	1171.901983126703
1	1389.1357347881078
1	1389.2826927055019
1	1429.2817415902916
1	1429.3909193316065
2	1638.491466173471
2	1653.7328327929904
1	1705.2988920748023
1	1705.4190183831072
1	1721.3363027252624
1	1721.4230525521089
1	1834.549292862013
1	1834.6176120405833
1	1972.5232869250335
1	1972.6234154794404
2	2321.5996652583453
2	2329.776269298611
2	2393.151501939696
2	2398.958322076556
2	2398.9604713621843
2	2440.908738862579
2	2445.0694835270338
2	2464.785221910853
1	2542.6738357381573
1	2542.753474570446
1	2543.2685282640264
1	2543.305463395884
1	2551.1984643777046
1	2551.2502993085463
1	2931.636056281044
1	2931.655129285353
1	2944.2633954486105
1	2944.4169047089104
1	3023.522081202943
1	3023.5626486070937
1	3053.84192528861
1	3053.8742443905503
1	3161.696618616565
1	3161.787326148719
2	3182.3734245249975
1	3189.2918630727017
1	3189.3770446765443
2	3204.3240864206487
1	3339.797841525887
1	3339.890004138256
2	3458.9607276680504
2	3490.5697264633827
1	3514.7549399472377
1	3514.871482570486
2	3538.296359964111
2	3551.125675044651
1	3641.814849076994
1	3641.9278625407233
1	3786.6341421258758
1	3786.6366461764846
2	3800.648053771313
2	3804.563219901978
2	3824.5606897181056
2	3850.621230255122
2	4034.9742916618243
2	4039.2572446691083
1	4240.430108119653
1	4240.494051620296
1	4340.633334469249
1	4340.715751157005
1	4398.256928498458
1	4398.343761278664
2	4444.788284528547
2	4449.744418580199
2	4468.592737384146
2	4495.88071766933
1	4636.766862226477
1	4636.886260148921
1	4656.506110941963
1	4656.552562593493
1	4764.618522435286
1	4764.7156218398695
1	4780.5668040309
1	4780.61205106512
