2	115.16098603150293
2	222.84359976472015
2	222.8641366063351
2	232.0600851539792
2	246.37129595732839
2	261.226069509792
1	461.2183205871547
1	489.64338900327215
1	509.27347550049495
1	509.49540445681805
1	511.1552482422616
1	539.675930793327
2	553.2268304595955
2	577.08381112814
1	619.7295042510053
1	669.581038788325
2	1108.084291133957
1	1110.4235866816666
2	1120.3173342642494
1	1160.427141495673
1	1171.7728438763138
1	1171.9081756625021
1	1389.2257274353012
1	1389.402202645109
1	1429.373836147402
1	1429.552736882585
2	1663.5883769308641
2	1692.2141710293492
1	1705.3664345126565
1	1705.5092353638668
1	1721.3801877224266
1	1721.4279455648673
1	1834.5539666527811
1	1834.5706876550996
1	1972.4511351683348
1	1972.545272498257
2	2325.029256537049
2	2334.613587541482
2	2393.0150144607687
2	2395.902771377428
2	2422.265688617759
2	2443.0482473889006
2	2451.382551402762
2	2466.68841646514
1	2493.4897966195153
1	2501.5892899495316
1	2542.587318246006
1	2542.7935513360267
1	2543.267552100519
1	2551.29103230936
1	2881.686041273011
1	2894.487706822343
1	2931.585037825713
1	2944.3538829428185
1	2973.7428888303634
1	3023.622559191919
1	3053.6007996286266
1	3053.8102898023003
1	3111.8521983217374
1	3161.7619006324708
2	3181.4105785437305
1	3189.3287241614544
1	3189.4885857147588
2	3222.5748757487386
1	3339.6517937790773
1	3339.803460658175
2	3473.4566729578014
2	3506.049611649644
1	3514.5915416893954
1	3514.790931695578
2	3576.8189808609786
1	3641.609207125757
1	3641.9050620344888
2	3648.6136455550363
1	3786.4050072615555
1	3786.671030981673
2	3794.694153539463
2	3813.0516138374096
2	3836.679421615532
2	3882.2347625473185
2	4049.2432772201737
2	4057.4910523814115
1	4190.567971494836
1	4240.547651028326
1	4340.4449365539695
1	4340.685275539345
1	4398.357462697817
1	4398.405828070082
2	4450.858050097271
2	4466.3541935929425
2	4474.481797011025
2	4495.541596131221
1	4636.66100885219
1	4636.844401071553
1	4656.400253700133
1	4656.527192240922
1	4714.914831815043
1	4730.620676555575
1	4764.7173558371815
1	4780.609813091616
