2	156.174617986004
2	212.5171897746299
2	268.87443031083086
1	509.5861733695841
1	511.2464266799411
1	539.8065209516877
2	578.6646319695578
1	669.6828805046365
2	1113.9912341001047
1	1160.6813927348524
1	1171.960947801399
1	1389.4547850300673
1	1429.6121438576147
2	1677.2917137841564
1	1705.701588293286
1	1721.4961035896586
1	1834.7479212636913
1	1972.8134998492394
2	2353.272062837862
2	2409.605861272239
2	2409.6865779673294
2	2437.780741839051
1	2542.7930564813223
1	2543.3621717656474
1	2551.3844681226524
1	2931.7247104840408
1	2944.35518816142
1	3023.613545574018
1	3053.9699308880595
1	3161.73602827495
1	3189.7883602058905
2	3198.327923980408
1	3339.8346266021645
2	3480.1056456174874
1	3514.840206712915
2	3564.5733645651335
1	3641.9666882609013
1	3786.688585075176
2	3789.882508532029
2	3846.3047636438523
2	4043.4258227649298
1	4240.5578562634055
1	4340.865982982957
1	4398.707206937399
2	4437.763614668929
2	4494.141683204397
1	4636.999538297681
1	4656.635921958703
1	4764.837646631648
1	4780.591609836418
