1	80.72382291762734
2	106.68578598722031
2	129.6537457639312
2	129.7089532466655
2	129.75384111012704
2	129.80474747526793
2	129.89425729364245
2	129.9460097891146
2	129.9984699851907
2	130.00068045799983
1	150.95555478483718
1	151.05901270194377
2	152.66358222415016
2	152.77094846547317
2	152.85383028521883
2	152.86820979167865
2	152.92421322581637
2	153.02270258091295
2	153.08986275957471
2	153.18902496179788
2	153.24733573772332
2	153.33954104804758
1	160.89567756117006
2	175.6381648151031
2	175.93945979931163
2	176.12006224284318
1	181.05592829038423
2	198.57978025583026
1	201.1612226361474
2	221.62498468799893
2	221.65819971574183
1	230.82080594586236
2	244.57984401898062
1	250.50767247026965
1	250.73691894680016
1	251.2815875195906
1	251.524765400213
2	267.37427147480656
2	290.27705908741626
2	290.33639641707595
