1	80.50654818466066
2	115.81161615927056
2	115.82260874493012
2	115.86793788179932
2	115.92982044442408
2	116.01015770610367
2	116.07965734258373
2	116.10782112201582
1	120.29516332843376
1	120.5027975448251
2	144.56164867215668
2	144.64137995428783
2	144.67320106508382
2	144.72690710360735
2	144.77244481533035
2	144.8027885334144
2	144.83991763850617
2	144.90678973457247
2	144.9532697063071
2	145.05761413840676
2	145.07340391354117
2	145.12584193648644
2	145.13894192678592
2	145.16619609527805
1	150.51681437348853
1	150.7296418676046
1	150.73007105177314
1	160.66965715994775
2	173.2795965605571
2	173.36660000622913
1	180.7127060392919
2	201.9885855741208
2	202.03291626557586
2	202.1108828632219
2	202.19328871048077
2	230.48538465335818
1	230.66790338626703
1	250.2186682647749
1	250.56585405824416
1	251.063985095979
1	251.30052922637663
2	259.1584056148458
2	287.91573283782003
2	287.96971499041865
