1	80.14849625463647
1	80.25862625075962
1	80.61407122202743
2	85.3591460424564
2	109.20241082175203
2	109.24632309587453
1	110.45983225457785
2	115.85372982878
2	115.88546640884788
2	115.98241915716387
2	116.05638508526204
2	116.07623392077447
2	116.10377274085786
2	116.17273547206447
1	120.16141997226204
1	120.47809392234825
2	128.1031925627096
2	128.1253373496887
2	128.17075598456898
2	128.21849947492015
2	128.2879258958169
2	128.3837647313821
2	133.14469725789672
2	133.20869356146483
2	133.2231998754934
2	133.3221724823611
2	133.36337918871425
2	133.40667128194374
2	133.4989527921824
2	133.588889961667
2	133.6173824316233
2	133.67697980405185
2	133.770298805745
2	133.81309716725872
2	139.49324145281446
2	139.58700414624508
2	139.59530989625296
2	139.6957534901118
2	139.72904452564163
2	139.7360894334084
2	139.79647360796423
2	139.87474322096733
1	150.0729959310433
1	150.11009156325616
1	150.19245234725932
1	150.2288578665662
1	150.79598166837445
1	150.91720605254199
1	150.9342687547331
2	151.9758821134587
2	152.05486860633943
2	152.11172492870358
2	152.1577549931153
2	152.17301124507463
2	152.25190970727408
2	152.33792932813688
2	152.38457480384918
2	152.4234716967931
2	156.9369427465447
2	157.02041959723587
1	160.29808098623485
1	160.48545399929742
1	160.58581112132018
2	162.9232868691962
2	163.04759244202995
2	163.1336050075658
2	163.26678298370723
2	163.31894533114263
2	163.3877738243593
2	163.42393666324597
2	163.46276281079213
2	175.8821025324047
2	175.93283326223911
2	176.11118547395796
2	176.18365165966114
2	176.24527880569718
1	180.5153034096233
1	180.60749302223155
2	180.75396486131436
2	180.7992762318487
2	180.9894040611293
2	181.05287774510637
2	181.0647872244773
2	181.11235031378843
1	181.1529524921367
2	186.49961179134377
2	186.59142812515378
2	199.6813175586531
2	199.7355373796514
1	200.1188502495708
1	200.34993217645197
1	200.41861015668263
1	200.8018621585217
1	201.10579260789072
1	201.24840491099053
1	201.33392992523903
2	204.64925196381793
2	204.66171325308002
2	204.7491047890655
2	210.20459484032438
2	223.4190034263067
2	223.5803093218895
2	223.59165631263602
1	230.65574189494683
2	233.71741056633948
2	247.31139630096345
2	247.41081442206493
1	250.06428751232116
1	250.2565228057338
1	250.355181516432
1	250.4670136779218
1	250.61489357895132
1	250.9035687942623
1	251.0271097966622
1	251.09117601139525
2	252.36948762960864
2	257.1428991689612
2	271.1337410266243
2	276.1891628052121
2	276.26123287600217
2	280.74407408210914
2	280.897695723837
2	294.9377284755761
2	294.94092703392147
