2	109.76218350276298
2	131.52325595571057
2	224.48669741547351
2	229.14799666552636
2	247.7818494051384
2	253.02297126957902
1	461.17820050371205
1	489.5958185938832
1	509.2366725525702
1	509.31057885128695
1	511.20889842242735
2	539.3682008731353
1	539.6185416727157
2	549.8626031228025
1	619.5758567151204
1	669.5036253976153
2	1107.5112188465248
1	1110.2107656234375
2	1112.134036493847
1	1160.3172018197004
1	1171.6353536396364
1	1171.8896407036561
1	1389.2036003586243
1	1389.3619316805405
1	1429.3144247296461
1	1429.33997741299
2	1637.1444685149224
2	1665.2987257811137
1	1705.2225859063913
1	1705.3349780773071
1	1721.2780872555566
1	1721.3834142407104
1	1834.329889949982
1	1834.590370624712
1	1972.3204528695285
1	1972.6282366714204
2	2315.983139103416
2	2329.2926918571475
2	2400.841701679621
2	2424.7936600732364
2	2424.8704950906567
2	2432.1668635022065
2	2432.218683901677
2	2455.429014214277
1	2493.2485340054527
1	2501.2971880406767
1	2542.4216793365445
1	2542.7430037448994
1	2543.3018994159984
1	2551.266195914139
1	2881.690475029077
1	2894.318808966766
1	2931.6545444797525
1	2944.296402166841
1	2973.6062285343023
1	3023.5371502793555
1	3053.4362905164503
1	3053.868408759329
1	3111.6762886233423
1	3161.6899993353377
2	3188.468905031206
1	3189.3601741872853
1	3189.4102300038257
2	3199.050603363244
1	3339.460121194108
1	3339.806043922721
2	3474.863443600882
2	3477.8963897159097
1	3514.359154222808
1	3514.8957183637085
2	3570.8625117681017
2	3594.203030655237
1	3641.5608410429923
1	3641.9393854910586
2	3785.04925984003
1	3786.2778917432274
1	3786.6481162417645
2	3803.1943913710465
2	3826.4411480486283
2	3856.657239118752
2	4023.698187278009
2	4035.6549232560615
1	4190.4432320408405
1	4240.472531630632
1	4340.263827166279
1	4340.624415293373
1	4398.19214415348
1	4398.332271639553
2	4453.283366147496
2	4453.956081404777
2	4477.108055815986
2	4501.02910079718
1	4636.428059805929
1	4636.832507363956
1	4656.3488637856
1	4656.482686171886
1	4714.603425865371
1	4730.646568479387
1	4764.714537129352
1	4780.623833959238
