1	80.64172283921961
2	113.98819093240662
2	114.02141394949618
2	114.08632193421593
2	114.10536158195552
2	114.1654571675522
1	120.2850541157393
2	142.6485553655718
2	142.74619122034926
2	142.83433293560057
2	142.9810490320231
2	143.01140072892682
2	143.04613386048666
2	143.12266868840214
2	143.12564427109618
2	143.19062877882283
2	143.23931829952662
2	143.25927175079735
2	143.27272934380727
2	143.36606122420093
1	150.65488902641866
1	151.01736990829193
1	160.8538051393105
2	171.60906412044855
2	171.67217651757596
2	171.74222787572384
2	171.87352656214296
2	171.94361608567223
1	181.12114149690416
2	199.93895747311197
2	199.97210514227802
1	200.35246699634615
1	201.1981779070745
2	228.5096445049785
2	228.78854726723856
2	228.8026500054439
1	230.8901553308958
1	250.34009552633896
1	250.7265609096387
1	251.11188975322838
1	251.47163940012922
2	285.7593948622406
2	285.79578402916
2	285.8306760545504
