2	130.69937730589436
2	181.49116105007658
2	198.86095177896487
2	200.8583639710648
2	227.7108429286732
2	229.17367255972675
2	253.06946362585873
2	256.6049493217457
2	271.0120422567195
1	461.5223435881666
1	489.7234197625339
1	509.22886543605136
1	509.25683652365893
1	509.57460627147026
1	511.1034721064265
1	511.1689042162611
1	539.6827040734058
1	539.7107601695342
2	551.8291297460815
2	563.2080201721515
2	573.9937879120093
1	619.5339797250002
1	669.4918239625796
1	669.6027216186543
1	1110.4093603550034
1	1110.4334895265788
2	1111.840081750586
2	1113.4679865778178
2	1122.2099709128534
1	1160.61263622829
1	1171.8324728982373
1	1171.8839693304349
1	1171.955675012338
1	1389.179762095692
1	1389.2297121078889
1	1389.4172336090555
1	1429.2830120854169
1	1429.3165038137106
1	1429.600290974602
2	1660.5021269503668
2	1670.3743207941554
2	1674.9783744742315
1	1705.2735258593893
1	1705.2934717683397
1	1705.6433757179266
1	1721.3934231259693
1	1721.436963433387
1	1721.4646867015433
1	1834.5032414739785
1	1834.5963855731893
1	1834.6975302777469
1	1972.5555862022366
1	1972.6410379477281
1	1972.7339116378216
2	2328.4429664639533
2	2330.1641591886737
2	2334.087800697187
2	2399.9925797116834
2	2400.3495209574685
2	2420.653775141635
2	2423.7537104343783
2	2423.843208058383
2	2447.773490400101
2	2447.800726618632
2	2449.4767338533975
2	2478.298669822032
1	2493.569687032825
1	2501.669384109842
1	2542.6766481127347
1	2542.693210883683
1	2542.785838077828
1	2543.2436994461395
1	2543.2872229457134
1	2551.2395805919705
1	2551.315578859801
1	2881.7237374181345
1	2894.759707178275
1	2931.62725196879
1	2931.709405073146
1	2944.2978971574453
1	2944.3314748323714
1	2973.6969045421365
1	3023.523523580083
1	3023.593028595661
1	3053.704741503838
1	3053.755549585722
1	3053.8858423316883
1	3111.8109642642144
1	3161.6893317046947
1	3161.711777280779
1	3189.2997080076743
1	3189.443303801413
1	3189.7396424599647
2	3195.922838483824
2	3199.6793152133723
2	3211.0684633775136
1	3339.707059871483
1	3339.7462621453483
1	3339.7869861360614
2	3453.367139820779
2	3488.2049753610345
2	3497.3784852872805
1	3514.700745961433
1	3514.7765994769925
1	3514.7962865137893
2	3545.056846506173
2	3570.367523688805
2	3574.7939771209035
1	3641.749009400716
1	3641.8314878530805
1	3641.8716768313425
1	3736.265012319276
2	3757.4809464220843
2	3780.957644922907
1	3786.5725104901016
1	3786.653215834707
1	3786.653853888729
2	3805.5655475751087
2	3807.4626700174754
2	3831.363493072333
2	3834.490705204136
2	3851.077797837771
2	4036.4749115413333
2	4038.33939757619
2	4046.0670357778063
1	4190.600965161338
1	4240.464166100326
1	4240.496861450635
1	4340.615933832907
1	4340.651553312961
1	4340.770703281075
1	4398.28051724117
1	4398.2852667952175
1	4398.674478838834
2	4436.123743612998
2	4440.433515358243
2	4451.5445850422975
2	4469.240397775619
2	4475.469793729726
2	4482.935121930443
1	4636.7598710223565
1	4636.855216023245
1	4636.915734917509
1	4656.5063786770415
1	4656.6045478053575
1	4656.614910743091
1	4714.823878691399
1	4730.776781367
1	4764.61548480413
1	4764.738657421399
1	4780.5077035709655
1	4780.5673316093435
