1	80.17632302312694
1	80.48503809470142
1	110.64139063138798
2	115.55189318835433
2	115.59695176382465
2	115.67351458096894
2	115.72298429412201
2	115.74656325094722
2	117.06689931401948
2	117.13393094379947
2	117.13498642038344
2	117.19807615892529
2	117.21405889029447
2	117.23119792674692
2	117.29785002960789
2	117.38807210930187
2	117.48499888707585
2	117.56649597718699
2	117.63541690674836
2	117.6510795499992
2	117.74934168532889
1	120.1622324265282
1	120.22685939301947
1	120.26544965713789
1	120.31522733874586
1	120.35766218787336
2	138.69137007318008
2	138.74135614769963
2	138.8081735118467
2	138.81060731147514
2	138.88199808256041
2	138.93731891267842
2	138.98307226975234
2	139.07637003462597
2	139.12900442722253
2	139.17305524038755
2	139.185983894616
2	139.19518629390075
2	140.9283806217348
2	140.9660740894793
2	141.00720718245225
2	141.0314171126183
1	150.09019805703062
1	150.23803728313973
1	150.34905883438
1	150.5796793918183
1	150.62978491392448
1	150.702113371853
1	160.56858383528885
2	162.04325093479554
2	162.19921801806444
2	162.24341410365935
2	162.32428342141122
2	162.35115916803824
2	162.41735975833546
2	162.4956626705713
2	162.57479664837646
2	164.72294295920753
2	164.79370349281928
2	164.8062790903263
2	164.8992588044263
2	164.95737926432926
2	165.00142549492676
2	165.00973807212978
1	180.65416410141322
1	180.88324163034784
2	185.469239215244
2	188.54737202742712
2	188.5508733802747
1	200.15128748652083
1	200.8460236793659
1	200.88675684592516
1	201.22461364103904
2	208.58021030228642
2	208.59757731839332
2	212.48743325159802
1	230.64654129448658
2	236.31235521553901
1	250.1122250405214
1	250.31949693570587
1	250.96213875375292
1	251.23628926934734
2	260.1084901246876
2	260.19161426863184
2	277.9572653551674
2	277.9977455298515
2	278.04436677644
2	283.98527416114143
