1	80.18808874352975
1	80.22249818573373
1	80.34417217599523
1	110.49908775080587
1	110.65734246269493
2	114.63434514468567
2	114.64893258427351
2	115.65583592073148
2	115.72691825465908
2	115.81189322283505
2	115.88514919884517
2	115.89447398414957
2	115.92296901943365
2	115.99573269580283
2	116.0254604945837
2	116.032016201718
2	117.23383031711019
2	117.27247758479433
2	117.33959722342263
2	119.9622788087622
2	119.99805017886283
2	120.07677570854155
2	120.16688405187176
2	120.18835431344267
1	120.23820470190329
1	120.37792802102922
1	120.41675151366843
1	120.49448944879366
2	139.4580851527446
2	139.50209945762236
2	139.55917119422017
2	139.56902855771978
2	139.69972186670003
2	139.7259275350949
2	139.7585953315665
2	139.79049868092937
2	139.8856256580351
2	141.09460422767378
2	141.13009617136328
2	141.17517227233233
2	141.2633585817595
2	141.3422206491477
2	141.43387574065508
2	141.53933229033737
2	141.5798021925337
2	141.58398580977124
2	141.68052629279558
2	141.71249618335546
2	141.72839562678095
2	143.889453422387
2	143.94305034475863
2	144.02456820256398
2	144.12337174517955
2	144.14063630107378
2	144.18156872692424
2	144.24034479683525
2	144.32836151806072
2	144.3593029380423
2	144.38317598758027
2	144.453317617956
2	144.5062026457906
2	144.5159827102943
1	150.12156010436254
1	150.1266512424825
1	150.19738931421844
1	150.2688311879957
1	150.27011347333286
1	150.402896979238
1	150.46765024330014
1	150.51380959968594
1	160.2962229457468
1	160.35539515057985
2	163.46934538527938
2	163.67199328138756
2	163.67359591666673
2	163.76646960676018
2	164.8914171029511
2	164.95550924290978
2	165.00682038711852
2	165.03938393029784
2	165.06237587791608
2	165.22971275685748
2	165.26774517465063
2	167.75515551352444
2	167.83042349676896
2	167.89256888766536
2	167.97037102139595
2	168.05782810286894
2	168.13525595419202
1	170.15228483698166
1	180.63683970042877
1	180.70101146578142
1	180.7445969316347
2	187.08829667678387
2	188.78948237025347
2	188.83438937113476
2	188.8665004118687
2	191.70143257647032
2	191.74531184676806
1	200.0578421742879
1	200.0755646791049
1	200.13020694857343
1	200.30980579555944
1	200.47050750521473
1	200.93395472512586
1	200.96118162506644
1	201.1177712815622
1	201.20781433813784
1	201.32876275868836
2	210.8480696740843
2	215.66530951529975
2	234.7248951875251
2	236.55995219061626
2	236.58494303809525
2	236.68167996009163
2	239.62725185727612
2	239.62881269486036
1	250.38973442802276
1	250.42571703724104
1	250.50771746137926
1	250.54082392662926
1	250.6042899586357
1	250.63547052349102
2	258.58052621157304
2	260.3700362848061
2	263.5182799119135
2	282.3289523064524
2	282.3921435327065
2	284.24788881538274
2	284.2821274679735
2	287.4678883637095
2	287.4691393035567
