2	130.5291047343978
2	247.13072394925283
2	247.2233848331375
1	509.82826527878717
1	511.548130193014
2	538.7978414554862
1	540.0104778395346
1	669.9180491102953
2	1122.2011506099038
1	1160.8341833619913
1	1171.9859807292069
1	1389.649178846242
1	1429.669718552866
2	1676.383365209681
1	1706.0139318890315
1	1721.806076949924
1	1834.9802498394415
1	1972.8860977331842
2	2347.161438833006
2	2405.570050451469
2	2405.6645255892154
2	2434.715145545212
1	2543.0644476529455
1	2543.5959100698733
1	2551.6157482838526
1	2931.9486366394826
1	2944.6715125598043
1	3023.9590816767136
1	3054.0711254600083
1	3162.0127421260167
1	3190.0201617875223
2	3193.0351135649207
1	3340.177718358002
2	3484.692332814023
1	3515.210261261675
2	3572.191172877297
1	3642.2068857899294
2	3776.444797240897
1	3786.847867989908
2	3834.7473831671236
2	4038.8507040737823
1	4240.844907064018
1	4340.910347246102
1	4398.889733680571
2	4447.25938603528
2	4476.3576818478605
1	4637.1282394608215
1	4656.897152308314
1	4764.874703358243
1	4780.889745241192
