2	103.58879533027945
2	110.70032771211685
2	141.0169648383763
2	222.8455998646136
2	226.12980960874538
2	236.82984351722394
2	246.69754734528198
2	249.25572629357575
2	260.84709339724446
1	459.3826964518132
1	461.05347793041744
1	461.26424885008225
1	461.29349304232824
1	489.669873517911
1	489.75893396492035
1	489.81982781662987
1	509.2192047829316
1	509.4337982110786
2	532.6543518800377
2	548.4554821536545
2	549.3759378869262
1	619.5331013711906
1	619.6093422387085
1	619.7478483162835
2	1099.7971289621112
2	1104.7164482457674
1	1110.4558365349262
1	1121.88083601628
2	1126.6195998956337
1	1160.3772332504338
1	1160.4587539557979
1	1171.6234627181007
1	1171.7763040675877
1	1379.358682696723
1	1389.2091325866877
1	1389.2402535477036
1	1389.4078713828894
1	1429.3322846061176
1	1429.4493050772703
2	1657.6668574417124
1	1671.4529947437447
2	1675.048616006716
2	1676.8055842985389
1	1705.3125804809579
1	1705.362665717684
1	1705.4124088630847
1	1721.2211585918537
1	1721.3284648128028
1	1784.5585914004264
1	1834.4046084418371
1	1834.5100302446126
1	1922.5697798052536
1	1972.3116287770638
1	1972.3484033715831
2	2320.3302304326494
2	2322.1807098290833
2	2327.294825885796
2	2391.8519399427687
2	2394.107748732774
2	2396.546890203666
2	2396.5846849794652
2	2415.63490659532
2	2418.078131258854
2	2419.6349243972454
2	2439.474605766591
2	2442.010513995735
1	2492.6921092173793
1	2493.1905145250635
1	2493.2732094723037
1	2493.5001072800856
1	2501.2681529446813
1	2501.438347166629
1	2501.450091762711
1	2542.5012652267737
1	2542.555723355095
1	2881.580231208615
1	2881.641462208454
1	2881.7308119962504
1	2894.3436682206634
1	2894.3583641549617
1	2894.4646450519253
1	2973.500868617582
1	2973.6210812286886
1	2973.6577768117118
1	3003.9595699348206
1	3053.4618885372133
1	3053.4922798875273
1	3111.5885828749397
1	3111.654140946035
1	3111.683943296774
2	3178.341659281985
2	3185.068371939634
1	3189.335072423978
1	3189.4048961068033
1	3189.5138061760767
2	3204.685688521007
1	3289.826285404235
1	3339.435261465465
1	3339.53157308078
2	3464.385568494028
1	3464.9088292142014
2	3472.7868361277124
2	3481.7533094068876
1	3514.4043231588066
1	3514.5144492375825
2	3574.0782249768495
1	3591.9117617096094
2	3592.6332549765557
2	3631.2872947381875
1	3641.488399671599
1	3641.6976263541055
1	3736.6580768913977
2	3781.871741701241
1	3786.27713119164
1	3786.367553040043
2	3798.1359360258675
2	3808.2936908417355
2	3828.078568333431
2	3856.2733838768745
2	3869.593636515244
2	4024.035427154067
2	4035.9325174386804
2	4036.4790785812706
1	4190.47844328215
1	4190.510406564875
1	4190.565772662433
1	4290.769408659768
1	4340.28053270139
1	4340.428645391039
1	4398.1934331317025
1	4398.2376699591305
1	4398.429899580505
2	4441.689661127229
2	4451.5197697400845
2	4455.459710645625
2	4474.562873727142
2	4489.283711636167
2	4503.41412996073
1	4586.880148766022
1	4606.519985023252
1	4636.568495372296
1	4636.6038352078185
1	4656.25042898929
1	4656.463542925798
1	4714.663901914228
1	4714.6721167216665
1	4714.8775752409765
1	4730.589680363091
1	4730.6034451191745
1	4730.641469029206
