1	80.44441873170703
2	120.97992518163348
2	121.04302774466498
2	121.13937274295272
2	121.23144698275244
2	121.31334645234772
2	121.39748909836587
2	121.41741929665505
2	149.5024139986507
2	149.51711734144976
2	149.5639383592893
2	149.5659953743659
2	149.61888255920542
2	149.6479960790455
2	149.71438487749225
2	149.80304532854532
2	149.88336613610198
2	149.93063431546017
2	149.99626373590178
2	150.05760590951618
2	150.05959811949256
1	151.34990505331348
1	151.41969332572995
1	151.50288578862362
1	160.68283937848847
2	178.31075995965043
2	178.34841215972273
2	178.35021262628854
2	178.44992451890397
1	180.94523437843017
1	200.32235886666845
2	206.62930657568944
2	206.68497665689205
1	230.821499058915
2	235.04648637731563
1	250.36440361047897
1	250.5272271509525
1	251.12850704940797
1	251.22397274599624
2	263.4463903086206
2	291.99095919963855
2	292.04024694796726
