1	80.52549861137129
2	118.61631652424535
2	118.6913310106163
2	118.78800506800386
2	118.79465245592223
2	118.83089911217286
1	120.40693712908897
2	142.7818931200107
2	142.89312549882362
2	143.06156974086522
2	143.08478274157508
2	143.15027666391248
2	143.19549550016097
2	143.23087554971406
2	143.32437940183382
2	143.42381261893905
2	143.4432474158456
2	143.51361247700382
2	143.60038176826487
1	150.64969040171715
1	150.8252574715102
1	150.95235211743457
1	160.5316625299343
2	166.68762931624764
2	166.7086403399593
2	166.80234723526712
2	167.013527195874
2	167.0526752559344
2	167.1405937153872
2	167.22328212583102
1	180.7685966169134
2	190.92461285596593
1	200.58198599090278
1	200.85418314442404
1	201.33988538115557
2	214.75057189440398
2	238.69433758761906
1	250.56671696496653
1	250.802639584711
2	262.7160294015873
2	286.65755955388994
2	286.7177124399872
