1	80.46919843326098
2	119.90535922560655
2	119.98574687463808
2	120.08438503129369
2	120.11087621998541
2	120.126912546973
1	120.55501372392774
2	149.34016843683688
2	149.51478501333793
2	149.55483576882045
2	149.60868586522318
2	149.6917792454982
2	149.76281331704268
2	149.84647738978575
2	149.88013930706805
2	149.9465201992753
2	150.0169391373717
2	150.10381509120583
2	150.19150370430444
2	150.26617679272604
1	150.4849160478854
1	150.65346970865005
1	151.23944830218798
1	160.44810218688332
2	178.83681881135496
2	178.900585429588
2	178.90105352381096
2	178.96680575612893
2	179.05244312150808
2	179.11442163228304
1	180.87278913312753
1	200.50681922492575
1	200.796440507081
1	201.44847427145277
2	207.96396106432147
2	237.29201933319612
2	237.36456875017046
1	250.50804331298812
1	250.79843046681785
2	266.6837681833128
2	266.76686347034337
2	266.8272730533485
