1	80.36766527593777
2	111.49508163184342
1	120.43120937845663
2	134.9442774469097
2	134.9502506317022
2	135.0008576449221
2	135.14474253857446
2	135.14693185111798
2	135.23375393133463
2	135.27850116807934
2	135.37716520074144
2	135.44451227003864
2	135.47752810603183
2	135.484337836346
1	150.230766488827
1	150.3751147727745
1	150.4071436012737
2	158.3992336504331
2	158.57764620289007
2	158.5923652273096
2	158.67583504589632
2	158.7646587486437
2	158.8375451473282
2	158.89411322190895
1	160.2802745743577
1	180.71687383814148
2	181.90758172662302
2	181.9939407142913
2	182.0596878665347
2	182.10725667524153
2	182.20138351618718
1	200.2605695664983
1	200.28059289077808
1	201.27642317231903
2	205.46627774418673
2	228.7787132899744
2	229.00859481734108
1	250.46442263964204
1	250.51706538916986
2	252.2668702822341
2	275.7320733328247
2	299.2314251723101
