2	125.60661426463308
2	212.65398669822096
2	235.72751844367653
2	239.49813514326826
2	239.55804889257138
2	258.8019056921944
1	509.2373286769671
1	509.5647814445701
1	511.1369342230188
1	511.2220790175315
1	539.69510801129
1	539.7224960756298
2	558.4480022520767
2	558.4879608870854
1	669.5830144782155
1	669.6545790635719
2	1105.1978798391335
1	1110.42146386411
2	1111.836130624409
1	1160.6552538195028
1	1171.9025523577504
1	1172.1235347819652
1	1389.213587636552
1	1389.6470725666047
1	1429.317381744567
1	1429.5970846299836
2	1642.1426128563778
2	1652.0011161108303
1	1705.3955449361151
1	1705.6834144448517
1	1721.4131414597605
1	1721.624981490996
1	1834.6237446948787
1	1834.7471921345698
1	1922.7551516647216
1	1972.5859279287856
2	2333.8042797130183
2	2335.38825263145
2	2403.689535906504
2	2403.694063034433
2	2426.0562582070884
2	2426.540385771389
2	2449.107660387153
2	2472.267571041233
1	2492.336952323598
2	2540.3761646296025
1	2542.780506047994
1	2542.883488077988
1	2543.2549701652138
1	2543.3079861754927
1	2551.292905387345
1	2551.3357615527275
1	2931.6065449276066
1	2931.7105738973974
1	2944.4360602329807
1	2944.5142824927166
1	3023.6395127208243
1	3023.741778654646
1	3053.8804029015396
1	3053.9136179720863
1	3161.7779766886006
1	3161.8715986086017
1	3189.38225883416
1	3189.707395083074
2	3201.037488356408
2	3210.014268068246
1	3339.8318037848044
1	3339.904985802709
2	3451.6174568484325
2	3486.7638671635327
1	3514.892136613873
1	3514.89383588784
2	3555.7993705156355
2	3565.5746293426996
1	3641.8356004690877
1	3641.972831754864
1	3786.6223040795453
1	3786.757611275617
2	3793.358222301225
2	3809.4857744383753
2	3838.953316075869
2	3855.5866845650844
2	4040.06071490242
2	4043.95082128364
1	4240.529835617605
1	4240.689535555385
1	4340.681758764791
1	4340.74410919474
1	4398.320725331398
1	4398.6972337447805
2	4454.055226701392
2	4476.846135536394
2	4478.0590907025635
2	4501.190829732339
1	4636.843858888905
1	4637.052037915968
1	4656.529872537105
1	4656.595789425178
1	4764.620983249182
1	4764.672320055184
1	4780.53735290514
1	4780.598806246198
