2	110.31119384820852
2	229.54076258452827
2	253.39643729163188
1	459.33378228549327
1	461.07600359239484
1	489.6382821277975
2	539.6400273408069
1	619.5739528377891
1	1110.367363483221
2	1111.9616366026282
1	1121.8159667885118
1	1379.3181068775084
1	1389.1440334592246
2	1636.7240143303302
1	1671.449526387911
1	1705.3005520400911
1	1784.553579735627
1	1922.4569802388323
2	2328.432619549468
2	2399.940876114236
2	2399.9740608380257
2	2423.8264510438444
1	2492.7349436364666
1	2493.2457614776004
1	2501.3106693044924
1	2881.5837048849075
1	2894.3741056475683
1	2973.5208002789964
1	3003.970772312315
1	3111.6449432202776
2	3186.9854035813432
1	3189.3353359575253
1	3289.8068921521226
1	3464.799117035488
2	3473.178024942367
2	3568.6460430353477
1	3591.86228209859
1	3736.5177770441433
2	3783.3257364102556
2	3830.9523381361632
2	4021.7836047948363
1	4190.516487424028
1	4290.6181085891785
1	4398.146189932087
2	4451.104375433861
2	4474.922081582862
1	4586.820450664983
1	4606.519471368915
1	4714.543154582607
1	4730.5320562735005
