2	111.21376174729758
2	206.53337782594173
2	254.211475918608
1	461.0655067682611
1	489.5840550247065
1	509.24595021401717
2	540.2924624934228
1	619.548231334099
2	1088.4599549365564
1	1160.329474975544
1	1171.6461987980751
1	1389.2054936403267
1	1429.3110584425617
2	1660.5281806514965
1	1705.2906397117595
1	1721.184010437702
1	1834.3587831269651
1	1972.286171158005
2	2327.8892812853055
2	2399.438590959053
2	2423.207469791074
2	2423.2661109353985
1	2493.3207612120686
1	2501.3124603542333
1	2542.500318071247
1	2881.6618352911055
1	2894.312758378724
1	2973.541012582811
1	3053.4395631947123
1	3111.6553810341397
2	3185.9671038246493
1	3189.27620865796
1	3339.486944284133
2	3448.208752517554
1	3514.3594994943483
2	3615.1376142093873
1	3641.5275250042787
2	3781.8667715956667
1	3786.2372903187484
2	3853.4031968345425
2	4020.2137143383998
1	4190.443777328425
1	4340.309035780796
1	4398.200432085866
2	4425.383775377994
2	4473.071516992323
1	4636.488826710857
1	4656.280989601457
1	4714.6643819701585
1	4730.542089044675
