2	115.21220923641151
2	208.74760166185234
2	255.4852696568979
1	461.58563839702896
1	489.7321359270456
1	509.57203065038084
2	559.3950820949019
1	619.6775146402927
2	1120.4934071455032
1	1160.5567037301878
1	1172.0795748628484
1	1389.5416886209243
1	1429.6135695978132
2	1658.2751959147533
1	1705.684827051585
1	1721.4577905107828
1	1834.5604117440432
1	1972.5617120849968
2	2336.257898974094
2	2406.3886547953807
2	2429.7686497022505
2	2429.8655811869944
1	2493.635775132437
1	2501.688815423819
1	2542.912081175212
1	2881.8317768562824
1	2894.7586185025775
1	2973.7141592766698
1	3053.7073550737346
1	3111.738450578477
2	3177.838830508275
1	3189.731817304072
1	3339.827245336564
2	3458.429981460206
1	3514.791281211539
2	3575.295106900761
1	3641.70701596753
2	3785.8255797072684
1	3786.6264086323295
2	3855.894648933828
2	4019.546231855639
1	4190.6837797670005
1	4340.663659066862
1	4398.675997272139
2	4440.347085802328
2	4487.0808455959905
1	4636.943727912019
1	4656.527171191706
1	4714.667335161879
1	4730.757722974121
