1	80.18566204592088
2	106.30007197061244
2	106.39467106767668
2	106.48859470453165
2	106.55616599073065
2	106.62577637658988
1	110.48732359784988
1	120.3030894704029
2	130.06895818848164
2	130.10760412592654
2	130.11201785303268
2	130.17925439830623
2	130.18769606073286
2	130.25778899314898
2	130.27637201387617
2	130.2833495077856
2	130.3313466212752
1	150.11232252051406
1	150.2028189793099
2	153.98523098816446
2	154.0452391137846
2	154.193250579842
2	154.30352908198225
2	154.33935888019596
2	154.49533710713388
1	160.29381428766857
2	177.92703813622708
2	178.0239327761674
2	178.09384242981622
1	180.55872173072584
1	200.29528404427893
1	200.3589471186745
1	200.78219079903155
1	201.08384823495044
2	201.62087999366017
2	201.71920830951927
2	201.89650794322318
2	225.45444208576268
2	225.4786082739368
2	249.24284127031302
1	250.36896250365265
1	250.50805586707492
1	250.56546560689438
2	273.0549958499671
2	273.1263273300769
2	273.2090698898892
