2	125.5638242923782
2	241.0494446623251
2	264.2141356185116
1	509.60722913694036
1	511.37650020837174
1	539.9112335879504
2	564.4401498318039
1	669.7603371662235
2	1118.8808320096432
1	1160.6716859859912
1	1172.2120732019239
1	1389.5177090288807
1	1429.653908097405
2	1650.1919889415205
1	1705.9279592091725
1	1721.6778568503842
1	1834.8284513921956
1	1972.7866189702156
2	2343.175195035238
2	2412.474386304639
2	2412.5597744521883
2	2435.5345600301007
1	2543.011199025749
1	2543.394948991452
1	2551.4845541470704
1	2931.786475060695
1	2944.6188374096155
1	3023.7759174600865
1	3053.875424360863
1	3161.9493373953433
1	3189.8964052349047
2	3197.7599059465188
1	3340.129235592859
2	3474.993035341882
1	3515.0381044572855
2	3544.2990501635627
1	3642.091220959613
1	3786.839323481378
2	3798.425432715091
2	3844.6117371948912
2	4029.3847215362644
1	4240.778503881924
1	4340.666771471904
1	4398.78270414426
2	4468.256414360797
2	4468.3450876835395
1	4637.112962590844
1	4656.766998458455
1	4764.873104763605
1	4780.811486397228
