1	80.43539684618963
2	115.54081251148476
2	115.6372617619376
2	115.73159101433588
2	115.78256749697172
2	115.83818902545102
2	115.92621445620665
1	120.4224909295644
2	139.52330538244664
2	139.61183365330797
2	139.6415607372353
2	139.69159635454176
2	139.7437143797861
2	139.76143559659627
2	139.82171268158586
2	139.89657491822277
2	139.969337688392
2	139.97791286521291
2	140.0740122268152
1	150.53544615804486
1	150.6431180564986
1	150.72174173734345
1	160.45617654726485
2	163.51513740287174
2	163.7079774633975
2	163.89071988136567
2	163.98070362450767
2	164.02449103072968
2	164.1232240986122
1	180.64464495954013
2	187.40253980916754
2	187.48260731728305
1	200.49494430590704
1	200.71085273646773
1	201.23093745867504
2	211.45544134810677
2	235.35864090495232
1	250.49725847863002
1	250.71394495740066
2	259.25692507933564
2	259.2878845682503
2	283.29090204702476
