2	134.72681904350506
2	248.34158620866162
2	276.64146740908456
1	509.59410283218597
1	511.5847235434666
1	540.0173126376652
2	560.543093178219
1	669.9547597528153
2	1128.4137705660216
1	1160.7725638570807
1	1172.3264522977224
1	1389.7334290134638
1	1429.7412713932868
2	1667.7938954769388
1	1705.9939512735757
1	1721.8381864446746
1	1834.8839582459123
1	1973.0258337997084
2	2320.75470758344
2	2405.8746253713975
2	2405.964692369568
2	2434.3238721527246
1	2543.0484446923833
1	2543.684317248056
1	2551.8435933346946
1	2931.855962862073
1	2944.756039104564
1	3023.974193150273
1	3054.1338920916714
1	3161.959140550903
1	3190.0078674910374
2	3200.865709275168
1	3340.389445531166
2	3456.3552579988786
1	3515.210752966872
2	3569.8782011401286
1	3642.221264908545
1	3786.949436302949
2	3797.0342538615027
2	3853.8294597787662
2	4024.094902628745
1	4240.827610155431
1	4341.08202354536
1	4398.904572961595
2	4449.955462967047
2	4478.397126237329
1	4637.351565484966
1	4656.792665482162
1	4765.097162420763
1	4780.991765179861
