2	130.8312755614362
2	205.54873033304426
2	229.4296237111315
2	250.23154914276108
2	253.26952091650404
2	274.25400923475115
1	461.2844744089586
1	489.731419556158
1	509.2094779468851
1	509.4192914100266
1	511.0784064554211
1	539.6569139502909
2	560.7998025875589
2	563.3746702659539
1	619.6384217675263
1	669.5290821337428
2	1110.2515930918273
1	1110.434504719564
2	1112.0454959938081
1	1160.4258731232376
1	1171.7449844857183
1	1171.8610528152064
1	1389.1477276152136
1	1389.3243425611524
1	1429.317160695783
1	1429.4745597017134
2	1659.6653568669497
2	1660.7062845280211
1	1705.2996667410303
1	1705.3253544130744
1	1721.3590304385195
1	1721.4547062509014
1	1834.3859028764348
1	1834.5236657989299
1	1972.4290341975066
1	1972.5504161664878
2	2328.602632378553
2	2328.729221342017
2	2400.2836489680412
2	2400.322150146413
2	2424.1555052015356
2	2447.9700952584253
2	2448.0385765255974
2	2448.0565865348494
1	2493.3604252611635
1	2501.37254037436
1	2542.6053580407465
1	2542.752767869199
1	2543.2044927342117
1	2551.24733696978
1	2881.786321320169
1	2894.476281654781
1	2931.643832230731
1	2944.335460269081
1	2973.7316834940652
1	3023.4881405659144
1	3053.495913158318
1	3053.8271227011574
1	3111.638032573114
1	3161.6868315241823
2	3188.547799859093
1	3189.3387941568653
1	3189.4818647217553
2	3211.3774519383865
1	3339.511882811908
1	3339.740593707168
2	3473.7848050275484
2	3475.2390556471937
1	3514.4884677319574
1	3514.785633939327
2	3545.3042789403244
2	3618.606402631949
1	3641.648734209096
1	3641.854891431965
2	3783.8736997874603
2	3785.84249507377
1	3786.3811588184926
1	3786.5727461223937
2	3831.630725632655
2	3881.372625802173
2	4022.386746350443
2	4048.571739164272
1	4190.561214915601
1	4240.50148441912
1	4340.430621974892
1	4340.663754171995
1	4398.226326203588
1	4398.287535117307
2	4451.802879080369
2	4454.725558530386
2	4475.645865447183
2	4502.421223518611
1	4636.610382586555
1	4636.798533221068
1	4656.3744437372225
1	4656.519756806989
1	4714.710826988676
1	4730.686261616551
1	4764.634755726903
1	4780.555852903719
