1	80.26122092395262
2	129.58225299710273
2	129.6682774701327
2	129.79429604956084
2	129.8706034673242
2	129.94356064520946
2	129.9975594141339
2	130.09652313498327
2	130.12680698808526
2	130.19780117728445
1	150.1345833581504
1	150.26660171012503
1	150.35673397520503
2	152.75585108403158
2	152.77617298042657
2	152.79577434342434
2	152.81826592082808
2	152.88793475861786
2	152.97791547608975
2	153.0706970345359
2	153.14248107112823
2	153.2258114014738
2	153.30668987449212
2	153.30909848118276
1	160.55038020172907
2	175.8687326027391
2	175.92016512550447
1	180.71012598583943
2	198.8879069241586
2	198.93460630137838
1	200.21518702984406
2	221.92537129421657
2	221.9518418168228
1	230.6766526593425
2	244.9401484122896
1	250.15940592236686
1	250.3786440226056
1	250.9511943139709
1	251.11828498625744
2	268.0268938911141
2	291.03299673971014
2	291.0888613403314
