1	80.20505752501545
1	110.59393402348059
2	143.99179816543935
2	144.03811436531444
2	144.12671429135068
2	144.14674110601476
2	144.23864799765204
2	144.26947266722266
2	144.2739011649805
2	144.36551412519387
1	150.1707150735561
1	150.28414624160652
1	150.32010880794456
2	167.729907563078
2	167.7624300975485
2	167.84120514644215
2	167.9214643183722
2	168.00954406471584
2	168.0639460747478
2	168.10835038743687
2	168.1364427973
2	168.20552084909107
1	180.6743423709882
2	191.43107427093184
2	191.66724930764158
2	191.68463037148447
2	191.7777603518692
1	200.10666888447625
1	200.92787597624945
1	201.14702034859363
2	215.14040086742966
2	238.7630593387781
2	262.4996350853004
2	309.85532735410925
2	309.9331687481134
