1	80.19985346527567
2	132.31113489610996
2	132.37445142056873
2	132.4077802003921
2	132.4139272080904
2	132.50196724022112
2	132.56861308023232
2	132.5835494121052
2	132.59041399680075
2	132.68612852826956
2	132.7105415174591
2	132.759011027554
2	132.7977457908604
1	150.16333713080215
1	150.23534751502373
1	160.64638917859784
2	161.40012729900081
2	161.45144905034252
2	161.5071057382884
2	161.7123396680632
1	180.59183436230234
2	190.53597894863825
2	190.59435479387727
2	190.61700931070462
2	190.67596637490908
2	190.73628400593645
2	190.7912076806889
1	200.17241501127668
2	219.51879234131604
2	219.61234612258716
2	219.65565504772772
1	230.66843305624508
2	248.7276562512319
1	250.1685360865515
1	251.01273786746592
1	251.18733552860755
2	277.76222246078
2	277.7703586827371
