2	127.2335857412132
2	132.15439672845852
2	225.4680976265379
2	239.76253673810064
2	239.82379775473544
2	248.7177864828538
1	461.30584403565484
1	489.8754293535966
1	509.2708099998947
1	509.66322740562026
1	511.2684097260961
1	539.7605928982007
2	549.2240132913087
2	551.9634725835643
1	619.6935123396613
1	669.5665629202075
2	1111.8505851599937
2	1111.9754927357708
1	1160.3332771724056
1	1160.6295228236904
1	1171.7388753919668
1	1172.1802165774818
1	1389.467078987283
1	1389.472953406615
1	1429.3541755147776
1	1429.6694771967886
2	1671.5944524052943
2	1674.6164971565777
1	1705.287555585455
1	1705.6981038633648
1	1721.2842115888716
1	1721.6306377402213
1	1834.3972309006658
1	1834.7182753648424
1	1972.2862502707294
1	1972.7733470716453
2	2321.6841392682677
2	2324.7680271402755
2	2394.7515363767548
2	2406.058917517153
2	2406.131448681267
2	2418.0298103576342
2	2434.1454482264767
2	2441.4381539125216
1	2493.4569830812693
1	2501.382086304251
1	2542.601601443326
1	2542.9038859915186
1	2543.4623267729626
1	2551.425876527612
1	2881.7061196309296
1	2894.5556745163913
1	2931.6381120663837
1	2944.5205362915212
1	2973.7179525690276
1	3023.6769062713934
1	3053.4981252107877
1	3053.8750489080257
1	3111.7797267104593
1	3161.814262450396
1	3189.467141280919
1	3189.7488678331456
2	3193.7562647754376
2	3211.1584637029005
1	3339.524814769808
1	3339.90289383534
2	3447.0014909089205
2	3467.744010429682
1	3514.4796710486785
1	3514.964298017818
2	3559.489612761405
2	3560.99691730955
1	3641.5214102349314
1	3641.980100237126
1	3736.1147884513266
2	3770.9283732449912
2	3784.59320102673
1	3786.3201335789395
1	3786.669620097093
2	3794.319770241411
2	3840.9194842705083
2	3840.9201824187994
2	4027.580768759845
2	4037.854760758079
1	4190.696823379769
1	4240.6799626128
1	4340.376064292797
1	4340.7473141709725
1	4398.392190922568
1	4398.784144645105
2	4447.441150535369
2	4459.784882196077
2	4470.73860247474
2	4487.98042894668
1	4636.490961562284
1	4636.976065538138
1	4656.335721320806
1	4656.676247327091
1	4714.873951950644
1	4730.713394228886
1	4764.777765611172
1	4780.64336365562
