2	126.99866027565471
2	211.8645114742617
2	268.4296126657935
1	461.072829304346
1	489.6706216245791
1	509.3233386896959
2	551.2086245671717
1	619.5489736406175
2	1088.5151342103923
1	1160.3466064492243
1	1171.6475302500105
1	1389.2257214564193
1	1429.443095803112
2	1682.375902146696
1	1705.357348568044
1	1721.2531522177733
1	1834.411227212971
1	1972.2836027517747
2	2332.8308179833944
2	2417.680791500361
2	2445.9863915613328
2	2446.0563866588127
1	2493.3305108553755
1	2501.3878009135274
1	2542.5116053978404
1	2881.721191859795
1	2894.4164710937553
1	2973.545033077393
1	3053.551993519662
1	3111.661893430779
1	3189.396874991042
2	3209.540966354153
1	3339.4581882969806
2	3464.035882128863
1	3514.481720169753
2	3633.7342117165463
1	3641.5823904821013
1	3786.370177050416
2	3803.383673626364
2	3859.9471547075973
2	4029.5937766761494
1	4190.556009248581
1	4340.418079201969
1	4398.278201172191
2	4425.509882399698
2	4482.140933698729
1	4636.587907673276
1	4656.320048906343
1	4714.775367770539
1	4730.548639342989
