2	117.90770057789574
2	213.22589762149457
2	260.87597146690825
1	461.1322216723031
1	489.5628373370461
1	509.2700946911919
2	546.7837689535402
1	619.3423672161169
2	1094.9313694369591
1	1121.782724268021
2	1142.6250786413361
1	1160.364044950939
1	1171.6359307786804
1	1389.2598573816767
1	1429.3183732354253
2	1666.8231619352318
1	1671.3608238673712
2	1690.6624963039142
1	1705.3585278344804
1	1721.3199491846274
1	1784.3509087444409
2	1809.8758324666853
1	1834.3885082051884
1	1922.3701106036383
2	1952.7996350990472
1	1972.344468703423
2	2334.1133779510155
2	2405.630971049747
2	2429.4277808543497
2	2429.4310242951474
1	2492.6548502658306
1	2493.39842151156
2	2500.8706303825907
1	2501.347447209716
1	2542.524971359703
1	2881.4534294911587
1	2894.4255529376
1	2973.427218650556
1	3003.6615748048866
2	3025.1436119156824
1	3053.5443970523693
1	3111.53703026397
1	3189.3148996880177
2	3191.9743601769183
1	3289.661078863638
2	3311.198663400493
1	3339.5476411194663
2	3454.1826311674317
1	3464.683685815461
2	3478.0606910477723
1	3514.4558027646754
1	3591.801448542853
2	3620.94852011869
2	3620.9961657158324
1	3641.635074452253
1	3736.3610850108475
2	3763.9638218077
1	3786.3850817395028
2	3787.723061135689
2	3859.2730120832425
2	4026.0820062668363
1	4190.472149987748
1	4290.632363654592
2	4312.005486415889
1	4340.307367763026
1	4398.303217545261
2	4431.175982592055
2	4478.842580383615
1	4586.632274741273
2	4598.007610043528
1	4636.554427315182
1	4656.303740363359
1	4714.508413313603
1	4730.4196987526775
