2	183.2238758600776
2	230.90797000232973
2	254.78154287909882
1	509.18331926290296
1	511.1403454988284
1	539.6819839955178
2	564.8919904622504
1	619.2418286564491
1	669.4892906053285
1	1110.403980214172
2	1113.6029571789907
1	1121.504435765273
1	1171.8811849659933
1	1389.222641557456
1	1429.3180322624685
2	1638.3750686823967
1	1671.1042382858436
1	1705.3016679271836
1	1721.3775643429728
1	1784.2826711695966
1	1834.5376268334282
1	1922.2304719106332
1	1972.5439195370714
2	2330.2636844860403
2	2401.7526666515523
2	2425.6442199453254
2	2449.5968635563354
2	2463.1534242876523
1	2492.4694999083094
1	2542.7237154068066
1	2543.2461908906803
1	2551.23762483057
1	2931.6157165354316
1	2944.2763841864994
1	2973.18810051827
1	3003.4343911036244
1	3023.507011218554
1	3053.835392569967
1	3111.236409635464
1	3161.6475440572317
2	3189.0006725279563
1	3189.2791247661653
1	3289.4620165322963
1	3339.740090837748
2	3443.9080821148896
1	3464.2606436624637
2	3475.3013432236035
1	3514.8483043068554
2	3529.383754950817
1	3591.414176570073
1	3641.8103962270816
1	3736.267690397135
2	3785.391125274244
1	3786.5430095512993
2	3833.1176915488836
2	3874.556936966987
2	4018.086214969792
2	4023.91027221159
1	4190.143322168802
1	4240.484397824885
1	4290.38288623239
1	4340.682404869039
1	4398.25468870079
2	4453.383429534878
2	4472.60538370311
2	4477.239651017568
2	4496.543158895285
1	4586.324928520918
1	4636.813595317463
1	4656.507082872815
1	4714.229638992742
1	4764.631334592374
1	4780.554681985403
