2	119.20030432970796
2	133.29080315443915
2	202.8153406501185
2	215.21181182359896
2	249.2157466805177
2	263.2413151880175
1	461.5089383885655
1	489.72923858175704
1	509.38042717212204
1	509.5406457787062
1	511.2330491262282
1	539.6913806164787
2	550.4920927806255
2	551.2509584828384
1	619.6470239582596
1	669.5290986518387
2	1083.604013810578
2	1103.4269746556433
1	1160.4357137433844
1	1160.5713085364773
1	1171.939873264154
1	1171.9888755586624
1	1389.333503024379
1	1389.5172864766046
1	1429.4165214966442
1	1429.497648443168
2	1663.0559901998336
2	1679.5101354988112
1	1705.4692247065227
1	1705.5847305280608
1	1721.4403437242408
1	1721.4712106081888
1	1834.6126587810377
1	1834.614060733345
1	1922.1771425749805
2	1943.577257767379
1	1972.5475789329332
1	1972.6686449532447
2	2327.67152517235
2	2335.221290558531
2	2399.596738696
2	2404.7223947815905
2	2404.7262813424577
2	2423.6629002940044
2	2423.753018259425
2	2451.1048702353746
1	2493.536905029443
1	2501.632350021523
1	2542.716524113195
1	2542.794526711655
1	2543.395237144191
1	2551.2837413170246
1	2881.747716493732
1	2894.755740666538
1	2931.7263139010433
1	2944.3684440212196
1	2973.6428317092755
1	3023.6038759172284
1	3053.725769210652
1	3053.9324959626338
1	3111.261340113506
1	3161.786114950567
1	3189.4494448731643
1	3189.5516600443316
2	3191.742887778698
2	3192.7510581064134
1	3289.4642508649526
2	3311.7662623574115
1	3339.7191416725927
1	3339.841097763484
2	3447.781186098042
2	3455.8666020839696
1	3514.775508083246
1	3514.8863564700196
2	3563.6357564907307
2	3575.879067483454
1	3641.760779927483
1	3641.8593899210514
1	3786.57550288795
1	3786.7289123428222
2	3791.949851967438
2	3795.468939029214
2	3841.799644679179
2	3863.910695764492
2	4027.192654230566
2	4031.9326274474147
1	4190.64271806351
1	4240.575629280301
1	4340.564786571764
1	4340.687040873033
1	4398.390100995486
1	4398.624762427954
2	4440.06394966609
2	4444.440827272401
2	4488.024449593951
2	4490.71523917159
1	4636.829438722332
1	4636.876973571531
1	4656.5452915979495
1	4656.579001686384
1	4714.1538960972985
1	4730.731808760649
1	4764.794214712307
1	4780.574993208336
