1	80.11070187790872
1	80.20611395373903
1	80.4695085072907
2	101.54911466037889
2	104.95623371575212
2	104.98580243699365
2	105.0694145589449
2	105.08457770118719
2	105.1141073561958
2	113.57393230287964
2	113.59624313125217
2	113.6503643856327
1	120.36124273742472
1	120.3897064150476
2	125.24680548811533
2	125.28755367721631
2	125.42336715040858
2	125.49025646802635
2	125.54661648774655
2	125.5770866566104
2	125.63713334440615
2	125.67740264180931
2	128.8281252565573
2	128.90939087731908
2	128.95798480364752
2	128.9646859566635
2	129.03662837846886
2	129.0740481642891
2	129.0977142374479
2	129.17810772607842
2	137.52574947763517
2	137.55217215610455
2	137.56070972623877
2	137.60152731952041
2	137.65366743551309
2	137.70475442245407
2	137.82204656124546
2	137.86198991351367
2	137.8857806001407
2	137.93835011446268
2	137.94421468793917
2	138.0145725428455
2	148.98314536147257
2	149.12374954320683
2	149.1289784145463
2	149.26388129596523
2	149.34649749233532
2	149.40189168913977
2	149.42795262854483
2	149.50074386695948
2	149.56463213841684
1	150.12775101764393
1	150.20838930013093
1	150.22533352253413
1	150.2440916485644
1	150.64471387258985
1	150.84143936891184
1	150.8775584345089
2	152.74463105240616
2	152.92486211473715
2	152.96488656794884
2	153.07405345368946
2	153.1233836620943
2	153.14818293740552
1	160.18459451858368
1	160.26503205365543
1	160.54436698819038
2	161.38470625226591
2	161.4017383898262
2	161.46921265327592
2	161.48076821252025
2	161.50411829020612
2	161.64201164344826
2	161.65277584772616
1	170.12690413638802
2	172.6650228270934
2	172.69000406076577
2	172.78097393454195
2	172.85689727194378
2	176.505471518928
2	176.58056446645472
2	176.62216184881825
1	180.53339934454104
1	180.69329406049258
1	180.90026840916332
2	185.30579003640972
2	185.34982569136758
2	185.3548844826478
2	196.40462569850646
2	196.47209270997823
2	196.56972676029937
1	200.05913296358227
1	200.13701170990316
1	200.21674082083857
1	200.25708278413165
1	200.34475502393843
2	200.39128621710014
2	200.47819708362093
2	200.6861549028113
1	200.76157888881616
1	201.17863456733033
1	201.2768728525925
2	219.9491919515963
2	220.04210254112883
2	224.2317865869081
1	230.69442329209957
2	232.931761787623
2	232.97423337234903
2	233.05178642703203
2	243.73520593314197
2	247.99852060066172
1	250.27164677826298
1	250.300363343815
1	250.3384706310428
1	250.48690288186523
1	250.51352388148604
1	250.56019402193112
1	250.56534499798238
1	250.61483869477343
1	251.01059208439958
1	251.22269379059432
2	256.76512561725355
2	267.3661594209767
2	267.41393809028176
2	271.81505677216757
2	271.816443672874
2	271.9021270611655
2	280.7237107848351
2	280.81763256996555
2	291.02206236701903
