2	112.51492364974239
2	208.47969836952194
2	256.51462868924534
1	461.50495006831335
1	489.67553181446806
1	509.5178240332258
2	544.5773183952163
1	619.6545802463277
2	1096.6614719296383
1	1160.5885054956025
1	1171.9216795816176
1	1389.4525655721945
1	1429.5572235453553
2	1672.7934412633447
1	1705.6687922953092
1	1721.411558224264
1	1834.541374696908
1	1922.222751015921
2	1936.8312358687513
1	1972.571443320247
2	2344.867200958701
2	2416.940064800699
2	2416.978239159289
2	2440.8979800224024
1	2493.4795984163834
1	2501.6712100806176
1	2542.7941145845853
1	2881.793141485842
1	2894.7381819130856
1	2973.6350056091537
1	3053.7167061502773
1	3111.242955415241
2	3185.070023974493
1	3189.6141009391185
1	3289.548954637005
2	3305.1143265312967
1	3339.6826079685725
2	3449.1549188691038
1	3514.8287385188833
2	3569.1599042527846
1	3641.737467218333
2	3785.237172348307
1	3786.6117020091606
2	3857.1386777358366
2	4025.2067451504013
1	4190.589385287854
1	4340.592386279941
1	4398.605647606981
2	4433.267127017138
2	4481.337020456987
1	4636.889725213507
1	4656.514934036034
1	4714.211809882615
1	4730.803389497231
