1	80.33023541113339
2	106.48149647692156
2	106.56215083273797
2	106.5686073734804
2	106.6663389022199
2	106.71300612911895
2	106.77827631138311
1	120.4226021112243
2	135.19854345900168
2	135.2571835809512
2	135.3232456071333
2	135.3389074698316
2	135.37761390952411
2	135.45247487187453
2	135.50570084620324
2	135.59676084681757
2	135.6766432540158
1	150.20589642036418
1	150.4428705869978
1	160.41011574760415
2	163.71888178188206
2	163.75568595774595
2	164.16182776483382
2	164.2407640629134
2	164.31237067956104
2	164.3407531391953
2	164.3963100721528
1	180.7932124945122
2	192.34289029283315
2	192.45370792910757
1	200.22952205005691
1	200.2919225191591
1	201.28975699437586
2	220.8567730849326
2	221.1566707393944
2	249.39605707475746
1	250.46907939087865
1	250.58395433066238
2	278.02832510708447
2	278.0594242121775
