1	80.59289428005212
2	100.40690397506322
1	120.46404567657784
2	124.46535448171477
2	124.53817953316515
2	124.5531187021711
2	124.5715666864761
2	124.57449706449627
2	124.6509493724275
2	124.65246986062132
2	124.73929045891668
2	148.42848167332357
2	148.69592870689866
2	148.7215561625106
2	148.80649126094914
2	148.88203422521778
2	149.0078918871001
2	149.07594763204574
2	149.08572343342829
2	149.18749977130105
2	149.23268297365334
1	150.6928279975432
1	150.8368029815832
1	150.94638579379816
1	160.56841003825838
2	172.47205694740418
2	172.64026344575822
2	172.73366054897727
2	172.82425299247515
2	172.89806712115538
1	180.8156905895628
2	196.49586205115384
2	196.55895143441035
1	200.5883899794913
1	200.85885676290778
1	201.33344106919472
2	220.63722407239322
2	244.5672318560762
1	250.57847648134884
1	250.6876684711083
1	250.757114587385
2	268.48388756950715
2	268.5120793658762
2	292.61467001811906
