2	185.33814705637803
2	233.04678867328786
2	256.94252594279476
1	509.1912118668137
1	511.14949461442313
1	539.6563570194197
2	543.204157545908
1	669.5441877952458
2	1091.849481723387
1	1110.4350105078788
1	1171.850657014742
1	1389.1575198794415
1	1429.2413023995648
2	1640.4552269366059
1	1705.3484392249254
1	1721.3983920585983
1	1834.5470304093626
1	1972.5146842140236
2	2332.2572767980405
2	2403.8455670788417
2	2427.6838870820384
2	2451.588018816008
1	2542.6968101605667
1	2543.2687003100036
1	2551.209736800041
1	2931.589299772751
1	2944.3161899291226
1	3023.5171029458043
1	3053.7855692122716
1	3161.7057149138295
1	3189.3210097104093
2	3191.0494319312616
1	3339.7462966364287
2	3477.4365902845198
1	3514.7769233457425
2	3548.8804678977826
1	3641.862779038314
1	3786.540958523912
2	3787.5125859054056
2	3835.232257762412
2	4026.012284184944
1	4240.461598836838
1	4340.620481989652
1	4398.2690831233185
2	4455.413222994268
2	4479.296400805768
1	4636.768814466385
1	4656.461939965173
1	4764.608796902467
1	4780.562095216407
