2	119.60978303525972
2	235.3851131160774
2	235.4232238730137
1	459.40766317932497
1	461.14023093491136
1	489.57765170687054
2	559.357219006339
1	619.4884957695987
1	1110.4553085028997
2	1114.8066076406426
1	1121.8238682314495
1	1379.4071132071251
1	1389.291964682818
2	1670.230531709398
1	1671.535159224777
1	1705.2286894325307
1	1784.5410091331437
1	1922.6083710700411
2	2341.4155312644057
2	2410.769128184461
2	2433.987887963225
2	2457.1131407525945
1	2492.8407308033725
1	2493.30155811181
1	2501.3473844939117
1	2881.618772211483
1	2894.429167897203
1	2973.6824525976403
1	3003.9552857495837
1	3111.7691003890704
1	3189.307370018301
2	3220.8199799429854
1	3289.761141261994
1	3464.877338200589
2	3475.4091845032426
2	3567.955946959977
1	3591.9608810159675
1	3736.527740868983
2	3822.506752764233
2	3868.801716232644
2	4053.999081003032
1	4190.572995361144
1	4290.8162641869285
1	4398.311144805993
2	4470.534085644212
2	4493.720307706295
1	4586.894241271713
1	4606.5890479469535
1	4714.620671264841
1	4730.563217206543
