2	142.9743589528662
2	234.41833125218022
2	257.4169203017187
1	461.22732172524474
1	489.7196580957568
1	509.2964984906863
2	554.6989597355911
1	619.6508012620491
2	1126.605935271507
1	1160.3740146235436
1	1171.7201880194023
1	1389.2997296504595
1	1429.3436394034204
2	1675.605097169903
1	1705.3425548469577
1	1721.3347311826112
1	1834.3408159097144
1	1972.3532420801982
2	2338.979470699753
2	2407.6456685953067
2	2430.557869238999
2	2453.424069235462
1	2493.2557800131462
1	2501.3968044713347
1	2542.5241413357894
1	2881.698001645966
1	2894.318149720982
1	2973.5575279368445
1	3053.4915824467216
1	3111.614212768454
2	3185.4022373253947
1	3189.3477278015384
1	3339.4766171315623
2	3482.7665300534927
1	3514.536835157513
2	3620.126429894486
1	3641.6028586325538
1	3786.320001065213
2	3803.089657659419
2	3894.5476734541194
2	4054.75799771219
1	4190.543707556588
1	4340.324739585525
1	4398.233667671035
2	4466.50963474526
2	4512.196373796036
1	4636.475743548605
1	4656.362764098034
1	4714.69686723768
1	4730.713389378219
