2	141.86977279768385
2	228.47581136712273
2	257.378072743832
1	509.1853956491132
1	511.2011351674391
1	539.6618680195322
2	575.2072586336667
1	669.5851540655643
1	1110.5488670812908
2	1124.0357755774191
1	1171.8386571285878
1	1389.396128047427
1	1429.3169998332423
2	1672.9346221204603
1	1705.280867378695
1	1721.4431043278587
1	1834.6237374973648
1	1972.530340955121
2	2337.360070570648
2	2395.075262098384
2	2424.007277824078
2	2452.8652961054727
1	2542.7189235940345
1	2543.322187070288
1	2551.365430208727
1	2931.6930706660282
1	2944.43785335156
1	3023.4988157173275
1	3053.8565688201825
1	3161.730496543984
1	3189.424927375748
2	3232.814802329075
1	3339.763209518124
2	3492.9161866635513
1	3514.863201632094
2	3550.5848338696746
1	3641.8285560109907
1	3786.617538016803
2	3810.546656359995
2	3839.474850785029
2	4041.645750631509
1	4240.514509812062
1	4340.65200670117
1	4398.3188115624425
2	4446.130923291821
2	4475.038082236439
1	4636.852764988275
1	4656.5167107917205
1	4764.743516646814
1	4780.596662094066
