1	80.42764017922963
2	120.81314879739288
2	120.86893234386994
2	120.88896661291417
2	120.98887100419027
2	121.0358892505916
2	121.1344357054293
2	121.14458047335847
2	121.24426108430694
2	121.28973410860681
2	150.26860033357318
2	150.3093314605888
2	150.52421295930793
2	150.55365493743068
2	150.65651925618988
2	150.72533053338643
2	150.80877430216597
2	150.8409865576172
2	150.89769986102118
1	150.98922337104332
1	151.00112274107667
1	160.5944574585159
2	179.6830015229763
2	179.69681775896345
2	179.7844268848482
2	179.83939079194448
1	180.80234112163208
1	200.20419618235354
2	208.9558390538686
2	209.05064450220738
2	209.24383712425333
1	230.60612925143278
2	238.37961320809208
1	250.30816347823827
1	250.64350713821753
1	251.15469866868102
1	251.22521080996805
2	267.7289545963129
2	267.73895437088265
2	267.8336678792404
