1	80.2359865252531
1	110.53484678385807
2	121.5293506556393
2	121.60070598814427
2	121.62306919383816
2	121.71683218941276
2	121.79451698170378
2	121.82397766844889
2	121.9064351550105
2	121.97791479981137
2	144.488201454692
2	144.51532552537276
2	144.57330127972676
2	144.62687577089505
2	144.7067054945826
2	144.71415881369418
2	144.80124609964813
2	144.8323208871985
2	144.91505596684425
1	150.20206819637292
1	150.25124967408226
1	150.30111696119363
2	167.5374078914119
2	167.71066084501678
2	167.729454083443
2	167.7747271018655
1	180.6183638090179
2	190.4489184624205
1	200.11688371879666
1	200.93120246357608
1	201.25654373596916
2	236.41553055369766
2	259.4058646649138
2	305.4505784056016
2	305.4556758110172
