1	80.72361674891967
2	107.88731039192592
2	107.92041697312604
2	107.92861583322507
2	107.96178776504124
2	107.96611181977848
2	108.0580536366309
1	120.91752286852929
2	136.27209487553216
2	136.45691436713804
2	136.49802877799047
2	136.51726246113603
2	136.61447395242013
2	136.7110237003099
2	136.819389953233
2	136.82405575584326
2	136.82642913929507
2	136.87518418828307
2	136.94274409927957
2	136.9814274104939
1	151.25561932862564
1	151.36218963787053
1	160.7722411896683
2	164.44938955616522
1	180.98207164585807
2	192.51347701224168
2	192.6444338384654
2	192.73947145955
2	192.74924717814622
1	201.00799761725264
2	220.73663443843276
2	220.76908022980055
2	220.95171421614944
2	221.02007843185632
1	230.82564600846803
1	250.30812134354792
1	250.61301244080514
1	251.10022665467554
1	251.28916591203193
2	277.14827751335014
2	277.1575759553281
2	277.2143926348893
