1	80.70770488657438
2	110.04223499471566
2	110.1316993118631
2	110.2216335311295
2	110.26838978935213
2	110.29541696968924
2	110.29937672734754
2	110.39368742419829
2	110.42897775331166
2	110.47016616306654
2	110.50284202439218
1	120.25476899895533
1	120.40260611686527
2	138.99878582229235
2	139.0398888904042
2	139.07359885419712
2	139.11701105639364
2	139.25255191743463
2	139.3311421303517
2	139.35615156900533
2	139.43105616330672
1	151.6878210649917
1	151.77622709618603
1	151.8190358911493
1	160.78758021565142
2	167.9097892300778
2	167.95085069877658
2	168.03372870169736
2	168.07985623474667
1	181.05426219415924
2	196.80630288515667
2	196.8097398676352
2	196.90406656395808
2	197.00318472938028
2	197.18012265732568
1	200.3595964102594
1	201.07864376490286
2	225.75640622532504
2	225.84400393305003
2	225.99399825294066
2	226.0434039145407
1	230.77004793646356
1	250.2501713779669
1	250.78664595070956
1	251.2882838371623
1	251.3063116667372
2	283.693453401196
2	283.71889281071634
