1	80.20500345516103
1	80.51411476508449
2	118.48864241256096
2	118.51607998147313
2	118.56666010497705
1	120.51263969951923
2	121.18163784090085
2	121.25808418284517
2	121.31584422352466
2	121.34584023107534
2	121.49528555059959
2	121.54794947976451
2	149.22999979273115
2	149.26547542262978
2	149.34787179744967
2	149.44496951726958
2	149.57365643998014
2	149.575715029848
2	149.6390682629567
2	149.67957352601292
2	149.74976922370783
2	149.7695637640106
2	149.77928033556242
2	149.78535620032093
1	151.38347602844956
1	151.47358461259097
1	151.58142457423273
1	160.3571014730266
1	160.66400353115665
2	164.89582493300708
2	164.94345723418616
2	164.9522455330896
2	164.997924550197
2	165.12941436508885
2	165.22144296519394
2	165.27999070361906
2	165.30584538182907
2	165.33316641742363
2	165.40207720036364
2	177.3606481599211
2	177.3957554887914
2	177.41439787606876
2	177.50970141938586
2	177.58400274594118
1	180.71353699343678
1	181.0146470663691
2	188.18493621004575
2	188.2218149436497
2	188.26387803096466
2	188.27231232656396
2	188.3746481290241
2	188.48946885313768
1	200.17787650338332
1	200.2295452796352
1	200.23012391040618
1	201.26552915722513
2	205.46392545304226
2	205.53710971445682
2	211.36414764917714
2	211.3962387359647
2	211.4304474076851
2	233.69754613927594
1	250.36717770923775
1	250.5294907169954
1	250.54763718991853
1	251.18181461726633
1	251.27359249867354
2	257.7322541786506
2	261.6239804685465
2	281.0349053051225
2	289.78485571720245
2	289.83515850830014
2	304.15642533272177
2	304.2287692434581
