1	80.17423611721851
1	80.44817731843519
1	80.68729539841172
2	106.89538868080147
1	110.49242486798869
2	127.26996075882968
2	127.29087457482127
2	127.37594050974549
2	127.41296348725163
2	127.42132249342284
2	127.42150551911796
2	127.44993386929738
2	127.54860414061223
2	127.5784198637872
2	127.61278261409373
2	127.63878677669894
2	127.69064950907561
2	127.73913548910585
2	127.74806090333172
2	127.79057626285652
2	127.86810301183507
2	127.91122672812051
2	127.94991460565387
2	128.04332307466998
2	128.10739830017152
2	128.15821639543492
2	128.23640809060467
2	128.27513355925464
2	129.76374637805333
2	129.8114301750305
2	129.87976535880057
2	129.93392007229264
2	130.0221236775475
2	130.0980435893563
2	130.1144377017013
2	130.14176969304194
2	130.1683907573777
2	130.18312233557222
1	150.09339706931937
1	150.19925027114206
1	150.20161215304492
1	150.90159637919385
1	150.94194060796158
1	150.99794641084168
2	151.0962053129574
2	151.20729821089438
2	151.30224047620376
2	151.32365740079456
2	151.3452369400172
2	151.4981178488184
2	151.54025244652948
2	151.60670872779636
1	151.69428881589454
1	151.75831750198688
1	151.81753028785596
2	152.43067733952319
2	152.50049345772382
2	152.6347319605509
2	152.7621969699536
2	152.77812854023654
2	152.79913921287013
2	152.96175480985582
2	152.99727939609295
2	156.15905204780165
2	156.1675035526132
2	156.171333554031
2	156.2970758666459
2	156.37125644761574
2	156.41792464373103
2	156.43934838735825
2	156.5391001468693
2	156.6273433331645
1	160.63143008490985
1	160.6379267771519
2	175.01542051868026
2	175.19135409216386
2	175.30417112185356
2	175.4110387198694
2	175.47154676861228
1	180.5466555279766
1	180.9717159300768
1	181.1458523259646
2	184.80559671237165
2	184.85755095452777
2	184.91233938692164
2	184.9167895126058
2	197.7588000899364
2	198.89595869966303
1	200.05584214437283
1	200.2743319350115
1	200.71801218184794
1	200.869694826976
1	201.18697783306408
1	201.50278621258354
2	213.0250164923614
2	213.09712736142242
2	220.65581689023088
2	222.61215844832205
1	230.79610055253016
2	241.6502075230255
2	243.25549058025464
2	243.26894782032397
2	246.4713913470485
1	250.36682362938993
1	250.41656962320658
1	250.61473743195555
1	250.67473449070894
1	250.87599145475792
1	251.10338918572808
1	251.226791763949
2	269.9707807004556
2	270.04055957993575
2	270.2588148028178
2	293.99605973702865
2	298.5643034855288
2	311.3660928848947
2	311.4201561188581
