1	80.58399293177361
2	111.58525611201367
2	111.58694558828672
2	111.68170745419222
2	111.77055451017249
2	111.84393988700836
2	111.8678155395613
2	111.8710323009717
2	111.94756364567408
1	120.2160981488337
1	120.44228384223
2	134.46631470336413
2	134.48461737857556
2	134.56699406445205
2	134.6767282432219
2	134.69918865979443
2	134.72491801254688
2	134.7400430242282
2	134.86340564122366
2	134.956675598671
2	135.05239497657539
1	150.11598815547433
1	150.7349572273999
1	150.92071669445517
2	157.38740529918337
2	157.4567153733142
2	157.5210525199887
2	157.71001125429495
2	157.83882242435135
2	157.92851144577207
2	157.99926821923165
1	160.742966645748
2	180.2726284829926
2	180.3462956817473
1	180.87755471024454
1	200.16476335089143
1	200.21821354286052
2	203.2057988664985
2	203.21969957902294
1	230.68946958579917
2	248.99673187715885
2	249.0028294577622
1	250.31198425103162
1	250.5359354019269
1	251.06037939466108
1	251.2857392726568
2	271.96793705777606
2	272.0218829968797
