2	153.27018013210647
2	224.95352611802713
2	248.99126770891343
1	461.4439422399402
1	489.6432716541354
1	509.4452222020712
2	535.9539546613025
1	619.2582382825938
2	1110.1084519892013
1	1121.5458693010783
2	1134.0787018519334
1	1160.487160462833
1	1171.8721660195956
1	1389.3479660170087
1	1429.4325748290737
2	1660.3471981210764
1	1671.149225566718
2	1684.2981414110686
1	1705.5940925101274
1	1721.4123994529034
1	1784.211528456758
2	1803.8728851793016
1	1834.6014900558669
1	1922.3172504019626
2	1947.369935574016
1	1972.4724225894852
2	2330.187170577049
2	2401.9605380630533
2	2425.876837773918
2	2449.782249314389
1	2492.610356314762
1	2493.4244087004927
1	2501.4719838308656
2	2521.580076297187
1	2542.6624617661987
1	2881.7222175630263
1	2894.6132412774264
1	2973.2493274748736
1	3003.4429551241783
2	3023.9302001353963
1	3053.6459669836563
1	3111.2314810921316
1	3189.504551634394
2	3191.3723656729726
1	3289.5382363612825
2	3310.999816470149
1	3339.7241856068595
2	3454.5243466634797
1	3464.3138240194908
2	3478.489740115975
1	3514.5986306983277
2	3550.1836033263826
1	3591.3484660850636
2	3622.0038803264224
1	3641.68275043001
1	3736.2239361236493
2	3765.5547508987465
1	3786.477929959381
2	3789.4244916750117
2	3861.2359528668376
2	4028.6314478540917
1	4190.183598917088
1	4290.420726464449
2	4315.7587988568675
1	4340.438120929947
1	4398.455123717907
2	4435.309202874948
2	4483.265488019728
1	4586.317275464826
2	4602.810186294379
1	4636.651025950004
1	4656.407916007753
1	4714.326601057685
1	4730.725498670327
