1	80.34803005450728
2	136.925623026326
2	136.96183086492147
2	136.99015068877716
2	137.10180787940226
2	137.15222858708705
2	137.23149405949363
2	137.25150681156072
2	137.34686109723327
2	137.3634974093111
2	137.42584343604022
2	137.43003527244372
1	150.28718429213143
1	150.45126077992896
1	150.53034322571284
2	159.83094869744073
2	159.84446906286806
2	159.90621620328488
2	160.10192710624344
2	160.16990702909845
2	160.19563543865164
2	160.26998670776686
2	160.3531210264968
2	160.4010505939143
1	160.62643175388385
1	180.7679582431786
2	182.85383310913983
2	182.99449569119912
2	183.0086688243649
2	183.0360250780254
1	200.2583247346666
2	228.7009752399315
2	228.73773705929366
1	230.67802711532062
1	250.21663445250064
1	251.06935803031413
1	251.22132685876437
2	251.65488491183484
2	297.5854450335286
2	297.61947305825356
