1	80.18190418830946
2	112.17839018885945
2	112.1878449661854
2	112.27336540111482
2	113.33818446960706
1	120.40536054818098
2	136.06566397714155
2	136.08813332171155
2	136.17065397189384
2	136.1826965021116
2	136.2733223410237
2	136.28689485721543
2	136.3966845725109
2	136.42029615446503
2	136.5127816994485
2	136.6095059960108
2	137.0092192854436
1	150.08460696914452
1	150.20354944240717
2	159.87148351563286
2	159.9178190666514
2	159.95110883357734
2	160.12689629674122
1	160.24941335920303
1	180.638179945712
2	183.74414878433248
2	183.92508371005366
2	183.9959539007342
1	200.13398941073197
1	200.18763546630936
1	201.28244166737926
2	207.595968938137
2	231.45057378952347
2	231.54119427812077
1	250.34094607106624
1	250.49258917945502
2	255.31756034637002
2	279.2229962845416
2	279.23459614273355
