2	121.24494396157944
2	126.84478441715274
2	206.37837528626972
2	217.26278951883464
2	222.23818534407334
2	230.20775764508113
2	246.0956856384497
2	254.09962659828787
2	265.23855975060934
1	461.0525133413222
1	461.52664190784253
1	489.59403109881606
1	489.75024229008227
1	509.1502291599372
1	509.2764807464233
1	509.53639059422227
1	511.0716206793432
2	532.0734676390271
1	539.5918392106278
2	553.3370975452628
2	564.2336270394198
1	619.5171249667508
1	619.7296058751557
1	669.5075671952609
2	1104.0921263856776
2	1105.3902379695764
1	1110.4451227849615
2	1112.891535388451
1	1160.3568487348414
1	1160.592900891103
1	1171.5910234651071
1	1171.8532967977262
1	1171.9643560277366
1	1389.1548536722637
1	1389.2075910621309
1	1389.4957625494692
1	1429.3016781555639
1	1429.3768411690644
1	1429.5673926728518
2	1637.7089846363363
2	1676.2658662762592
2	1681.5487774593153
1	1705.2329521142437
1	1705.3127541319357
1	1705.590238810411
1	1721.1813725308682
1	1721.3751861290189
1	1721.4529898768658
1	1834.3670480260778
1	1834.561399415017
1	1834.6210464143394
1	1922.231212181303
2	1945.6149397958525
1	1972.2627707110732
1	1972.5587298221274
1	1972.6322687506618
2	2319.7504816387927
2	2329.504870472329
2	2329.6689114151636
2	2391.350688466391
2	2401.108589882925
2	2401.6393191271313
2	2415.0690530200122
2	2424.910601534021
2	2425.7223369355265
2	2425.7684696493748
2	2438.9162334277967
2	2448.85303243482
2	2454.788481976888
1	2457.1012986929577
1	2472.153823241402
1	2493.275377615803
1	2493.4845281385938
1	2501.358553694086
1	2501.614048226756
1	2542.523732658773
1	2542.698957725335
1	2542.8067817918263
1	2543.2124096614452
1	2551.2246600039566
1	2881.585319759898
1	2881.7485991896974
1	2894.336216538431
1	2894.777354784112
1	2931.5610798696753
1	2944.2624058299966
1	2973.514842115581
1	2973.685136926278
1	3023.5083400295553
1	3053.425349471483
1	3053.674073229289
1	3053.814642299306
1	3111.236388035936
1	3111.604728809049
1	3161.6963009005235
2	3177.750114302953
2	3188.298003102862
1	3189.3410290446864
1	3189.352735031671
1	3189.6228728965375
2	3193.792344675105
1	3289.199923409587
1	3289.212923699624
2	3296.96091775685
2	3307.590690443582
2	3313.8545517682896
1	3339.495264561754
1	3339.711513184245
1	3339.737390646264
2	3433.917445896523
2	3463.769413633705
2	3474.676794214211
1	3514.4252946302304
1	3514.821243245391
1	3514.895821284917
2	3546.113904745496
2	3577.8610040456706
2	3630.6569231997205
1	3641.528915641014
1	3641.6889847978455
1	3641.8246973933838
2	3784.6792645225146
1	3786.312773124509
1	3786.6007019709555
1	3786.689618328778
2	3793.9203663326803
2	3797.5475997146127
2	3832.4182215396336
2	3865.956535722119
2	3869.05481649325
2	4023.2268161878815
2	4033.945224012101
2	4035.8153652486253
1	4190.429826422651
1	4190.654023546237
1	4240.452369418942
1	4340.309209353793
1	4340.575455547123
1	4340.59173029851
1	4398.250546491072
1	4398.2882144358255
1	4398.639969222371
2	4441.075619202474
2	4442.029783828554
2	4452.596400542652
2	4476.487655720152
2	4488.725567676006
2	4490.022775676131
1	4636.510445540853
1	4636.778427527926
1	4636.862394323653
1	4656.231411068414
1	4656.4712521698275
1	4656.570278706607
1	4714.24701615223
1	4714.652729629929
1	4730.595059861178
1	4730.733339193415
1	4764.600970174374
1	4780.516202147034
