1	80.26486868509176
2	102.75337398253076
2	102.79113417832079
2	102.83209381648034
1	120.43977442918293
2	125.40749684916413
2	125.42826134687591
2	125.5223731219755
2	125.57393223009316
2	125.65208454171659
2	125.72170853364712
2	125.78942538790184
2	125.8539049198505
2	125.87080270976097
2	148.09834769280866
2	148.13766578245728
2	148.2973790385223
2	148.3848792503886
2	148.4784830397905
2	148.59983714879152
2	148.61348880962285
2	148.6291514509373
1	150.13082019776272
1	150.36711489634436
1	150.39525489906714
1	160.52145824232042
2	170.71197307686816
2	170.8314081936488
2	170.92462938549585
2	170.93057139865078
1	180.72615131194908
2	193.3223987125034
2	193.3785168464228
1	200.22868506101756
1	200.33546130261186
2	215.94659602238733
2	215.96002684401668
2	215.98268452983643
1	230.69547848080313
1	250.17232751238427
1	250.5010922254842
1	250.9782444784103
1	251.16019926058158
2	261.22911224229114
2	283.7813932395401
2	283.8740081742924
