1	80.70710634890835
2	117.66827382977206
2	117.72425906274024
2	117.82400598885296
2	117.88826837904723
2	117.90850219987946
2	117.97428363733286
1	120.33734172248474
1	120.48676922608698
2	145.86550167648846
2	145.87838672175786
2	145.8878932821358
2	146.02428331113165
2	146.12364919661005
2	146.2433361943972
2	146.34169119471477
2	146.4274551474356
2	146.4910077711694
2	146.58228748691582
2	146.66212049722535
2	146.73195883301148
2	146.82784942460424
2	146.83398659392086
2	146.87252101885468
1	150.1765646146118
1	151.02216315559178
1	151.0629623385449
1	160.59752955880356
2	174.05364381809667
2	174.12348744436906
2	174.21895222376887
2	174.27560553199942
1	180.94381782317413
1	200.95829878392726
2	202.1597301626081
2	202.2215855986795
2	230.4004412430133
2	230.66224030613225
1	230.68477497002243
1	250.26072776894122
1	250.4344173284937
1	250.9720205882294
1	251.20788656532272
2	258.4684790781996
2	286.6760354174218
2	286.7482313139712
