1	80.45626541178628
2	136.04232642348563
2	136.0984897776326
2	136.18442089170674
2	136.18808267050835
2	136.30477293888958
2	136.32962613008974
1	150.42523529947286
1	150.47559306375075
1	160.51348477602733
2	164.2691243715761
2	164.3686231141006
2	164.54263695221326
2	164.5783341378043
2	164.64818793475686
2	164.70251373351988
2	164.7350468126003
2	164.78211535969436
2	164.86796158234398
2	164.89456691913978
2	164.91539883779586
2	164.96922758380066
2	165.05692712032166
2	165.1481230866229
1	180.85741349602966
2	192.44501497708654
2	192.53652905215586
1	200.32378455365978
1	200.4351880900889
1	201.42447277138737
2	220.5569619171779
2	220.71480276227655
2	220.7735617618983
1	250.59886475021477
1	250.86301449172308
2	276.97071272095167
2	305.1951882833156
2	305.2542774386354
