1	80.18580371686468
1	80.54411518693202
1	80.63384481426412
2	110.25185285544059
2	110.32906673975403
2	110.3947277179876
2	110.48246289180263
2	110.52376273460457
2	110.56394114034192
2	116.35252348260981
2	116.38900094005778
2	116.52547132394517
2	116.56516516900095
2	116.61778238952053
2	116.6751717367357
2	116.7301893522776
2	116.7546502774144
2	116.82899230346169
2	116.85818217778117
2	116.86623086536875
2	119.79839160604892
2	119.83739532518106
2	119.83906975675083
2	119.92766770872174
2	119.98848663965289
2	119.99179460405202
2	120.03124398595861
2	120.09938170652647
2	120.1554958514342
1	120.25417985314368
1	120.34272667127146
1	120.39598938402935
1	120.4949816504659
1	120.51259135762012
2	133.9662928962293
2	134.027070510999
2	134.14076430714337
2	134.19299207868087
2	134.29060769334862
2	134.33571324544667
2	134.38982972454636
2	134.4598962442857
2	134.54324336699543
2	134.62045927877625
2	140.18904068161748
2	140.22496785664984
2	140.26372066601292
2	140.39127904643755
2	140.40996101182049
2	140.49192475453927
2	140.50259335526795
2	143.63027169555573
2	143.65915153332296
2	143.8087006340729
2	143.86476641950551
2	143.9327468156113
2	143.96287484353883
2	143.97475864937516
2	143.98629219522368
1	150.04249692282468
1	150.21607253777083
1	150.60273722522322
1	150.70676446844092
1	150.7956023772386
1	151.16425093953532
1	151.292648981876
1	151.33462313136923
2	157.45371326198304
2	157.5015796363383
2	157.6212471349254
2	157.70220895372458
2	157.76857382962984
2	157.89277082645023
1	160.24731553192095
1	160.4403472568948
1	160.4550082231113
2	164.0954557929782
2	164.184252988545
2	164.2426049353227
2	164.28394697308673
2	164.29539399853192
2	167.47912123845282
2	167.61115523508062
2	167.67232043784418
2	167.72236795046578
2	167.80925824153965
1	180.53462282709185
2	180.9171928664471
2	181.07789691847955
2	181.23081691351533
1	181.49233933635557
1	181.55301281152953
2	188.01023048015102
2	188.10402555685403
2	188.13469189481913
2	191.25475707740614
2	191.25995326352862
1	200.0841924213083
1	200.16613920983056
1	200.34912502494763
1	200.4285587544335
1	200.77253967662207
1	200.85282245493354
1	201.21889004543243
1	201.22189447103767
2	204.29522509328646
2	211.8228842617567
2	215.11902578861609
2	215.28782165944753
2	215.3881760165929
2	227.74293937383794
2	235.72265923294762
2	235.79353024880587
2	235.84502230533056
1	250.1788383077295
1	250.27960406426473
1	250.31394720275267
1	250.35267593263166
1	250.46088948598242
1	250.56727389822808
1	250.96508603776536
1	250.97265324041038
1	251.17974042866337
2	251.29608202418544
2	259.65722770261857
2	259.7301352807101
2	262.76080281419695
2	262.7958185328083
2	274.7659588170843
2	274.81589324572957
2	283.5681446532492
2	286.58631695186136
