1	80.34104417324083
1	80.74637430078172
2	105.01895486848325
2	105.09018813373638
2	105.09341466333957
2	105.11320520584023
2	105.11377559297635
2	105.20013350405624
1	110.55722207384
1	120.45662018123413
2	127.50519340323591
2	127.57732243026153
2	127.66029601204193
2	127.76011361746932
2	127.79844460101309
2	127.81945007680022
2	127.9041518873743
2	127.98546302625392
2	128.02620699478015
2	128.087675971539
2	128.1489127683294
2	128.2156364589899
2	128.24475193044435
2	128.31495068252497
2	128.35362211765752
2	128.38302708118135
2	128.4341631046763
2	128.44366038513334
2	128.47454913830543
2	128.497090398776
1	150.1721028630495
1	150.22373132178646
1	150.34750991362546
1	150.70276194813053
2	150.83030086935048
2	150.88510856982603
2	151.06669238391797
2	151.08184686553128
2	151.1323421106592
2	151.19339986117174
2	151.29043420542496
2	151.33717566855358
2	151.34037623078157
2	151.48265674232442
2	151.6389689003337
2	151.66872306301823
2	151.818441810468
2	151.82183069368983
1	151.92932172890877
1	160.4115118616282
1	160.72023594634373
2	173.74589325044133
2	173.95963247700985
2	174.06967446676782
2	174.08914697601534
2	174.23163569947127
2	174.2754126475286
2	174.29190980189875
1	180.63143732978577
1	180.97544987283402
2	196.40309586362906
2	196.41153385338723
2	196.45201384912295
1	200.27482268541942
1	200.38872598057276
1	200.38956485993992
1	200.79324873644302
1	200.9478933262407
1	201.17028192396714
2	219.4548992728326
2	219.53488891780253
2	220.273243988909
1	230.7992243055008
2	242.13837516851157
2	243.531279467045
2	243.57106797530813
2	243.5799955661588
1	250.36930307714158
1	250.45211432737113
1	250.5989071539301
1	250.6953693130423
1	251.1834304058838
1	251.33964180970975
2	266.6393480611531
2	287.80793330582236
2	287.82934914023895
2	287.90729261356694
2	289.9040992393579
