1	80.38173574484352
1	80.4624303495213
2	108.45759347431685
1	120.12597125635385
2	121.24124136156698
2	121.26820467342783
2	121.3011158269135
2	121.33971696207391
2	121.3986982758521
2	132.43460340776207
2	132.53329772906946
2	132.6041345747378
2	132.62156828299092
2	132.62946002293663
2	132.66497064658992
2	132.6821930685934
2	132.75001384060934
2	132.8327877599097
2	132.8609180954571
2	132.94146968581467
2	132.98029766626885
2	133.0170838784496
2	133.11208885609204
2	145.253354789341
2	145.29464611502385
2	145.3249212130173
2	145.40579832609902
2	145.43665631113643
2	145.54170807636183
2	145.63002012157204
2	145.69010381125273
2	145.85571962410518
2	145.9043368178863
2	145.98102626793704
2	146.0431868824763
1	150.54180497024024
1	150.59078266277044
1	150.62549251851453
1	150.68605302985006
1	150.7064741261528
1	150.75359414629162
2	156.5558358900486
2	156.72193937852117
2	156.76899472500307
2	156.81407418217384
1	160.3646799622927
1	160.42108662485575
2	169.38094602251041
2	169.44605122537246
2	169.5133220806566
2	169.5545856120622
2	169.60104447126744
2	180.2827985901647
2	180.34313523058316
2	180.38223099085027
2	180.4294673007154
1	180.51038866903906
1	180.73042996549455
2	193.30981460115052
2	193.43078631098348
1	200.41473822175232
1	200.48191655457234
1	200.5981134816935
1	200.6882605811754
1	200.75622305011407
1	200.87180461694192
1	201.37961175339248
2	204.19269076809988
2	204.32437044347103
2	217.40653037046926
2	217.49121449760716
2	228.07967548527748
2	228.08840678906344
1	250.04801466441663
1	250.0997438117889
1	250.69131974516978
1	250.78287819069845
2	265.40830493260097
2	276.011860842277
2	276.098786734065
2	289.5056711209147
