2	108.92877676208639
2	130.7564151937999
2	226.28326274373703
2	244.45478067894257
2	249.81934830755836
2	267.22399822787963
1	461.2795932972798
1	489.709206951281
1	509.3034265376915
1	509.43758727354043
1	511.22922488603166
1	539.7676964832104
2	540.3466910117061
2	554.8322437749949
1	619.7142577047719
1	669.5780229781177
2	1109.2066470636962
2	1118.0712687207576
1	1122.0053284764647
1	1160.4963551400983
1	1160.5927401161293
2	1164.9470959438124
1	1171.6212525614021
1	1171.9868200655612
1	1389.3287166141558
1	1389.4298922079083
1	1429.4263865484538
1	1429.4862310720832
2	1655.3889908285141
2	1657.7055063477214
1	1671.6872023407543
1	1705.4374473665944
1	1705.5891864755783
1	1721.5457413006154
1	1784.2091628877554
1	1784.6922579320958
2	1821.9699254830289
1	1834.5725632079682
1	1922.690677169829
2	1962.8375406474297
1	1972.4270883869387
1	1972.7008288288669
2	2338.11271643197
2	2338.230433086078
2	2406.4158649836545
2	2406.465633053469
2	2408.6467845960333
2	2408.714828058389
2	2429.1844648725337
2	2432.331150947482
1	2493.0551485731185
1	2493.4768298162326
1	2501.4662201532274
2	2502.534016299387
1	2542.659051959059
1	2542.7562808541907
1	2543.4257448885883
1	2551.313280362922
1	2881.7504638975215
1	2894.6201687373787
1	2931.685932241459
1	2944.3949519232733
1	2973.6451902041244
1	3004.0928473799327
1	3023.6144887429464
2	3042.2290534866906
1	3053.51770419958
1	3053.8348131205553
1	3111.8484563987745
1	3161.835593035988
2	3183.0961921800053
1	3189.483368613854
1	3189.662967818643
2	3202.9101667141485
1	3289.9393440988756
2	3323.906396330934
1	3339.674927355136
1	3339.8406697950604
2	3464.7028067587985
1	3464.9157916258096
2	3475.989112218041
2	3488.1624009865295
1	3514.633702429806
1	3514.986464769471
2	3558.4918157928123
2	3566.9838615991616
1	3591.965071357148
2	3628.9599529834973
1	3641.720350175387
1	3641.922092229794
1	3736.7242345195727
2	3769.7214282739824
1	3786.368139341799
1	3786.706676362986
2	3793.2080864976087
2	3794.54162115918
2	3840.100483221996
2	3840.235144512834
2	4022.104592584256
2	4027.858062396686
1	4190.668178084772
1	4240.624270758216
1	4290.884163353455
2	4332.9472210174845
1	4340.4019061445815
1	4340.640692498498
1	4398.374991756292
1	4398.485931066594
2	4450.209857369422
2	4454.473729211173
2	4477.255113630087
2	4497.22635101203
1	4586.971514561496
2	4614.497771087749
1	4636.690172787544
1	4636.888995030297
1	4656.387370160134
1	4656.617240601625
1	4714.771432171528
1	4730.616926261775
1	4764.7207652328725
1	4780.665881846187
