1	80.23869024660885
2	132.57906313508067
2	132.65831657647038
2	132.72020955204886
2	132.78014914825894
2	132.83396083996232
2	132.8963003712428
2	132.95581775677414
2	133.00639581129826
2	133.01962613591587
2	133.10143108483715
2	133.16521659280517
2	133.24461038411224
2	133.32336099645178
2	133.40089568746183
1	150.18833911164774
1	150.42845492518376
1	150.42850353236437
1	160.30619597405246
2	161.48763122038906
2	161.5162077531642
2	161.6073643631767
2	161.6404172112867
2	161.7023621675088
2	161.7984306596919
2	161.83289688731486
2	161.87665446419066
1	180.6060198951657
2	190.2082408781865
2	190.27925228274262
1	200.21419047123905
1	200.22808536525372
1	201.32333721859675
2	219.02361933354922
2	247.79943641353475
2	247.81062983098948
1	250.39870663460997
1	250.5179057217173
2	276.5717952060626
2	276.6481139840865
