2	142.4725778954734
2	235.3612344390751
2	235.39928541489434
1	459.3685749100637
1	461.14048092255916
1	489.7028549192167
2	560.5284167608266
1	619.6440499797133
1	1110.4871461257565
2	1117.766752121276
1	1121.9273173161957
1	1379.4432290586994
1	1389.276957586831
2	1651.8720730934494
1	1671.4887346866865
1	1705.3170908309953
1	1784.5948304064732
1	1922.6477841920787
2	2348.4838116178557
2	2418.1833286930487
2	2418.2774484162824
2	2441.4447786927585
1	2492.9387457888224
1	2493.286382728524
1	2501.476998127699
1	2881.7663253033625
1	2894.461780159617
1	2973.589929138249
1	3004.0585693518287
1	3111.825426798023
2	3184.447824108591
1	3189.352284480936
1	3289.8315385867454
2	3463.0994926602825
1	3465.0235582842747
2	3556.009049259861
1	3592.0468241861768
1	3736.6436660177687
2	3788.248924431192
2	3834.6541480752567
2	4020.449139825023
1	4190.614147536995
1	4290.770720032938
1	4398.3150563842155
2	4461.681217692849
2	4484.878931819055
1	4586.901906080019
1	4606.644582506385
1	4714.6711144643605
1	4730.658891131267
