2	122.3139413666238
2	236.9238889575909
2	259.89860341376635
1	461.3720966177476
1	489.7952535579264
1	509.4919415253862
2	557.7432520606435
1	619.627607391603
2	1130.7568251073924
1	1160.5677800583205
1	1171.9470225562961
1	1389.3981416861777
1	1429.5301071163683
2	1657.9165385032854
1	1705.6312426199474
1	1721.4458232826205
1	1834.612908162602
1	1972.3590154064589
2	2322.590114817466
2	2414.303779751936
2	2414.330280441143
2	2437.24642676374
1	2493.460755685355
1	2501.4932631968627
1	2542.793388285906
1	2881.61171801457
1	2894.7194021173395
1	2973.6764041199976
1	3053.7022199658218
1	3111.886803977817
1	3189.6375119281774
2	3193.498405428751
1	3339.6252768561644
2	3468.5401385929813
1	3514.6588089509514
2	3583.182247461396
1	3641.6020679334933
1	3786.4469492030094
2	3812.3835557419
2	3858.2174447776365
2	4041.4963119359886
1	4190.664312121176
1	4340.572922957906
1	4398.643325348711
2	4476.960707878922
2	4500.0103372635585
1	4636.8082512410465
1	4656.4863711121425
1	4714.729603545968
1	4730.774884876025
