2	230.83794817878723
2	253.97551443091473
2	277.19674924211563
1	509.1962962923768
1	511.2043595899607
1	539.6444884263242
2	578.0283228656831
1	669.5064260632707
1	1110.3608409593562
2	1133.59015250269
1	1171.8490985527708
1	1389.2597870824
1	1429.32576548404
2	1642.8861118654543
1	1705.3190692375888
1	1721.3967338200657
1	1834.5435335522009
1	1972.602093589214
2	2337.2934560430203
2	2406.6642850304843
2	2429.8355225858636
2	2452.982005578095
1	2542.742230429189
1	2543.3246446732905
1	2551.2220015157436
1	2931.6547913358277
1	2944.296032183762
1	3023.5370445369886
1	3053.8449027855845
1	3161.667369667993
1	3189.3328149472836
2	3193.679944620386
1	3339.8053112543225
2	3494.700350286355
1	3514.8234002317
2	3564.0311918864863
1	3641.9619408744607
1	3786.598256907933
2	3795.49995116827
2	3841.7827569863402
2	4027.0320153078405
1	4240.590035598231
1	4340.663210603603
1	4398.272697940167
2	4466.775165148805
2	4489.941784579132
1	4636.767756081722
1	4656.592201937219
1	4764.709660201411
1	4780.561949244264
