1	80.19744821889643
2	103.37012183163307
2	103.43772570013246
2	103.531018050458
1	110.43074807647045
1	120.15833280158968
2	127.29991311097285
2	127.30661207530329
2	127.39280175241795
2	127.45410031091733
2	127.51936408745598
2	127.59383333587535
2	127.65663894344482
2	127.68417894686098
2	127.76675150705765
2	127.84545408810438
2	129.40538740641472
2	129.48551826700873
2	129.54593341960282
1	150.08501996335713
1	150.21300179798934
2	151.16627012951395
2	151.19622327144114
2	151.21526676541959
2	151.2530066549352
2	153.16567970404742
2	153.20168451811534
2	153.23095776142114
2	153.27398426820824
1	160.55896296095267
2	174.916208161101
2	175.00320684464631
2	175.28059546788896
2	175.37304364724983
2	175.43378263027708
2	175.528471917429
2	177.03593272178375
2	177.0780559545847
2	177.1319798423908
1	180.50627575147823
1	180.57361742692845
2	198.8295402175768
2	198.8910317368271
2	198.89469602696494
1	200.15645925647578
1	200.77348002324848
2	200.87557417350232
1	200.95125397222648
2	224.69354822147363
1	230.58047729521158
2	246.50442180943128
1	250.0832846119503
1	250.93024231302778
1	251.09286248735404
2	270.3990568622071
2	270.44144722559355
2	272.37155777870294
2	296.17022170852846
