2	206.31138376565278
2	230.16927472046584
2	254.00266616136236
1	509.21460954275676
1	511.08025924997355
1	539.6448831713792
2	564.1719888613823
1	669.488023051608
1	1110.3620425969395
2	1112.8045798806559
1	1171.794600092322
1	1389.1939560994954
1	1429.2945735327582
2	1637.6281362171728
1	1705.2713747156358
1	1721.3670387442135
1	1834.4689079773182
1	1972.5897659505822
2	2329.3890015504317
2	2400.9648258601733
2	2424.876100534995
2	2448.828274167028
1	2542.7101223843038
1	2543.2399605741716
1	2551.2692583758994
1	2931.54755224502
1	2944.2921377872676
1	3023.4863929817034
1	3053.802930405186
1	3161.6538932685776
2	3188.1982521453533
1	3189.3133830617544
1	3339.7938001980783
2	3474.533698022657
1	3514.836010481245
2	3546.0016727512693
1	3641.826719597703
2	3784.5781863975567
1	3786.553443524659
2	3832.2836904331675
2	4023.163203257287
1	4240.511535573022
1	4340.597597183953
1	4398.23300600651
2	4452.51132814552
2	4476.364024440696
1	4636.760533023191
1	4656.4977757203205
1	4764.649987426214
1	4780.498365222802
