1	80.40949008861192
2	138.37873475026464
2	138.43879458367812
2	138.45203396247112
2	138.54789050049266
2	138.57883570802187
2	138.6202929010833
2	138.63625898925042
2	138.6766886304572
2	138.70184699529668
2	138.78335384708254
2	138.83556670968986
2	138.87843761589312
2	138.9043404731805
2	139.04798229934573
2	139.08878983593806
2	139.15900460913466
1	150.5197045038254
1	150.54555205289236
1	150.59841572522828
1	160.2500312109222
2	166.53368091836478
2	166.60155105677603
2	166.653441401728
2	166.67853710653714
2	166.81285525237175
2	166.8639846171406
2	166.93873202081213
1	180.84013581482552
2	194.8119121463864
1	200.3502013352288
1	200.42774577093877
1	201.3711483514557
2	222.75555930635124
2	222.87132888734945
1	250.44015756394336
1	250.50499573233043
2	250.8942713435734
2	279.01341647579073
2	279.0434505047923
