2	125.25530686820476
2	216.7948021991829
2	262.5928117052442
1	509.687778037589
1	511.3069362473096
1	539.7549224501307
2	560.2104887122114
1	669.6255502120019
2	1109.533131159705
1	1160.7244685879555
1	1172.182933697377
1	1389.5139426473293
1	1429.7299396857966
2	1658.8621004537652
1	1705.7865400355154
1	1721.668435859461
1	1834.7740183524445
1	1972.8084301698598
2	2322.6168422177607
2	2391.305681045592
2	2414.179487199789
2	2437.0827694983636
1	2542.9428151688485
1	2543.5033743361964
1	2551.4658545186994
1	2931.7903406678415
1	2944.5597477972965
1	3023.7430394998573
1	3053.882592796278
1	3161.8484347952794
1	3189.8285587279315
2	3192.427050220606
1	3339.9443961996426
2	3467.0895895345916
1	3514.963411537225
2	3558.6868751542374
1	3642.049039278126
1	3786.693645943075
2	3810.392174554767
2	3833.27492545039
2	4039.35433700955
1	4240.662923936429
1	4340.808559613635
1	4398.7909049826085
2	4451.33851515286
2	4474.183052133803
1	4637.018677034134
1	4656.6990627105815
1	4764.80640173837
1	4780.694405497558
