1	80.41883822293345
2	119.44508481942835
2	119.51528051361406
2	119.56881174727974
2	119.6340194002791
2	119.72644311150586
2	119.73998900516277
1	120.47866711482239
2	143.42288774357897
2	143.43569537681847
2	143.52397708146506
2	143.6228586146711
2	143.65888074632977
2	143.7012253812725
2	143.71683861107152
2	143.78330540229953
2	143.85420765401236
2	143.93909562360088
2	143.99091912655996
1	150.54524130062404
1	150.67089106860914
1	150.73133027096182
1	160.48424950708048
2	167.57735973391215
2	167.82698229355682
2	167.9758172989334
2	167.9998868706548
2	168.01624083825135
2	168.18719579375224
1	180.6681479390066
2	191.3488412830984
2	191.51536391145675
1	200.52083377909523
1	200.7029888574356
1	201.19976937995534
2	215.36547826094423
2	239.25496952887124
1	250.54852044887392
1	250.72774083444472
2	263.25368927463825
2	263.3117825772637
2	287.23502696816905
