1	80.59728022588807
2	108.68864057608268
1	120.53404056127646
2	131.61734391037535
2	131.6583774328145
2	131.73653802938105
2	131.8119820790992
2	131.82101118205475
2	131.86913309525434
2	131.92555733756004
2	131.97415008468244
2	131.9785918446727
2	131.99796683381038
2	132.07447654653754
2	132.15315358850214
2	132.22419374143482
2	132.30989830417806
1	152.10782212374528
1	152.1657544118643
1	152.20096715785402
2	154.70791230404188
2	154.80364325365022
2	154.86982709733127
2	154.98537300594847
2	155.0122391160871
2	155.03641725631246
2	155.14149429657093
1	160.43084798587947
2	177.59088467148666
2	177.6463704185694
1	180.74482831138508
2	200.55848678560795
1	200.75581880339345
1	200.77330317681137
1	201.30938776103014
2	223.43909222764992
2	246.24251616604155
2	246.30680423103018
2	246.37598076250168
1	250.55963717878961
1	250.64574790748136
1	250.76550068239965
2	292.0522788449803
2	292.077823099527
