2	132.5624777203681
2	148.19672327313924
2	235.97032289771403
2	249.8335178942286
2	265.2085484687762
2	279.1878001651231
1	509.3590994776912
1	509.5260103271495
1	511.21582918758895
1	511.23741904150467
1	539.7176319544092
1	539.7950664519431
2	557.7507214809397
2	572.2796166056573
1	669.6445355247234
1	669.7015429317296
2	1113.6336529283544
2	1129.2885701105515
1	1160.4321070149183
1	1160.6462797218014
1	1171.9101196356294
1	1172.0541349846183
1	1389.3372468946418
1	1389.472356053997
1	1429.3953578066523
1	1429.4441029941684
2	1656.7987945244922
2	1669.5250686185052
1	1705.4490014879602
1	1705.7258716662184
1	1721.3513214650438
1	1721.520316537718
1	1834.578027764466
1	1834.659882959655
1	1972.6029394295037
1	1972.7647106113689
2	2331.0603027991633
2	2342.4199287304023
2	2400.8773403743467
2	2418.9795480253983
2	2419.053060354376
2	2430.17314963662
2	2430.1979662404888
2	2448.32425746217
1	2542.765379372878
1	2542.826323313596
1	2543.2178359247405
1	2543.4490756860105
1	2551.28634223048
1	2551.475389659709
1	2931.676757065475
1	2931.7543388008094
1	2944.3799105792286
1	2944.5312330819256
1	3023.52342634645
1	3023.6376009399046
1	3053.8474783347197
1	3053.973131517251
1	3161.652590824402
1	3161.9113798305602
1	3189.430502558553
1	3189.76556376904
2	3190.7823650695254
2	3210.4526699726684
1	3339.8182139802198
1	3339.9221566189385
2	3474.295116867327
2	3483.4540411770085
1	3514.7679430270446
1	3514.9908068695704
2	3541.9527995521416
2	3562.1467580641397
1	3641.968487761146
1	3642.0637123386846
1	3786.5802421283156
1	3786.729761619573
2	3796.680387518978
2	3805.1634440955
2	3834.4791915944206
2	3855.3486746739095
2	4031.2388149154285
2	4039.2616282089352
1	4240.56056799356
1	4240.6879680805505
1	4340.640554402173
1	4340.788812104424
1	4398.389691316834
1	4398.669849003338
2	4448.862725294332
2	4470.8449534830615
2	4478.11969077725
2	4500.194656173227
1	4636.839190925794
1	4636.892961490563
1	4656.577109138164
1	4656.750724793827
1	4764.693656537877
1	4764.813649859852
1	4780.522187449923
1	4780.616978030131
