1000
10
20
30
40
50
60
70
80
90
100
110
120
130
140
150
160
170
180
190
200
210
220
230
240
250
260
270
280
290
300
310
320
330
340
350
360
370
380
390
400
410
420
430
440
450
460
470
480
490
500
510
520
530
540
550
560
570
580
590
600
610
620
630
640
650
660
670
680
690
700
710
720
730
740
750
760
770
780
790
800
810
820
830
840
850
860
870
880
890
900
910
920
930
940
950
960
970
980
990
1000
1010
1020
1030
1040
1050
1060
1070
1080
1090
1100
1110
1120
1130
1140
1150
1160
1170
1180
1190
1200
1210
1220
1230
1240
1250
1260
1270
1280
1290
1300
1310
1320
1330
1340
1350
1360
1370
1380
1390
1400
1410
1420
1430
1440
1450
1460
1470
1480
1490
1500
1510
1520
1530
1540
1550
1560
1570
1580
1590
1600
1610
1620
1630
1640
1650
1660
1670
1680
1690
1700
1710
1720
1730
1740
1750
1760
1770
1780
1790
1800
1810
1820
1830
1840
1850
1860
1870
1880
1890
1900
1910
1920
1930
1940
1950
1960
1970
1980
1990
2000
2010
2020
2030
2040
2050
2060
2070
2080
2090
2100
2110
2120
2130
2140
2150
2160
2170
2180
2190
2200
2210
2220
2230
2240
2250
2260
2270
2280
2290
2300
2310
2320
2330
2340
2350
2360
2370
2380
2390
2400
2410
2420
2430
2440
2450
2460
2470
2480
2490
2500
2510
2520
2530
2540
2550
2560
2570
2580
2590
2600
2610
2620
2630
2640
2650
2660
2670
2680
2690
2700
2710
2720
2730
2740
2750
2760
2770
2780
2790
2800
2810
2820
2830
2840
2850
2860
2870
2880
2890
2900
2910
2920
2930
2940
2950
2960
2970
2980
2990
3000
3010
3020
3030
3040
3050
3060
3070
3080
3090
3100
3110
3120
3130
3140
3150
3160
3170
3180
3190
3200
3210
3220
3230
3240
3250
3260
3270
3280
3290
3300
3310
3320
3330
3340
3350
3360
3370
3380
3390
3400
3410
3420
3430
3440
3450
3460
3470
3480
3490
3500
3510
3520
3530
3540
3550
3560
3570
3580
3590
3600
3610
3620
3630
3640
3650
3660
3670
3680
3690
3700
3710
3720
3730
3740
3750
3760
3770
3780
3790
3800
3810
3820
3830
3840
3850
3860
3870
3880
3890
3900
3910
3920
3930
3940
3950
3960
3970
3980
3990
4000
4010
4020
4030
4040
4050
4060
4070
4080
4090
4100
4110
4120
4130
4140
4150
4160
4170
4180
4190
4200
4210
4220
4230
4240
4250
4260
4270
4280
4290
4300
4310
4320
4330
4340
4350
4360
4370
4380
4390
4400
4410
4420
4430
4440
4450
4460
4470
4480
4490
4500
4510
4520
4530
4540
4550
4560
4570
4580
4590
4600
4610
4620
4630
4640
4650
4660
4670
4680
4690
4700
4710
4720
4730
4740
4750
4760
4770
4780
4790
4800
4810
4820
4830
4840
4850
4860
4870
4880
4890
4900
4910
4920
4930
4940
4950
4960
4970
4980
4990
5000
5010
5020
5030
5040
5050
5060
5070
5080
5090
5100
5110
5120
5130
5140
5150
5160
5170
5180
5190
5200
5210
5220
5230
5240
5250
5260
5270
5280
5290
5300
5310
5320
5330
5340
5350
5360
5370
5380
5390
5400
5410
5420
5430
5440
5450
5460
5470
5480
5490
5500
5510
5520
5530
5540
5550
5560
5570
5580
5590
5600
5610
5620
5630
5640
5650
5660
5670
5680
5690
5700
5710
5720
5730
5740
5750
5760
5770
5780
5790
5800
5810
5820
5830
5840
5850
5860
5870
5880
5890
5900
5910
5920
5930
5940
5950
5960
5970
5980
5990
6000
6010
6020
6030
6040
6050
6060
6070
6080
6090
6100
6110
6120
6130
6140
6150
6160
6170
6180
6190
6200
6210
6220
6230
6240
6250
6260
6270
6280
6290
6300
6310
6320
6330
6340
6350
6360
6370
6380
6390
6400
6410
6420
6430
6440
6450
6460
6470
6480
6490
6500
6510
6520
6530
6540
6550
6560
6570
6580
6590
6600
6610
6620
6630
6640
6650
6660
6670
6680
6690
6700
6710
6720
6730
6740
6750
6760
6770
6780
6790
6800
6810
6820
6830
6840
6850
6860
6870
6880
6890
6900
6910
6920
6930
6940
6950
6960
6970
6980
6990
7000
7010
7020
7030
7040
7050
7060
7070
7080
7090
7100
7110
7120
7130
7140
7150
7160
7170
7180
7190
7200
7210
7220
7230
7240
7250
7260
7270
7280
7290
7300
7310
7320
7330
7340
7350
7360
7370
7380
7390
7400
7410
7420
7430
7440
7450
7460
7470
7480
7490
7500
7510
7520
7530
7540
7550
7560
7570
7580
7590
7600
7610
7620
7630
7640
7650
7660
7670
7680
7690
7700
7710
7720
7730
7740
7750
7760
7770
7780
7790
7800
7810
7820
7830
7840
7850
7860
7870
7880
7890
7900
7910
7920
7930
7940
7950
7960
7970
7980
7990
8000
8010
8020
8030
8040
8050
8060
8070
8080
8090
8100
8110
8120
8130
8140
8150
8160
8170
8180
8190
8200
8210
8220
8230
8240
8250
8260
8270
8280
8290
8300
8310
8320
8330
8340
8350
8360
8370
8380
8390
8400
8410
8420
8430
8440
8450
8460
8470
8480
8490
8500
8510
8520
8530
8540
8550
8560
8570
8580
8590
8600
8610
8620
8630
8640
8650
8660
8670
8680
8690
8700
8710
8720
8730
8740
8750
8760
8770
8780
8790
8800
8810
8820
8830
8840
8850
8860
8870
8880
8890
8900
8910
8920
8930
8940
8950
8960
8970
8980
8990
9000
9010
9020
9030
9040
9050
9060
9070
9080
9090
9100
9110
9120
9130
9140
9150
9160
9170
9180
9190
9200
9210
9220
9230
9240
9250
9260
9270
9280
9290
9300
9310
9320
9330
9340
9350
9360
9370
9380
9390
9400
9410
9420
9430
9440
9450
9460
9470
9480
9490
9500
9510
9520
9530
9540
9550
9560
9570
9580
9590
9600
9610
9620
9630
9640
9650
9660
9670
9680
9690
9700
9710
9720
9730
9740
9750
9760
9770
9780
9790
9800
9810
9820
9830
9840
9850
9860
9870
9880
9890
9900
9910
9920
9930
9940
9950
9960
9970
9980
9990
10000
2	1	3	1	4	1	5	1	8	3	9	3	10	3	18	3	19	3	20	3	21	3	22	3	23	3	29	3	30	3	35	3	36	3	40	3	44	3	47	3	51	3	59	3	60	3	62	3	64	3	68	3	73	3	74	3	76	3	77	3	78	3	80	3	82	3	83	3	84	3	85	3	91	3	95	3	98	3	102	3	103	3	109	3	110	3	112	3	113	3	116	3	117	3	118	3	119	3	129	3	131	3	132	3	135	3	139	3	141	3	143	3	145	3	148	3	150	3	152	3	156	3	158	3	161	3	162	3	163	3	170	3	174	3	181	3	192	3	198	3	201	3	268	3	337	3	353	3	357	3	384	3	418	3	422	3	434	3	454	3	468	3	515	3	549	3	556	3	559	3	672	3	675	3	692	3	698	3	699	3	713	3	741	3	762	3	846	3	856	3	888	3	915	3	968	3	980	3	990	3	
1	1	3	1	4	1	5	1	12	3	14	3	24	3	33	3	42	3	48	3	52	3	66	3	67	3	80	3	81	3	82	3	93	3	109	3	115	3	123	3	126	3	127	3	130	3	133	3	140	3	142	3	147	3	159	3	170	3	171	3	172	3	183	3	197	3	211	3	269	3	299	3	303	3	306	3	334	3	458	3	585	3	653	3	845	3	851	3	855	3	859	3	958	3	961	3	999	3	
1	1	2	1	4	1	5	1	10	3	31	3	41	3	46	3	49	3	60	3	63	3	65	3	69	3	72	3	79	3	82	3	88	3	89	3	94	3	96	3	97	3	100	3	104	3	106	3	108	3	111	3	115	3	119	3	128	3	137	3	138	3	144	3	149	3	154	3	161	3	164	3	182	3	185	3	188	3	205	3	213	3	223	3	227	3	274	3	317	3	450	3	464	3	466	3	518	3	560	3	620	3	694	3	706	3	711	3	722	3	725	3	924	3	931	3	981	3	1000	3	
1	1	2	1	3	1	5	1	6	3	7	3	8	3	11	3	13	3	15	3	16	3	17	3	25	3	26	3	27	3	28	3	31	3	34	3	37	3	38	3	41	3	42	3	43	3	48	3	50	3	53	3	55	3	56	3	61	3	70	3	71	3	75	3	76	3	77	3	84	3	87	3	90	3	92	3	101	3	105	3	107	3	111	3	114	3	118	3	121	3	122	3	124	3	125	3	134	3	136	3	149	3	150	3	151	3	153	3	155	3	157	3	159	3	173	3	179	3	183	3	197	3	219	3	222	3	231	3	282	3	324	3	326	3	338	3	361	3	415	3	426	3	435	3	467	3	473	3	511	3	527	3	539	3	550	3	561	3	623	3	628	3	650	3	693	3	695	3	733	3	789	3	792	3	806	3	853	3	934	3	935	3	943	3	962	3	991	3	
1	1	2	1	3	1	4	1	14	3	25	3	32	3	39	3	45	3	54	3	57	3	58	3	67	3	70	3	86	3	99	3	120	3	146	3	155	3	160	3	176	3	190	3	242	3	265	3	283	3	290	3	376	3	426	3	437	3	540	3	543	3	559	3	579	3	600	3	630	3	787	3	
4	0	155	1	8	1	12	1	27	1	42	1	62	1	7	3	9	3	13	3	17	3	20	3	33	3	51	3	53	3	98	3	167	3	228	3	271	3	277	3	281	3	291	3	333	3	358	3	362	3	436	3	473	3	478	3	584	3	690	3	796	3	852	3	863	3	911	3	912	3	923	3	941	3	
4	0	6	0	155	1	8	1	9	1	11	1	14	1	49	1	65	1	73	1	77	1	148	1	15	3	20	3	31	3	61	3	64	3	112	3	202	3	314	3	335	3	440	3	482	3	483	3	510	3	571	3	587	3	606	3	609	3	643	3	702	3	744	3	765	3	780	3	832	3	835	3	972	3	
4	0	1	0	6	1	7	1	10	1	13	1	17	1	18	1	20	1	28	1	30	1	37	1	43	1	48	1	49	1	57	1	66	1	76	1	85	1	89	1	98	1	99	1	113	1	118	1	121	1	124	1	134	1	136	1	143	1	144	1	273	3	528	3	602	3	637	3	718	3	761	3	952	3	
1	0	6	0	7	1	15	1	83	1	87	1	116	3	447	3	
3	0	1	0	8	1	17	1	21	1	105	1	127	1	135	1	12	3	54	3	56	3	68	3	89	3	98	3	141	3	179	3	192	3	193	3	226	3	246	3	257	3	285	3	315	3	409	3	461	3	525	3	616	3	638	3	655	3	670	3	797	3	803	3	873	3	895	3	938	3	
4	0	7	1	23	1	24	1	26	1	29	1	30	1	35	1	37	1	71	1	72	1	112	1	142	1	152	1	130	3	580	3	904	3	
2	0	10	0	6	1	131	1	24	3	44	3	58	3	95	3	157	3	172	3	199	3	260	3	263	3	310	3	330	3	339	3	348	3	365	3	449	3	566	3	568	3	605	3	613	3	641	3	868	3	879	3	882	3	960	3	995	3	
4	0	6	0	8	1	40	1	44	1	51	1	92	1	93	1	149	1	18	3	25	3	28	3	52	3	160	3	238	3	244	3	282	3	293	3	412	3	444	3	457	3	463	3	565	3	640	3	710	3	757	3	820	3	861	3	878	3	920	3	926	3	959	3	
2	0	5	0	7	1	83	3	129	3	208	3	240	3	242	3	408	3	586	3	596	3	756	3	779	3	788	3	830	3	992	3	
4	0	7	0	9	1	19	1	33	1	58	1	68	1	77	1	90	1	100	1	104	1	154	3	172	3	368	3	452	3	592	3	600	3	644	3	661	3	836	3	910	3	948	3	970	3	
4	0	155	1	22	1	41	1	47	1	150	1	154	1	17	3	24	3	30	3	38	3	233	3	289	3	397	3	558	3	599	3	615	3	804	3	
4	0	6	0	16	0	10	1	8	1	108	3	297	3	301	3	685	3	871	3	
1	0	13	0	8	1	29	1	54	1	55	1	166	3	225	3	359	3	472	3	604	3	
1	0	15	1	21	1	64	1	
1	0	6	0	7	0	8	1	42	1	46	1	60	1	130	1	21	3	29	3	74	3	103	3	113	3	300	3	316	3	497	3	526	3	827	3	
1	0	20	0	19	1	10	1	25	1	53	1	146	1	936	3	
1	0	16	1	47	3	84	3	89	3	284	3	380	3	382	3	533	3	621	3	636	3	687	3	696	3	723	3	767	3	785	3	844	3	
1	0	11	1	142	1	517	3	937	3	
2	0	12	0	16	0	11	1	34	1	57	1	69	1	126	1	182	3	476	3	544	3	646	3	747	3	
4	0	5	0	13	0	21	1	30	3	36	3	71	3	74	3	118	3	165	3	212	3	217	3	253	3	322	3	381	3	547	3	772	3	893	3	986	3	
4	0	11	1	108	1	90	3	487	3	492	3	984	3	
4	0	6	1	28	1	50	1	82	1	102	1	114	1	133	1	66	3	204	3	777	3	884	3	939	3	
4	0	13	0	8	1	27	1	31	1	32	1	52	1	53	1	56	1	70	1	95	1	111	1	125	1	137	1	141	1	155	1	94	3	234	3	333	3	406	3	455	3	522	3	659	3	
1	0	20	0	18	1	11	1	75	1	117	1	126	3	216	3	275	3	504	3	511	3	783	3	942	3	
1	0	25	0	16	0	8	1	11	1	45	1	74	1	120	1	601	3	669	3	728	3	869	3	906	3	979	3	
4	0	3	0	7	0	28	1	52	3	61	3	122	3	156	3	168	3	356	3	420	3	443	3	470	3	475	3	484	3	521	3	572	3	575	3	730	3	815	3	840	3	977	3	
5	0	28	1	775	3	
2	0	6	0	15	1	36	1	43	1	64	1	132	1	735	3	
4	0	24	1	91	1	496	3	759	3	823	3	957	3	
1	0	11	1	129	1	47	3	311	3	577	3	618	3	771	3	809	3	829	3	
1	0	25	0	33	1	38	1	107	1	184	3	205	3	267	3	364	3	375	3	401	3	456	3	639	3	738	3	750	3	766	3	774	3	778	3	810	3	
4	0	8	1	11	1	44	1	119	1	133	1	
4	0	16	0	36	1	39	1	79	1	140	1	100	3	191	3	195	3	264	3	308	3	331	3	589	3	590	3	745	3	843	3	955	3	969	3	974	3	
5	0	38	1	603	3	682	3	
1	0	13	1	451	3	641	3	743	3	927	3	963	3	
3	0	4	0	16	1	160	3	241	3	719	3	857	3	
4	0	2	0	6	1	20	1	305	3	389	3	
4	0	33	1	8	1	287	3	344	3	392	3	413	3	629	3	
1	0	12	0	13	1	37	1	80	1	81	1	86	1	173	3	262	3	325	3	354	3	456	3	760	3	808	3	842	3	860	3	866	3	
5	0	30	1	101	1	174	3	181	3	259	3	312	3	350	3	414	3	570	3	582	3	652	3	749	3	890	3	945	3	
3	0	20	1	59	1	
1	0	22	0	35	0	16	1	249	3	349	3	367	3	388	3	949	3	
2	0	4	0	8	1	65	3	130	3	221	3	328	3	343	3	411	3	460	3	503	3	505	3	546	3	689	3	727	3	753	3	883	3	966	3	
3	0	7	1	8	1	
4	0	27	1	60	1	94	1	96	1	103	1	122	1	145	1	90	3	127	3	165	3	178	3	210	3	214	3	252	3	351	3	379	3	438	3	442	3	563	3	673	3	742	3	768	3	864	3	932	3	978	3	
1	0	6	0	13	1	78	1	
2	0	31	0	13	0	28	1	85	3	180	3	
4	0	6	0	28	1	21	1	163	3	227	3	395	3	501	3	506	3	642	3	800	3	813	3	835	3	877	3	909	3	944	3	967	3	
5	0	10	0	18	1	146	1	686	3	925	3	
4	0	18	1	153	1	320	3	
4	0	10	0	28	1	57	3	68	3	166	3	189	3	194	3	377	3	404	3	459	3	524	3	534	3	740	3	872	3	
5	0	56	0	8	1	24	1	545	3	782	3	839	3	849	3	867	3	896	3	
5	0	12	0	15	1	
1	0	46	1	71	1	110	1	147	1	187	3	624	3	795	3	971	3	
3	0	1	0	20	1	50	1	61	1	230	3	369	3	474	3	597	3	
4	0	7	0	31	0	60	1	363	3	374	3	489	3	814	3	
1	0	6	1	88	1	92	1	101	1	116	1	122	1	
3	0	155	1	128	1	141	1	
1	0	7	0	33	1	19	1	186	3	514	3	520	3	
3	0	48	0	7	1	67	1	171	3	626	3	679	3	937	3	956	3	
2	0	27	0	8	1	123	3	294	3	734	3	751	3	
5	0	2	0	65	1	84	1	139	1	158	3	258	3	276	3	288	3	394	3	403	3	405	3	720	3	985	3	988	3	
1	0	10	0	56	0	15	1	116	3	286	3	298	3	396	3	430	3	562	3	578	3	716	3	
3	0	24	1	425	3	632	3	680	3	737	3	889	3	953	3	
5	0	4	0	28	1	148	1	91	3	114	3	117	3	178	3	187	3	220	3	402	3	495	3	595	3	726	3	908	3	982	3	994	3	
4	0	25	0	59	1	11	1	109	1	115	1	76	3	104	3	134	3	146	3	200	3	207	3	218	3	229	3	278	3	302	3	666	3	758	3	781	3	812	3	869	3	892	3	
3	0	11	1	519	3	569	3	786	3	875	3	928	3	
1	0	7	1	307	3	656	3	998	3	
1	0	25	0	20	0	30	1	234	3	677	3	
4	0	29	1	384	3	645	3	769	3	865	3	
1	0	4	0	71	0	8	1	204	3	318	3	536	3	919	3	
4	0	1	0	15	1	7	1	352	3	807	3	
1	0	51	1	
3	0	38	1	
2	0	1	0	44	1	239	3	243	3	678	3	697	3	907	3	
2	0	44	1	97	1	301	3	651	3	676	3	773	3	
2	0	1	0	3	0	27	1	115	3	177	3	209	3	296	3	371	3	431	3	583	3	658	3	672	3	722	3	816	3	913	3	929	3	
1	0	14	0	9	1	95	3	164	3	168	3	175	3	236	3	342	3	378	3	635	3	
1	0	4	0	22	0	67	1	186	3	302	3	327	3	332	3	480	3	486	3	887	3	
1	0	52	0	8	1	
5	0	44	1	776	3	
4	0	9	1	118	1	280	3	432	3	529	3	553	3	608	3	701	3	817	3	833	3	899	3	930	3	947	3	950	3	
3	0	62	1	
3	0	22	0	10	0	8	1	
4	0	50	0	26	0	15	1	129	3	236	3	512	3	555	3	688	3	732	3	976	3	
1	0	70	0	34	1	491	3	588	3	674	3	
4	0	13	1	62	1	126	3	885	3	975	3	
2	0	13	1	180	3	201	3	516	3	
3	0	28	0	50	1	103	3	304	3	346	3	498	3	500	3	662	3	748	3	822	3	
1	0	12	0	83	0	28	1	112	3	138	3	157	3	175	3	345	3	373	3	391	3	399	3	436	3	660	3	
3	0	50	1	386	3	
3	0	81	1	138	1	
1	0	6	0	10	0	8	1	444	3	850	3	
5	0	8	1	
3	0	38	0	15	1	101	3	137	3	542	3	598	3	764	3	768	3	
4	0	100	0	45	1	62	1	528	3	876	3	
1	0	27	1	462	3	
1	0	94	0	20	0	50	1	162	3	387	3	479	3	790	3	825	3	
3	0	71	0	15	1	106	1	254	3	355	3	390	3	560	3	567	3	704	3	802	3	897	3	921	3	
4	0	10	1	
3	0	104	1	107	3	279	3	
4	0	106	0	36	1	163	3	203	3	256	3	266	3	416	3	465	3	537	3	610	3	638	3	791	3	821	3	831	3	903	3	
3	0	17	0	26	1	131	3	611	3	622	3	717	3	
1	0	2	0	71	1	649	3	
1	0	59	1	
3	0	4	0	28	1	142	3	176	3	419	3	433	3	548	3	798	3	
1	0	95	0	7	0	11	1	122	3	215	3	248	3	533	3	828	3	880	3	891	3	
1	0	20	0	8	1	136	3	162	3	171	3	232	3	400	3	445	3	493	3	576	3	611	3	681	3	752	3	799	3	
4	0	70	0	27	1	123	1	336	3	763	3	894	3	910	3	982	3	997	3	
3	0	2	0	82	0	71	1	338	3	398	3	446	3	481	3	667	3	715	3	
1	0	9	0	68	0	62	1	117	3	245	3	340	3	372	3	439	3	477	3	581	3	680	3	700	3	721	3	862	3	
1	0	116	0	70	0	29	1	167	3	195	3	407	3	494	3	508	3	509	3	573	3	709	3	946	3	964	3	
1	0	4	0	25	0	8	1	87	1	151	1	166	1	138	3	153	3	190	3	235	3	366	3	421	3	429	3	453	3	490	3	509	3	591	3	634	3	654	3	708	3	832	3	874	3	970	3	993	3	
3	0	1	0	155	1	37	1	152	3	156	3	385	3	551	3	724	3	743	3	870	3	914	3	996	3	
5	0	30	1	341	3	691	3	694	3	905	3	
4	0	8	1	134	3	140	3	169	3	250	3	292	3	983	3	
4	0	112	0	31	0	62	1	50	1	393	3	
2	0	66	0	114	1	200	3	793	3	
4	0	8	1	
4	0	28	1	
2	0	92	0	29	0	24	1	184	3	309	3	370	3	523	3	631	3	755	3	824	3	834	3	916	3	
2	0	50	0	10	1	154	3	431	3	858	3	933	3	
3	0	63	1	
1	0	90	0	14	0	35	1	448	3	
2	0	11	0	48	0	20	1	191	3	199	3	247	3	531	3	612	3	627	3	705	3	819	3	838	3	918	3	
1	0	108	0	12	1	261	3	
1	0	33	1	319	3	811	3	
2	0	37	1	27	1	169	3	257	3	
4	0	121	0	71	0	8	1	191	3	272	3	329	3	424	3	574	3	770	3	794	3	886	3	
1	0	10	1	469	3	
4	0	113	0	8	1	196	3	462	3	485	3	530	3	535	3	552	3	554	3	695	3	736	3	973	3	989	3	
3	0	100	0	28	1	347	3	423	3	593	3	607	3	657	3	898	3	900	3	917	3	
3	0	118	0	95	0	97	1	185	3	188	3	252	3	295	3	502	3	513	3	707	3	729	3	794	3	837	3	
1	0	67	1	541	3	564	3	664	3	671	3	
2	0	121	0	38	1	177	3	251	3	383	3	731	3	746	3	784	3	841	3	848	3	908	3	
1	0	10	0	28	1	63	1	196	3	224	3	255	3	441	3	617	3	663	3	684	3	881	3	901	3	902	3	
2	0	111	0	23	1	11	1	323	3	360	3	532	3	557	3	647	3	668	3	712	3	754	3	818	3	854	3	951	3	
1	0	8	1	194	3	498	3	625	3	703	3	739	3	965	3	
3	0	8	1	184	3	488	3	507	3	594	3	633	3	
1	0	50	1	
5	0	71	0	54	1	21	1	189	3	471	3	499	3	714	3	
2	0	59	1	223	3	410	3	801	3	805	3	922	3	
1	0	7	1	70	1	206	3	
4	0	3	0	13	1	847	3	
4	0	1	0	16	1	203	3	330	3	427	3	619	3	665	3	
4	0	118	1	193	3	417	3	428	3	648	3	683	3	940	3	987	3	
1	0	119	0	11	1	198	3	
4	0	118	0	55	1	202	3	237	3	321	3	614	3	882	3	954	3	
3	0	15	0	127	0	16	1	270	3	313	3	826	3	
5	0	4	0	6	1	7	1	16	1	63	1	119	1	28	1	538	3	
1	0	119	0	31	0	
4	0	12	0	95	0	
1	0	67	0	
2	0	4	0	
5	0	13	0	41	0	
1	0	3	0	
1	0	113	0	103	0	
1	0	53	0	107	0	
3	0	83	0	
25	0	50	0	
56	0	18	0	169	1	118	1	
117	0	6	0	
31	0	83	0	
133	0	121	0	166	1	
2	0	1	0	
2	0	113	0	65	0	
2	0	15	0	12	0	
4	0	44	0	
1	0	45	0	
83	0	95	0	
5	0	111	0	
140	0	82	0	
70	0	50	0	
4	0	10	0	
93	0	52	0	
1	0	45	0	
3	0	24	0	
2	0	4	0	
144	0	126	0	36	0	
3	0	138	0	
84	0	64	0	
70	0	59	0	
3	0	138	0	
56	0	146	0	
5	0	118	0	
38	0	134	0	130	0	
1	0	10	0	
151	0	10	0	
56	0	143	0	
117	0	38	0	
136	0	141	0	
2	0	4	0	
1	0	152	0	
130	0	12	0	
71	0	123	0	
1	0	93	0	
153	0	7	0	
107	0	150	0	
27	0	76	0	
3	0	36	0	
148	0	
71	0	
14	0	
82	0	
50	0	
2	0	
25	0	
3	0	
50	0	
112	0	
29	0	
25	0	
71	0	
4	0	
70	0	
48	0	
4	0	
3	0	147	0	
141	0	
18	0	
10	0	
3	0	53	0	
6	0	
71	0	
60	0	
4	0	
113	0	
16	0	
74	0	28	0	
118	0	
83	0	90	0	
153	0	
13	0	
80	0	
14	0	
41	0	
5	0	14	0	
80	0	
13	0	
116	0	
10	0	
130	0	
112	0	
47	0	
121	0	
140	0	
50	0	138	0	
25	0	
104	0	
141	0	
107	0	
133	0	10	0	
67	0	
45	0	
12	0	
131	0	
44	0	
12	0	
38	0	
5	0	
107	0	
36	0	
1	0	
2	0	
154	0	
6	0	
134	0	
8	0	
3	0	
29	0	
67	0	
6	0	
71	0	
106	0	
87	0	
6	0	
4	0	13	0	
5	0	
22	0	
10	0	
68	0	
43	0	
67	0	
16	0	
5	0	
6	0	
121	0	
13	0	
66	0	
138	0	
82	0	
17	0	
68	0	
2	0	
20	0	
17	0	81	0	
84	0	71	0	
2	0	
94	0	
42	0	
2	0	
73	0	
38	0	
126	0	
12	0	
35	0	
45	0	
154	0	
7	0	
10	0	
20	0	
3	0	
76	0	
132	0	
55	0	
153	0	
25	0	
142	0	
4	0	
44	0	
4	0	
84	0	
48	0	
134	0	
150	0	12	0	
38	0	
84	0	
6	0	28	0	
2	0	
7	0	
114	0	
1	0	
4	0	115	0	
12	0	
116	0	
120	0	
83	0	
48	0	
43	0	
95	0	
94	0	
137	0	
12	0	
47	0	
45	0	
50	0	
77	0	
1	0	
44	0	
104	0	
31	0	
1	0	
6	0	
18	0	
142	0	
4	0	
6	0	
61	0	
36	0	
12	0	
118	0	
47	0	
15	0	
60	0	
126	0	
82	0	
116	0	
95	0	
61	0	
36	0	
5	0	
56	0	
83	0	
50	0	
22	0	
25	0	
22	0	
140	0	
1	0	75	0	
119	0	
96	0	
103	0	
47	0	
42	0	
104	0	
95	0	
43	0	
122	0	
67	0	
53	0	
68	0	
16	0	
115	0	
95	0	
113	0	
36	0	
70	0	
67	0	
56	0	
67	0	
28	0	
117	0	
14	0	
10	0	
147	0	
48	0	
13	0	
43	0	
45	0	
4	0	
107	0	
151	0	
1	0	
111	0	
31	0	
118	0	
1	0	
137	0	
134	0	
69	0	
4	0	5	0	
150	0	
151	0	
118	0	
68	0	
127	0	82	0	
87	0	
111	0	
1	0	
4	0	
95	0	6	0	
5	0	
50	0	
116	0	
7	0	
141	0	
50	0	
31	0	
98	0	13	0	
113	0	
115	0	
9	0	
129	0	
12	0	
3	0	
40	0	
15	0	
118	0	
1	0	
28	0	
44	0	36	0	
13	0	
2	0	
56	0	
48	0	
10	0	
136	0	102	0	
13	0	
3	0	
107	0	
3	0	
4	0	
1	0	
135	0	
31	0	
146	0	
18	0	
4	0	6	0	
60	0	
31	0	
24	0	
116	0	
6	0	
103	0	
84	0	
115	0	
7	0	
7	0	
31	0	
136	0	
84	0	
26	0	
144	0	
61	0	
118	0	
91	0	
26	0	
113	0	
117	0	
70	0	
34	0	
20	0	
143	0	94	0	
146	0	
94	0	
53	0	
138	0	
48	0	
29	0	
48	0	
53	0	
144	0	
117	0	
118	0	117	0	
7	0	
4	0	29	0	
90	0	
138	0	
64	0	
1	0	
93	0	
23	0	
3	0	
72	0	
64	0	
31	0	
28	0	
126	0	
56	0	
10	0	
20	0	
4	0	
101	0	8	0	
87	0	
136	0	
130	0	
142	0	
22	0	112	0	
56	0	
136	0	
76	0	
107	0	
155	0	
4	0	
5	0	
139	0	
100	0	
5	0	
24	0	
57	0	
48	0	
25	0	
111	0	
1	0	
4	0	
119	0	
136	0	
87	0	
136	0	
90	0	
1	0	
142	0	
16	0	
5	0	1	0	
3	0	104	0	
4	0	
68	0	
50	0	
139	0	
13	0	
12	0	
104	0	
12	0	
72	0	
45	0	
7	0	
31	0	
117	0	
134	0	
31	0	
113	0	
35	0	
68	0	
5	0	
11	0	
116	0	
45	0	
82	0	
6	0	
2	0	
14	0	
7	0	
91	0	
38	0	
38	0	
118	0	
15	0	
137	0	
144	0	
70	0	
14	0	
60	0	
100	0	
16	0	
5	0	15	0	
30	0	
8	0	
39	0	
18	0	
12	0	
7	0	
137	0	
87	0	
7	0	
107	0	
113	0	108	0	
130	0	
12	0	
153	0	
16	0	
10	0	
141	0	
35	0	
150	0	
3	0	
22	0	
108	0	
4	0	
59	0	
143	0	
65	0	
130	0	
4	0	
43	0	
5	0	
126	0	
69	0	
144	0	
118	0	
83	0	
22	0	
8	0	
10	0	107	0	
36	0	
13	0	
40	0	12	0	
53	0	
7	0	
15	0	
75	0	
24	0	
142	0	
151	0	
109	0	
4	0	
81	0	
45	0	
2	0	
118	0	
10	0	
73	0	
137	0	
82	0	
28	0	
95	0	
15	0	
94	0	
141	0	
139	0	
150	0	
71	0	
115	0	
142	0	
30	0	
10	0	
139	0	
1	0	82	0	
50	0	
91	0	
1	0	
81	0	
74	0	
80	0	
65	0	
116	0	69	0	
113	0	
39	0	
151	0	
141	0	
17	0	
54	0	
22	0	
90	0	
48	0	
6	0	
120	0	
1	0	
4	0	
3	0	120	0	
4	0	136	0	
22	0	
80	0	
1	0	
1	0	
116	0	
87	0	
7	0	
143	0	
104	0	
130	0	
3	0	
138	0	
118	0	
117	0	
13	0	
3	0	
142	0	
1	0	
146	0	
115	0	
68	0	
108	0	
8	0	
41	0	
67	0	
116	0	
3	0	82	0	
22	0	
119	0	
3	0	
70	0	
48	0	
30	0	
138	0	
31	0	
140	0	
90	0	
4	0	
66	0	
33	0	
136	0	
69	0	
36	0	
143	0	
56	0	
1	0	
50	0	
119	0	40	0	
7	0	
38	0	
140	0	
24	0	
94	0	
45	0	
36	0	
66	0	
113	0	
48	0	
142	0	
126	0	
14	0	
13	0	
71	0	
34	0	
44	0	
8	0	
1	0	
114	0	
100	0	
7	0	
36	0	
22	0	
100	0	50	0	
75	0	
134	0	
35	0	
25	0	
81	0	
36	0	
32	0	
86	0	
27	0	
36	0	
14	0	
7	0	
71	0	
57	0	
29	0	
140	0	
22	0	
72	0	
5	0	
14	0	
4	0	
103	0	
107	0	
4	0	
123	0	
134	0	138	0	
59	0	
6	0	
10	0	
111	0	
113	0	
53	0	
147	0	
104	0	
10	0	
16	0	
147	0	
4	0	
77	0	
44	0	
35	0	
36	0	
132	0	
71	0	
53	0	
61	0	
31	0	
82	0	
87	0	
142	0	
130	0	
13	0	
107	0	
94	0	
34	0	
126	0	
103	0	
154	0	
20	0	
112	0	
35	0	
14	0	
107	0	
118	0	7	0	
87	0	
126	0	
7	0	53	0	
15	0	
138	0	
130	0	
57	0	
31	0	
140	0	
44	0	
38	0	
22	0	
2	0	
1	0	
149	0	
140	0	
57	0	
98	0	
2	0	
6	0	
4	0	
142	0	
2	0	
1	0	
41	0	
127	0	
2	0	
44	0	
13	0	
116	0	
6	0	
50	0	
75	0	
44	0	
57	0	
12	0	
30	0	71	0	
119	0	
17	0	
56	0	
10	0	
118	0	
72	0	
101	0	
53	0	
13	0	
12	0	
112	0	
141	0	
12	0	153	0	
48	0	
27	0	
92	0	
134	0	
84	0	
1	0	
69	0	
45	0	
112	0	
71	0	
25	0	
114	0	
10	0	
57	0	
104	0	
137	0	
87	0	
137	0	
141	0	
141	0	
107	0	
11	0	
120	0	
30	0	
80	0	
70	0	140	0	
53	0	
114	0	15	0	
6	0	
6	0	
82	0	
119	0	
1	0	
126	0	
137	0	
130	0	
76	0	
13	0	
104	0	
147	0	
6	0	
3	0	
54	0	
13	0	
40	0	
72	0	
82	0	
87	0	
3	0	
50	0	
127	0	
4	0	
4	0	
21	0	
23	0	65	0	
10	0	
27	0	
151	0	
6	0	
29	0	
4	0	
53	0	
45	0	
117	0	
87	0	
15	0	
47	0	
87	0	
142	0	
8	0	
69	0	
153	0	
38	0	
65	0	
34	0	
2	0	
13	0	
12	0	
2	0	
4	0	
40	0	
117	0	
143	0	
48	0	
53	0	
1	0	
38	0	
118	0	15	0	
59	0	
7	0	
136	0	
38	0	
92	0	
90	0	
31	0	
50	0	
30	0	
1	0	
3	0	
114	0	70	0	
121	0	
26	0	
67	0	
25	0	
151	0	
67	0	
136	0	
1	0	
4	0	
14	0	
118	0	
70	0	
12	0	
119	0	
114	0	
73	0	
2	0	
3	0	
